-100.0000 -100.0000
446.2532 0.0000
375.0143 0.0000
555.5287 0.0000
771.4523 0.0000
575.8849 0.0000
584.1213 0.0000
1454.6272 0.0000
1789.6668 0.0000
1755.6012 0.0000
1971.9382 0.0000
1794.9186 0.0000
1922.8405 0.0000
2265.9380 0.0000
2686.4497 0.0000
2699.2087 0.0000
3159.4002 0.0000
2529.3199 0.0000
2949.8402 0.0000
2313.7765 0.0000
2651.0362 0.0000
3305.6166 0.0000
3528.7119 0.0000
3565.6641 0.0000
3304.8295 0.0000
3665.8678 0.0000
4049.4588 0.0000
4547.9115 0.0000
4240.5976 0.0000
4264.0319 0.0000
4501.0556 0.0000
4969.2259 0.0000
5143.6093 0.0000
5087.5722 0.0000
5270.0705 0.0000
5054.2681 0.0000
5225.2168 0.0000
5454.1272 0.0000
5458.9848 0.0000
6039.1745 0.0000
6238.0682 0.0000
6152.1964 0.0000
6312.7581 0.0000
6457.6894 0.0000
6691.4047 0.0000
6298.9788 0.0000
7104.6897 0.0000
6954.4879 0.0000
6910.6251 0.0000
6913.6326 0.0000
7548.8864 0.0000
7859.4090 0.0000
7685.6742 0.0000
7535.5773 0.0000
7522.0105 0.0000
8453.4328 0.0000
8470.7780 0.0000
8663.2756 0.0000
8558.5451 0.0000
8573.2320 0.0000
8236.0329 0.0000
8646.0385 0.0000
8678.7354 0.0000
8528.7742 0.0000
8458.0305 0.0000
8551.7920 0.0000
8607.0431 0.0000
8952.8584 0.0000
9403.2001 0.0000
9259.4091 0.0000
9067.0413 0.0000
9085.0642 0.0000
8852.5628 0.0000
9332.3326 0.0000
9157.4817 0.0000
9215.9050 0.0000
9145.0395 0.0000
9517.9725 0.0000
9421.2979 0.0000
9181.2798 0.0000
9237.3788 0.0000
9145.3543 0.0000
9973.7951 0.0000
10299.5431 0.0000
10346.3891 0.0000
10644.8142 0.0000
10409.2337 0.0000
10450.2658 0.0000
10611.7557 0.0000
10751.8096 0.0000
10960.2713 0.0000
10584.5735 0.0000
10637.2161 0.0000
11299.8317 0.0000
11785.1923 0.0000
11548.4440 0.0000
11802.1291 0.0000
12291.2479 0.0000
11731.9546 0.0000
12552.2376 0.0000
12414.8347 0.0000
12740.8662 0.0000
12955.3143 0.0000
12569.4526 0.0000
12573.1577 0.0000
12942.7984 0.0000
13442.5036 0.0000
14064.3922 0.0000
14142.7781 0.0000
13830.4062 0.0000
14381.7426 0.0000
14103.7271 0.0000
14518.2365 0.0000
14159.3279 0.0000
14285.7493 0.0000
14489.8517 0.0000
15100.1795 0.0000
15612.3303 0.0000
15920.2370 0.0000
15593.9889 0.0000
16190.5014 0.0000
16169.7787 0.0000
16424.5588 0.0000
16297.8912 0.0000
16874.1370 0.0000
17184.6163 0.0000
17161.6460 0.0000
17142.4757 0.0000
17360.6293 0.0000
17105.7792 0.0000
17569.1415 0.0000
17432.2140 0.0000
17829.0607 0.0000
17777.7160 0.0000
17656.8048 0.0000
17662.4310 0.0000
17540.7052 0.0000
17590.0128 0.0000
18162.8901 0.0000
17899.8748 0.0000
18401.0551 0.0000
18589.0458 0.0000
18650.3578 0.0000
18139.8744 0.0000
18582.4707 0.0000
18573.3810 0.0000
19328.9431 0.0000
19416.7847 0.0000
19395.2552 0.0000
19218.9395 0.0000
18922.7195 0.0000
19804.1106 0.0000
20203.1204 0.0000
19811.8489 0.0000
19975.4138 0.0000
20323.5636 0.0000
20416.7308 0.0000
20314.4010 0.0000
20411.8226 0.0000
19968.0930 0.0000
20880.1962 0.0000
21066.8204 0.0000
20111.4843 0.0000
21149.9014 0.0000
21359.5099 0.0000
21556.7642 0.0000
21441.2200 0.0000
21763.7444 0.0000
21161.2739 0.0000
21791.9886 0.0000
21657.8386 0.0000
21352.1362 0.0000
21029.5041 0.0000
21339.0394 0.0000
22001.2377 0.0000
22282.8566 0.0000
23022.3176 0.0000
23677.6465 0.0000
23763.9168 0.0000
24153.8751 0.0000
24043.2618 0.0000
24598.0455 0.0000
24362.5690 0.0000
24947.6463 0.0000
24528.6332 0.0000
25089.7227 0.0000
25075.4376 0.0000
24665.4618 0.0000
25203.4274 0.0000
25341.6525 0.0000
25225.5410 0.0000
25178.7354 0.0000
25400.0484 0.0000
25641.2081 0.0000
25333.1372 0.0000
25064.8790 0.0000
25910.0209 0.0000
26092.1014 0.0000
26053.2960 0.0000
26406.8949 0.0000
26319.6821 0.0000
26595.2365 0.0000
26208.9005 0.0000
26485.2304 0.0000
26887.5696 0.0000
27372.0483 0.0000
27793.5197 0.0000
28304.3914 0.0000
28059.8107 0.0000
28694.9674 0.0000
28511.1233 0.0000
28361.5984 0.0000
28559.6746 0.0000
28328.8572 0.0000
28361.1582 0.0000
28696.3204 0.0000
28886.2664 0.0000
28626.2109 0.0000
29429.3216 0.0000
29681.9681 0.0000
29650.6308 0.0000
29071.0949 0.0000
29623.6121 0.0000
29937.4699 0.0000
30231.0039 0.0000
30185.3310 0.0000
30151.8985 0.0000
30448.7123 0.0000
30000.3628 0.0000
30365.9083 0.0000
30275.0189 0.0000
30590.1161 0.0000
30896.2574 0.0000
30680.0371 0.0000
30909.3388 0.0000
31278.0142 0.0000
31884.7033 0.0000
31949.6139 0.0000
31555.5170 0.0000
31440.9756 0.0000
32141.1054 0.0000
31497.8869 0.0000
31748.4878 0.0000
32017.0066 0.0000
32154.8625 0.0000
32282.1642 0.0000
32469.5009 0.0000
33323.4170 0.0000
33065.4850 0.0000
33766.0214 0.0000
33139.1643 0.0000
33969.6654 0.0000
33844.3184 0.0000
34616.1617 0.0000
34588.3994 0.0000
33821.4787 0.0000
34430.2741 0.0000
34303.5033 0.0000
35318.4521 0.0000
34829.7600 0.0000
35299.4894 0.0000
35306.5211 0.0000
34988.0145 0.0000
34847.4710 0.0000
35800.3294 0.0000
35586.0768 0.0000
35624.2091 0.0000
35568.6860 0.0000
36388.0933 0.0000
36253.3580 0.0000
36440.0114 0.0000
36404.1828 0.0000
36357.1981 0.0000
36553.6436 0.0000
36763.3291 0.0000
36596.0371 0.0000
36908.5592 0.0000
37249.6376 0.0000
36698.6636 0.0000
37080.0276 0.0000
37849.0790 0.0000
37363.2459 0.0000
37592.8625 0.0000
37553.3964 0.0000
38054.5594 0.0000
38253.6572 0.0000
38671.7496 0.0000
38634.6640 0.0000
38948.5701 0.0000
38609.3032 0.0000
38455.2872 0.0000
38998.3956 0.0000
38752.0025 0.0000
38230.8064 0.0000
38753.9176 0.0000
38994.4559 0.0000
39156.1829 0.0000
39527.0614 0.0000
39387.9453 0.0000
39312.3604 0.0000
39232.0671 0.0000
40163.6303 0.0000
40451.9469 0.0000
40528.3172 0.0000
40839.0352 0.0000
40634.6851 0.0000
41217.0542 0.0000
41441.7434 0.0000
41686.8199 0.0000
41717.8888 0.0000
42113.1991 0.0000
41205.4699 0.0000
42253.1287 0.0000
42578.9985 0.0000
42743.4487 0.0000
43402.6889 0.0000
43474.9452 0.0000
43619.4001 0.0000
43095.0191 0.0000
43570.5224 0.0000
43245.4989 0.0000
44366.6753 0.0000
44332.4441 0.0000
44303.7329 0.0000
44099.1679 0.0000
44109.9898 0.0000
44732.6507 0.0000
44392.4905 0.0000
44832.1716 0.0000
44921.6938 0.0000
44916.9617 0.0000
45264.4296 0.0000
44965.6482 0.0000
45681.2511 0.0000
45828.5685 0.0000
45739.7178 0.0000
46069.1713 0.0000
45801.5655 0.0000
46356.3652 0.0000
46155.7906 0.0000
46318.6147 0.0000
46548.1230 0.0000
46761.1087 0.0000
47185.3645 0.0000
46919.5160 0.0000
47123.5962 0.0000
46659.0700 0.0000
47367.5990 0.0000
47338.3901 0.0000
47488.9486 0.0000
47360.0901 0.0000
47136.9844 0.0000
47313.9100 0.0000
47841.2788 0.0000
47363.2641 0.0000
47253.2683 0.0000
47943.1801 0.0000
48033.1100 0.0000
48047.7110 0.0000
48033.8993 0.0000
48223.6141 0.0000
48132.5730 0.0000
48564.8557 0.0000
48342.6352 0.0000
48541.3284 0.0000
48961.2699 0.0000
49581.2339 0.0000
49799.8959 0.0000
49467.7937 0.0000
49802.5348 0.0000
49868.8422 0.0000
49774.3605 0.0000
49576.1954 0.0000
49804.8915 0.0000
50306.2439 0.0000
50236.4218 0.0000
50181.5191 0.0000
50137.5798 0.0000
50443.6609 0.0000
50269.5782 0.0000
50883.0487 0.0000
50566.3829 0.0000
51642.1877 0.0000
51114.5728 0.0000
52230.2106 0.0000
52285.0361 0.0000
52518.8822 0.0000
52375.5850 0.0000
52382.3281 0.0000
52437.4319 0.0000
52756.9447 0.0000
52696.4546 0.0000
52409.0150 0.0000
52151.5987 0.0000
52575.3253 0.0000
52689.3688 0.0000
52633.0868 0.0000
52805.2942 0.0000
52534.3701 0.0000
53197.5085 0.0000
53368.9513 0.0000
53564.2521 0.0000
53266.0085 0.0000
53846.4935 0.0000
53643.9574 0.0000
53652.2259 0.0000
53630.2056 0.0000
53418.6494 0.0000
53350.0995 0.0000
54083.8397 0.0000
53678.4242 0.0000
53780.9319 0.0000
54017.8172 0.0000
53755.3003 0.0000
54432.5775 0.0000
54569.0290 0.0000
54337.5723 0.0000
54375.4910 0.0000
54342.6454 0.0000
54223.2439 0.0000
54544.3085 0.0000
53650.1000 0.0000
54605.8595 0.0000
54695.9716 0.0000
54545.3316 0.0000
55308.3297 0.0000
55072.9331 0.0000
55590.7063 0.0000
55616.9291 0.0000
56094.7859 0.0000
55962.3496 0.0000
55981.6391 0.0000
55713.2717 0.0000
56131.5432 0.0000
56093.2587 0.0000
55987.0499 0.0000
56577.4922 0.0000
56536.3323 0.0000
56583.0902 0.0000
56534.9809 0.0000
56631.6217 0.0000
56991.2653 0.0000
56616.8496 0.0000
57215.5113 0.0000
56896.1837 0.0000
57867.0044 0.0000
58327.2605 0.0000
58665.1705 0.0000
59064.3397 0.0000
58745.4652 0.0000
59044.7461 0.0000
59115.5788 0.0000
58702.0041 0.0000
59520.3012 0.0000
59034.3110 0.0000
59450.3118 0.0000
59651.2531 0.0000
60119.9914 0.0000
60988.5111 0.0000
61391.7259 0.0000
61524.7105 0.0000
61589.5951 0.0000
61841.7965 0.0000
62014.4953 0.0000
62204.5215 0.0000
61919.1796 0.0000
62125.2231 0.0000
62641.1494 0.0000
62517.7572 0.0000
62304.8568 0.0000
63234.1775 0.0000
63018.4825 0.0000
63429.4097 0.0000
63415.2053 0.0000
63670.7733 0.0000
63770.3335 0.0000
63998.0220 0.0000
63672.1719 0.0000
63724.0771 0.0000
63778.5174 0.0000
64088.8935 0.0000
64277.2386 0.0000
64426.9332 0.0000
64521.5301 0.0000
64209.8114 0.0000
64323.9787 0.0000
64670.9233 0.0000
64768.8122 0.0000
65367.1561 0.0000
65619.8787 0.0000
64955.8315 0.0000
65777.1511 0.0000
66604.4516 0.0000
66777.5936 0.0000
66579.8438 0.0000
67158.4172 0.0000
67131.3793 0.0000
67359.6588 0.0000
67253.1378 0.0000
67459.1602 0.0000
67189.8750 0.0000
67485.8456 0.0000
67668.3159 0.0000
67101.2709 0.0000
67281.1738 0.0000
68263.0836 0.0000
67981.7380 0.0000
68343.1417 0.0000
68734.7361 0.0000
68756.8611 0.0000
68326.8225 0.0000
68778.6601 0.0000
68676.2623 0.0000
68679.9292 0.0000
68818.8411 0.0000
68617.3803 0.0000
69111.4310 0.0000
69409.8810 0.0000
68870.8868 0.0000
69241.5485 0.0000
69226.1460 0.0000
69681.7974 0.0000
70212.4935 0.0000
69912.1907 0.0000
70401.3110 0.0000
70489.3022 0.0000
70509.3318 0.0000
70645.2470 0.0000
70645.8714 0.0000
70359.9382 0.0000
71188.4072 0.0000
71510.3797 0.0000
71488.8228 0.0000
71248.9667 0.0000
71513.4118 0.0000
71875.1141 0.0000
72199.8224 0.0000
72112.2625 0.0000
72602.3949 0.0000
72672.1660 0.0000
72932.2543 0.0000
73026.9987 0.0000
73204.2725 0.0000
72861.5663 0.0000
73161.6154 0.0000
73474.8600 0.0000
73212.5230 0.0000
72615.2390 0.0000
73787.1702 0.0000
73321.9947 0.0000
73722.9430 0.0000
74041.8979 0.0000
74005.5013 0.0000
73857.9983 0.0000
73879.8878 0.0000
74536.8660 0.0000
74568.3183 0.0000
75138.5139 0.0000
75708.7497 0.0000
75488.4737 0.0000
75370.9057 0.0000
75694.6174 0.0000
75720.6622 0.0000
75716.6324 0.0000
75072.4338 0.0000
75825.9131 0.0000
75708.5649 0.0000
76078.7142 0.0000
76727.8178 0.0000
76853.8139 0.0000
76448.1844 0.0000
77259.3108 0.0000
77144.1291 0.0000
77009.0507 0.0000
77210.4490 0.0000
76805.8324 0.0000
77394.8021 0.0000
77041.8979 0.0000
77530.2544 0.0000
77017.3883 0.0000
77388.8803 0.0000
77479.0336 0.0000
77489.3383 0.0000
77037.8653 0.0000
77584.2112 0.0000
78567.4980 0.0000
77760.3996 0.0000
78681.8075 0.0000
79084.8980 0.0000
78992.6445 0.0000
79177.7939 0.0000
79041.4716 0.0000
79485.7211 0.0000
79710.8204 0.0000
79878.8460 0.0000
80088.3297 0.0000
80104.5191 0.0000
79854.6498 0.0000
79756.5617 0.0000
80661.3215 0.0000
80704.7182 0.0000
102109.3237 0.0000
100856.9154 0.0000
101361.7917 0.0000
101026.9240 0.0000
101619.6390 0.0000
101227.8743 0.0000
100421.9680 0.0000
100558.7498 0.0000
100347.5809 0.0000
100699.2455 0.0000
100189.1680 0.0000
98781.0789 0.0000
99378.3290 0.0000
99489.5439 0.0000
98993.8846 0.0000
99505.9121 0.0000
65088.7002 0.0000
65107.5991 0.0000
65637.4522 0.0000
65120.9873 0.0000
64320.2792 0.0000
106008.8666 0.0000
106037.5277 0.0000
105960.8561 0.0000
106537.4575 0.0000
106099.7122 0.0000
102503.3378 0.0000
102696.8302 0.0000
102848.5020 0.0000
102642.8559 0.0000
102620.8285 0.0000
102772.1299 0.0000
102252.7938 0.0000
102313.4030 0.0000
102078.5662 0.0000
102533.0225 0.0000
102189.8787 0.0000
101836.2859 0.0000
101844.7106 0.0000
101937.1718 0.0000
101545.3105 0.0000
101563.3203 0.0000
101663.1918 0.0000
101236.7485 0.0000
101246.2716 0.0000
101236.6362 0.0000
100050.4166 0.0000
100330.1514 0.0000
100222.2636 0.0000
100925.4167 0.0000
99898.9597 0.0000
99613.9522 0.0000
99924.6443 0.0000
99483.1123 0.0000
99217.0485 0.0000
98888.0010 0.0000
65256.0614 0.0000
64974.0290 0.0000
64797.9725 0.0000
65548.1128 0.0000
65023.3091 0.0000
109692.8375 0.0000
110015.1728 0.0000
110714.2275 0.0000
110005.6570 0.0000
110475.6470 0.0000
102796.2971 0.0000
103205.2734 0.0000
101698.1193 0.0000
102724.9899 0.0000
103060.7730 0.0000
102125.8906 0.0000
102635.9112 0.0000
102899.4727 0.0000
102269.0063 0.0000
103559.1762 0.0000
102130.9665 0.0000
102729.2329 0.0000
102195.1756 0.0000
101759.2341 0.0000
102380.6638 0.0000
101535.1045 0.0000
101843.6203 0.0000
102018.0915 0.0000
101984.3195 0.0000
101408.8447 0.0000
100308.6775 0.0000
100677.4739 0.0000
100457.5976 0.0000
100985.5618 0.0000
100498.4803 0.0000
98851.3395 0.0000
99563.7670 0.0000
99187.8676 0.0000
99670.5945 0.0000
99673.7436 0.0000
64306.9317 0.0000
65040.5173 0.0000
64907.9473 0.0000
64719.2060 0.0000
65078.4643 0.0000
116741.6707 0.0000
116734.3722 0.0000
117037.6383 0.0000
116776.0609 0.0000
116669.5427 0.0000
102273.3117 0.0000
101236.6068 0.0000
102453.4895 0.0000
103180.9403 0.0000
103194.9118 0.0000
102722.2861 0.0000
102428.5363 0.0000
101951.1290 0.0000
102849.7846 0.0000
102106.0087 0.0000
101852.5665 0.0000
101781.2963 0.0000
102815.0012 0.0000
101345.0958 0.0000
102229.5794 0.0000
101110.1818 0.0000
101743.2717 0.0000
101357.0638 0.0000
101813.2950 0.0000
101292.9418 0.0000
100156.5733 0.0000
100122.6962 0.0000
100638.2760 0.0000
100465.4440 0.0000
100591.3303 0.0000
100070.3861 0.0000
99197.8752 0.0000
98990.5150 0.0000
99449.4143 0.0000
99626.5741 0.0000
64633.8777 0.0000
65595.3765 0.0000
65135.6389 0.0000
64874.6143 0.0000
64726.1855 0.0000
120935.0782 0.0000
121044.5555 0.0000
121364.0388 0.0000
121827.4844 0.0000
121396.0487 0.0000
102414.2195 0.0000
103004.2684 0.0000
102235.8298 0.0000
102960.5169 0.0000
103128.6293 0.0000
102572.9552 0.0000
103131.0135 0.0000
102742.5407 0.0000
102554.4262 0.0000
102637.9527 0.0000
102362.6513 0.0000
102106.2873 0.0000
102394.5183 0.0000
101872.6345 0.0000
102288.4578 0.0000
101464.4047 0.0000
100918.0860 0.0000
100721.0666 0.0000
101971.0721 0.0000
100760.9101 0.0000
100947.6924 0.0000
99876.5444 0.0000
100556.3975 0.0000
100280.2485 0.0000
100423.0418 0.0000
98998.5523 0.0000
99401.5032 0.0000
99110.5712 0.0000
99358.8183 0.0000
98279.6458 0.0000
65025.9761 0.0000
65062.9821 0.0000
65130.0248 0.0000
64940.8106 0.0000
64718.1060 0.0000
126132.6352 0.0000
126408.9816 0.0000
125961.7533 0.0000
126404.0135 0.0000
126001.1570 0.0000
102988.0583 0.0000
102212.9092 0.0000
102487.0541 0.0000
102963.7007 0.0000
103078.8099 0.0000
103124.9235 0.0000
102207.9144 0.0000
102060.2787 0.0000
102553.0693 0.0000
103054.5878 0.0000
101919.7737 0.0000
102414.8883 0.0000
102184.3675 0.0000
101823.0462 0.0000
101519.0227 0.0000
101868.9651 0.0000
100642.5327 0.0000
101723.9428 0.0000
102019.6984 0.0000
101003.8377 0.0000
100531.3719 0.0000
100243.8737 0.0000
100512.2080 0.0000
100014.7095 0.0000
100842.5061 0.0000
99429.1537 0.0000
99365.3403 0.0000
98630.5511 0.0000
99707.4582 0.0000
100354.2905 0.0000
65403.2510 0.0000
64468.4446 0.0000
64684.8739 0.0000
64966.1656 0.0000
64327.7561 0.0000
133233.7196 0.0000
133272.7051 0.0000
132613.5427 0.0000
133171.7472 0.0000
133758.1002 0.0000
102131.8649 0.0000
102680.4654 0.0000
102825.2516 0.0000
102241.4258 0.0000
102959.7193 0.0000
102944.5216 0.0000
103506.9293 0.0000
102902.7953 0.0000
102536.7300 0.0000
103054.5557 0.0000
101655.6115 0.0000
102773.8609 0.0000
101611.3662 0.0000
102737.9658 0.0000
101897.2085 0.0000
101609.5554 0.0000
100637.7699 0.0000
101469.8765 0.0000
101063.0549 0.0000
101821.4386 0.0000
99982.7447 0.0000
100728.2495 0.0000
100521.6227 0.0000
99981.9355 0.0000
100751.5049 0.0000
99712.5571 0.0000
99186.4864 0.0000
98852.1039 0.0000
99376.8119 0.0000
99463.8452 0.0000
65027.9385 0.0000
65396.1688 0.0000
65048.2775 0.0000
65260.9649 0.0000
64720.5848 0.0000
139882.9056 0.0000
140452.6046 0.0000
140469.4479 0.0000
140513.7770 0.0000
140431.7536 0.0000
102165.3876 0.0000
102224.9442 0.0000
103160.8945 0.0000
101953.7389 0.0000
102649.9251 0.0000
103016.2248 0.0000
102274.7647 0.0000
102406.9029 0.0000
102596.6775 0.0000
102618.7128 0.0000
101937.3465 0.0000
102251.9781 0.0000
102351.0819 0.0000
101769.6982 0.0000
102195.8309 0.0000
101433.8742 0.0000
100761.6744 0.0000
100955.2303 0.0000
101539.8206 0.0000
101209.3881 0.0000
100996.5897 0.0000
100001.1830 0.0000
100376.1371 0.0000
100414.9963 0.0000
99844.2076 0.0000
99322.7250 0.0000
100008.6186 0.0000
99462.2577 0.0000
99904.2913 0.0000
99316.2548 0.0000
65421.2384 0.0000
65372.2221 0.0000
64922.0452 0.0000
64843.3397 0.0000
65379.0625 0.0000
145369.8473 0.0000
144489.4641 0.0000
144670.5154 0.0000
145346.0763 0.0000
145829.3515 0.0000
102553.3166 0.0000
102874.4920 0.0000
102424.6009 0.0000
102368.8769 0.0000
102222.1314 0.0000
102849.0663 0.0000
102506.1212 0.0000
102998.7968 0.0000
102341.2069 0.0000
102277.0598 0.0000
101960.8214 0.0000
101224.3517 0.0000
103460.1843 0.0000
102003.4215 0.0000
102787.2967 0.0000
101569.5356 0.0000
101578.5175 0.0000
100874.3776 0.0000
101050.9012 0.0000
101744.0662 0.0000
100378.1785 0.0000
100288.4040 0.0000
100030.9932 0.0000
100615.0385 0.0000
100311.6420 0.0000
99336.3667 0.0000
99228.7673 0.0000
99315.7638 0.0000
98865.1241 0.0000
99554.4151 0.0000
64445.6970 0.0000
64741.2755 0.0000
65909.4516 0.0000
65073.2593 0.0000
64608.1783 0.0000
150305.4624 0.0000
150321.2922 0.0000
150251.9011 0.0000
150822.6670 0.0000
151227.8365 0.0000
102755.7843 0.0000
102469.9963 0.0000
102391.5916 0.0000
102211.7900 0.0000
102736.0193 0.0000
102447.4019 0.0000
102800.7801 0.0000
102997.1258 0.0000
102818.9675 0.0000
102361.5961 0.0000
102451.3417 0.0000
102328.1695 0.0000
102124.1070 0.0000
102419.6676 0.0000
102297.8235 0.0000
101576.0939 0.0000
100910.8639 0.0000
102084.8722 0.0000
101140.0404 0.0000
101666.8512 0.0000
100395.5838 0.0000
99886.4370 0.0000
99901.8058 0.0000
100769.5129 0.0000
100227.2793 0.0000
99445.0134 0.0000
99007.7666 0.0000
98820.0288 0.0000
99241.8675 0.0000
99447.0163 0.0000
65095.1029 0.0000
64665.3671 0.0000
65138.5624 0.0000
65883.6098 0.0000
64889.2162 0.0000
155795.2356 0.0000
155958.4134 0.0000
156195.3824 0.0000
155542.9095 0.0000
156144.8391 0.0000
103094.5625 0.0000
102698.9103 0.0000
102367.0239 0.0000
102776.1364 0.0000
102727.6557 0.0000
102753.0468 0.0000
102769.6683 0.0000
102503.2748 0.0000
102763.3022 0.0000
102686.4161 0.0000
102787.0245 0.0000
102349.6396 0.0000
102496.6220 0.0000
