-100.0000 -100.0000
-491.0663 0.0000
42.1397 0.0000
436.6749 0.0000
1139.0088 0.0000
991.0314 0.0000
1037.1828 0.0000
1578.8845 0.0000
1734.3115 0.0000
1814.1180 0.0000
2124.3589 0.0000
2268.6857 0.0000
1296.4717 0.0000
2436.6094 0.0000
2625.1962 0.0000
2967.0815 0.0000
3310.9288 0.0000
2896.3970 0.0000
2869.0798 0.0000
3160.1388 0.0000
3716.2323 0.0000
4121.8547 0.0000
3198.9793 0.0000
4313.0495 0.0000
4426.9420 0.0000
4191.6830 0.0000
4325.6332 0.0000
4213.5931 0.0000
3912.8995 0.0000
4795.8456 0.0000
5216.4141 0.0000
5403.4461 0.0000
5151.8734 0.0000
5655.8797 0.0000
5337.5381 0.0000
6224.8859 0.0000
6508.2505 0.0000
6108.2946 0.0000
6464.9761 0.0000
7202.2799 0.0000
7378.8324 0.0000
6941.9913 0.0000
7418.1138 0.0000
6697.7288 0.0000
7506.8240 0.0000
6622.0984 0.0000
6803.2559 0.0000
6644.9492 0.0000
7071.2969 0.0000
7419.2071 0.0000
7743.5815 0.0000
7542.5790 0.0000
8278.8198 0.0000
8269.1809 0.0000
8184.8440 0.0000
8084.1945 0.0000
8186.2663 0.0000
9226.6393 0.0000
9788.9669 0.0000
9584.7066 0.0000
9634.1994 0.0000
9349.9508 0.0000
10025.9159 0.0000
9472.9395 0.0000
10293.1529 0.0000
10146.9283 0.0000
10193.0055 0.0000
10490.4435 0.0000
10545.3576 0.0000
10792.2618 0.0000
10899.4104 0.0000
10350.7860 0.0000
11269.2346 0.0000
11500.1102 0.0000
10810.8249 0.0000
12094.1137 0.0000
11662.3183 0.0000
12285.7895 0.0000
12353.2381 0.0000
12169.5029 0.0000
12325.9409 0.0000
13299.4289 0.0000
13110.2126 0.0000
12875.5960 0.0000
13239.0970 0.0000
13494.7504 0.0000
13525.3718 0.0000
12968.4093 0.0000
13263.2729 0.0000
14259.9858 0.0000
14154.6306 0.0000
13824.9571 0.0000
13845.9069 0.0000
14638.1184 0.0000
14577.1244 0.0000
15643.6219 0.0000
15775.9198 0.0000
15503.9968 0.0000
16071.9367 0.0000
15188.4966 0.0000
15493.6602 0.0000
15112.8696 0.0000
16359.6779 0.0000
16429.7762 0.0000
16100.1103 0.0000
15788.4667 0.0000
16109.4727 0.0000
16070.0177 0.0000
16223.9464 0.0000
16446.4009 0.0000
16441.1470 0.0000
16238.8445 0.0000
16032.7867 0.0000
16625.5707 0.0000
17768.3934 0.0000
16694.1701 0.0000
17519.1623 0.0000
17531.1157 0.0000
17767.3025 0.0000
17227.6642 0.0000
17001.4601 0.0000
17552.4577 0.0000
18584.6531 0.0000
19046.0801 0.0000
18478.4149 0.0000
19268.5448 0.0000
18976.8209 0.0000
18682.4839 0.0000
19342.9328 0.0000
18971.7165 0.0000
19859.5777 0.0000
19425.8007 0.0000
19478.7451 0.0000
19306.9072 0.0000
19394.0672 0.0000
19891.2115 0.0000
19923.6655 0.0000
20396.6118 0.0000
20914.2087 0.0000
20227.6769 0.0000
20989.8819 0.0000
20238.7810 0.0000
21183.2566 0.0000
21132.4964 0.0000
21132.1857 0.0000
21274.8798 0.0000
21132.5679 0.0000
21120.7339 0.0000
20794.1355 0.0000
20791.8214 0.0000
21640.3295 0.0000
21794.1618 0.0000
21609.6167 0.0000
21769.9096 0.0000
21969.3169 0.0000
22148.8063 0.0000
22384.6024 0.0000
22714.7468 0.0000
22956.3937 0.0000
23454.7704 0.0000
23192.0749 0.0000
23968.5902 0.0000
24107.1510 0.0000
23711.5569 0.0000
24150.7893 0.0000
24151.0799 0.0000
24831.8907 0.0000
25178.9991 0.0000
25478.3125 0.0000
25664.8004 0.0000
25853.9519 0.0000
25395.4043 0.0000
25823.5485 0.0000
25970.3684 0.0000
25329.1195 0.0000
26254.8772 0.0000
26750.2293 0.0000
27088.0988 0.0000
27288.7110 0.0000
27389.3278 0.0000
27406.3742 0.0000
28133.7040 0.0000
27487.4215 0.0000
28096.8353 0.0000
27430.9826 0.0000
28309.2105 0.0000
27910.2869 0.0000
28321.7916 0.0000
28100.2801 0.0000
28542.4832 0.0000
29066.4401 0.0000
29790.4933 0.0000
29542.0636 0.0000
29439.3977 0.0000
29611.5246 0.0000
30192.7667 0.0000
30376.1058 0.0000
30417.8486 0.0000
30159.5753 0.0000
30006.8045 0.0000
30386.5611 0.0000
30146.5262 0.0000
30177.2397 0.0000
30769.8932 0.0000
30551.8317 0.0000
30267.1636 0.0000
30452.6238 0.0000
31009.9909 0.0000
30353.6996 0.0000
30854.6381 0.0000
30497.5307 0.0000
30992.8448 0.0000
31129.8050 0.0000
31030.5289 0.0000
31508.3882 0.0000
31385.7935 0.0000
31152.9761 0.0000
31362.1264 0.0000
31553.6649 0.0000
32059.8761 0.0000
31571.4524 0.0000
31543.5665 0.0000
31975.3743 0.0000
32252.8054 0.0000
32441.6491 0.0000
32194.0308 0.0000
32621.2841 0.0000
32051.7012 0.0000
31286.8103 0.0000
32497.3508 0.0000
33299.4693 0.0000
33438.6413 0.0000
33619.3163 0.0000
33480.9966 0.0000
33319.8119 0.0000
32951.0890 0.0000
33052.2138 0.0000
33494.7031 0.0000
34544.3570 0.0000
34985.9384 0.0000
35418.7034 0.0000
34834.2341 0.0000
35232.4040 0.0000
35508.1465 0.0000
35649.6628 0.0000
35256.2123 0.0000
35662.8088 0.0000
35670.8091 0.0000
35705.2625 0.0000
35150.9504 0.0000
35568.9888 0.0000
35298.2743 0.0000
35940.9387 0.0000
36045.4929 0.0000
35899.5712 0.0000
35636.9516 0.0000
36057.5304 0.0000
36456.9868 0.0000
36812.2046 0.0000
36938.0967 0.0000
36760.5261 0.0000
37058.8765 0.0000
37026.7901 0.0000
36285.5103 0.0000
37355.0764 0.0000
37128.0019 0.0000
37418.7630 0.0000
37244.5524 0.0000
37426.0882 0.0000
36909.7027 0.0000
38273.1119 0.0000
38548.8628 0.0000
38574.0060 0.0000
38190.0815 0.0000
37998.7879 0.0000
38819.5736 0.0000
39529.6504 0.0000
39895.8058 0.0000
39809.8224 0.0000
40343.9664 0.0000
40648.2918 0.0000
39562.5650 0.0000
40744.8257 0.0000
40873.9087 0.0000
40465.1214 0.0000
41765.5833 0.0000
42253.0280 0.0000
42906.0151 0.0000
43231.0700 0.0000
42964.6906 0.0000
43478.4789 0.0000
43971.2492 0.0000
44392.5485 0.0000
43538.0158 0.0000
44220.4544 0.0000
44502.8101 0.0000
44470.4933 0.0000
44719.1318 0.0000
44998.4697 0.0000
45398.8476 0.0000
45247.7000 0.0000
45066.4097 0.0000
45409.2250 0.0000
45083.3807 0.0000
45363.9225 0.0000
45066.1281 0.0000
45858.7293 0.0000
46041.1207 0.0000
46243.5827 0.0000
45736.5535 0.0000
46359.5134 0.0000
46550.1189 0.0000
46608.1129 0.0000
46648.9385 0.0000
46234.8223 0.0000
46610.1979 0.0000
46211.1104 0.0000
46540.6094 0.0000
46498.2091 0.0000
46750.0948 0.0000
45736.0320 0.0000
46476.6208 0.0000
46945.7690 0.0000
46861.5363 0.0000
46880.8595 0.0000
47030.7514 0.0000
46657.6537 0.0000
46383.9500 0.0000
47558.6884 0.0000
47222.3513 0.0000
46934.7518 0.0000
47303.3749 0.0000
47278.4365 0.0000
47807.7707 0.0000
46878.8506 0.0000
48260.2945 0.0000
48144.4086 0.0000
48279.8703 0.0000
48617.3662 0.0000
48615.0970 0.0000
47349.7868 0.0000
49299.2429 0.0000
49835.7881 0.0000
49670.0308 0.0000
50089.7843 0.0000
49914.5712 0.0000
49722.4141 0.0000
50081.5296 0.0000
50132.7549 0.0000
50469.9299 0.0000
50554.5000 0.0000
50359.3074 0.0000
50286.7210 0.0000
50574.9056 0.0000
50407.7699 0.0000
51059.2152 0.0000
51298.8080 0.0000
51028.0024 0.0000
51614.5781 0.0000
51842.7767 0.0000
51712.2580 0.0000
51515.2493 0.0000
51496.6741 0.0000
50857.1300 0.0000
52098.5228 0.0000
52726.1010 0.0000
53167.2801 0.0000
52843.2564 0.0000
53039.8581 0.0000
52599.7824 0.0000
53085.8743 0.0000
52940.9258 0.0000
53095.0083 0.0000
53059.4915 0.0000
52669.5270 0.0000
52805.0149 0.0000
53120.7851 0.0000
53468.4434 0.0000
53443.3090 0.0000
53867.3637 0.0000
53924.0130 0.0000
53869.2773 0.0000
53372.6945 0.0000
53916.7373 0.0000
54330.5752 0.0000
54062.0419 0.0000
54781.0393 0.0000
55061.0806 0.0000
54725.1870 0.0000
55102.8132 0.0000
55793.2657 0.0000
55715.7400 0.0000
55372.9866 0.0000
55257.1248 0.0000
55482.7264 0.0000
55230.9796 0.0000
56288.1607 0.0000
55844.3441 0.0000
56005.3914 0.0000
55657.3202 0.0000
56759.4510 0.0000
56456.9647 0.0000
56770.0523 0.0000
56686.9653 0.0000
56008.6032 0.0000
56810.5252 0.0000
57139.1441 0.0000
56676.2717 0.0000
57306.6282 0.0000
57416.3535 0.0000
57407.5589 0.0000
57601.6379 0.0000
57491.2154 0.0000
57684.7425 0.0000
57692.2734 0.0000
57951.3312 0.0000
57672.7122 0.0000
58408.5446 0.0000
58326.9103 0.0000
57844.1776 0.0000
59054.0657 0.0000
58671.3074 0.0000
58379.9387 0.0000
59001.0060 0.0000
58877.4874 0.0000
58858.6357 0.0000
59977.8299 0.0000
60309.1665 0.0000
60278.6859 0.0000
60238.1870 0.0000
60492.8857 0.0000
60605.3783 0.0000
60698.3223 0.0000
60917.4172 0.0000
61089.1467 0.0000
60429.9760 0.0000
61168.5873 0.0000
60655.1580 0.0000
61553.3608 0.0000
62309.0782 0.0000
62796.8915 0.0000
62868.2866 0.0000
62383.4305 0.0000
63299.5481 0.0000
62763.2520 0.0000
62880.0133 0.0000
63021.0279 0.0000
63163.8674 0.0000
63916.2792 0.0000
63467.9959 0.0000
63891.1562 0.0000
63105.6586 0.0000
64151.5955 0.0000
64021.1743 0.0000
63617.5560 0.0000
64515.3286 0.0000
65494.4674 0.0000
65284.4321 0.0000
65519.8389 0.0000
65085.8299 0.0000
65469.2828 0.0000
65760.3383 0.0000
65571.7866 0.0000
66633.7113 0.0000
66762.7806 0.0000
66654.1838 0.0000
66498.8654 0.0000
66675.6260 0.0000
66283.2637 0.0000
66333.1395 0.0000
66683.9960 0.0000
66857.8203 0.0000
66737.1223 0.0000
66483.2653 0.0000
66707.6513 0.0000
67118.6675 0.0000
66502.7826 0.0000
67278.5613 0.0000
67681.4034 0.0000
67718.9566 0.0000
67368.7377 0.0000
68117.3410 0.0000
68668.0173 0.0000
68161.7574 0.0000
68496.2892 0.0000
69144.5443 0.0000
68812.7396 0.0000
69585.9858 0.0000
69085.3046 0.0000
69789.2672 0.0000
69685.1599 0.0000
70145.7301 0.0000
70285.5304 0.0000
69613.6118 0.0000
70242.5571 0.0000
70308.7102 0.0000
69842.4633 0.0000
69282.6386 0.0000
70609.2838 0.0000
70919.2993 0.0000
71024.3878 0.0000
71194.6341 0.0000
71337.1916 0.0000
71414.2641 0.0000
71908.0320 0.0000
71255.5356 0.0000
71696.1353 0.0000
71571.5842 0.0000
72678.3598 0.0000
72499.3754 0.0000
73049.3432 0.0000
73042.6255 0.0000
73563.2129 0.0000
72975.5781 0.0000
73418.7257 0.0000
74105.6266 0.0000
74179.3332 0.0000
74300.7816 0.0000
74578.2671 0.0000
74806.7316 0.0000
74292.8135 0.0000
74843.6125 0.0000
74326.4317 0.0000
75020.4838 0.0000
74662.2389 0.0000
74838.5813 0.0000
74587.8596 0.0000
75640.3543 0.0000
75772.7877 0.0000
75296.1470 0.0000
75600.5077 0.0000
74687.4659 0.0000
75498.8252 0.0000
75239.4655 0.0000
75226.0183 0.0000
75855.0068 0.0000
75913.2972 0.0000
75800.6857 0.0000
75438.6563 0.0000
75753.8739 0.0000
75401.7298 0.0000
75636.6994 0.0000
75737.6707 0.0000
76052.2807 0.0000
76496.1522 0.0000
76833.5733 0.0000
77002.3496 0.0000
76202.7213 0.0000
76966.1754 0.0000
76969.9514 0.0000
76967.2063 0.0000
77233.9119 0.0000
76760.1993 0.0000
77711.3708 0.0000
77673.9320 0.0000
78191.5337 0.0000
78359.0128 0.0000
78882.8952 0.0000
78944.7158 0.0000
78922.4254 0.0000
78491.7748 0.0000
78638.2840 0.0000
78716.5884 0.0000
77959.9968 0.0000
78726.2139 0.0000
78759.4229 0.0000
78701.1833 0.0000
79313.0042 0.0000
79288.0063 0.0000
79357.3749 0.0000
79130.6789 0.0000
79351.5103 0.0000
79030.1478 0.0000
79326.3419 0.0000
79943.4267 0.0000
79873.0244 0.0000
80448.1496 0.0000
80999.1683 0.0000
80780.5021 0.0000
80405.4611 0.0000
81072.3198 0.0000
81439.2956 0.0000
81811.1518 0.0000
82306.5416 0.0000
82300.2044 0.0000
81895.9468 0.0000
82228.1058 0.0000
83021.4595 0.0000
83057.0305 0.0000
83083.1765 0.0000
83373.4178 0.0000
82783.1444 0.0000
83398.6178 0.0000
82726.7617 0.0000
84195.4832 0.0000
84074.1212 0.0000
83808.8592 0.0000
83434.2846 0.0000
84372.2934 0.0000
85164.1927 0.0000
84706.6650 0.0000
84712.6566 0.0000
84276.0562 0.0000
84817.6867 0.0000
84659.5150 0.0000
84893.6678 0.0000
84114.9112 0.0000
85315.5704 0.0000
85645.3253 0.0000
85542.8955 0.0000
85554.9722 0.0000
85754.1450 0.0000
84986.4901 0.0000
85705.8875 0.0000
85232.2295 0.0000
86168.7377 0.0000
85561.3449 0.0000
78974.7977 0.0000
79926.5432 0.0000
79572.8820 0.0000
79254.3294 0.0000
80234.8136 0.0000
79547.6875 0.0000
79808.4829 0.0000
79530.4888 0.0000
79463.6122 0.0000
80060.8260 0.0000
76138.2707 0.0000
76491.1738 0.0000
76133.8623 0.0000
76705.2328 0.0000
76491.4473 0.0000
87633.7623 0.0000
87127.2433 0.0000
87811.6151 0.0000
87862.3987 0.0000
88007.2150 0.0000
89369.2832 0.0000
89575.2594 0.0000
89606.8033 0.0000
90269.4429 0.0000
90489.2638 0.0000
90629.8423 0.0000
90523.3694 0.0000
90343.9559 0.0000
90652.4099 0.0000
90101.7846 0.0000
88564.8181 0.0000
88731.4262 0.0000
88329.0458 0.0000
88494.2300 0.0000
89317.4197 0.0000
79466.6947 0.0000
79344.4285 0.0000
80268.1927 0.0000
80474.0475 0.0000
80197.7759 0.0000
79156.6481 0.0000
79185.5333 0.0000
79592.3518 0.0000
79798.0980 0.0000
79713.8673 0.0000
77424.4593 0.0000
76313.7886 0.0000
76058.5491 0.0000
76271.1730 0.0000
76145.0530 0.0000
94749.0168 0.0000
93444.5698 0.0000
94757.8088 0.0000
94907.3740 0.0000
94910.3041 0.0000
95890.9870 0.0000
95921.9744 0.0000
95921.2842 0.0000
96380.8389 0.0000
96625.2185 0.0000
97182.6153 0.0000
97255.3131 0.0000
97317.6704 0.0000
97213.5543 0.0000
97331.4081 0.0000
88201.2616 0.0000
88373.6779 0.0000
87996.3219 0.0000
88209.1590 0.0000
87632.6526 0.0000
79263.1592 0.0000
79479.4860 0.0000
79539.9064 0.0000
78909.7582 0.0000
80371.7796 0.0000
79921.1061 0.0000
79699.5510 0.0000
79344.6105 0.0000
79445.4746 0.0000
79530.8474 0.0000
75981.7803 0.0000
76383.6386 0.0000
76368.7116 0.0000
76293.8973 0.0000
76630.8044 0.0000
98271.5660 0.0000
97892.1840 0.0000
97705.9579 0.0000
98911.2175 0.0000
98823.6699 0.0000
98838.9635 0.0000
98960.6421 0.0000
99161.6513 0.0000
98666.6040 0.0000
99894.4267 0.0000
99986.0316 0.0000
100831.8854 0.0000
101268.0903 0.0000
100980.8834 0.0000
101040.8433 0.0000
87778.1558 0.0000
89005.6529 0.0000
88248.4233 0.0000
88634.7663 0.0000
88618.6629 0.0000
79205.8302 0.0000
79638.4085 0.0000
79906.2843 0.0000
79160.0725 0.0000
79600.7352 0.0000
79135.8911 0.0000
79208.1585 0.0000
79475.3261 0.0000
79376.0685 0.0000
79633.5344 0.0000
76521.0792 0.0000
75755.6849 0.0000
76686.9565 0.0000
76087.1517 0.0000
76711.3948 0.0000
101848.7819 0.0000
101435.5813 0.0000
101786.2122 0.0000
101565.4819 0.0000
101613.2930 0.0000
102865.7863 0.0000
102897.8666 0.0000
102571.5867 0.0000
103309.0972 0.0000
103996.7355 0.0000
104167.3460 0.0000
104040.8637 0.0000
103546.2666 0.0000
104155.0682 0.0000
104171.6935 0.0000
88071.3173 0.0000
88515.2752 0.0000
88522.8368 0.0000
88006.5921 0.0000
88031.6112 0.0000
79917.9391 0.0000
79329.3724 0.0000
79260.6778 0.0000
79387.8851 0.0000
79557.9917 0.0000
79919.1393 0.0000
79746.7595 0.0000
79641.6942 0.0000
79216.6009 0.0000
79247.8711 0.0000
75426.6070 0.0000
76607.1485 0.0000
77130.2607 0.0000
77302.7782 0.0000
76794.0394 0.0000
101476.8389 0.0000
102093.5930 0.0000
101362.8715 0.0000
101714.0063 0.0000
101534.0049 0.0000
106234.7585 0.0000
105432.6608 0.0000
106361.7980 0.0000
106885.1823 0.0000
106865.5553 0.0000
108595.5322 0.0000
108309.9809 0.0000
108503.5655 0.0000
108606.8524 0.0000
108199.6818 0.0000
87704.0495 0.0000
88141.9616 0.0000
88538.4842 0.0000
88008.3314 0.0000
88167.1774 0.0000
79469.8976 0.0000
80291.4864 0.0000
79587.9867 0.0000
79224.7147 0.0000
78854.4170 0.0000
79416.4696 0.0000
79616.7722 0.0000
79337.4683 0.0000
79381.1515 0.0000
79339.3870 0.0000
76328.9326 0.0000
76269.6767 0.0000
77245.7347 0.0000
76462.6173 0.0000
76406.2797 0.0000
100916.8883 0.0000
101212.8638 0.0000
102158.6469 0.0000
101613.2348 0.0000
101290.4540 0.0000
108984.9494 0.0000
108926.7682 0.0000
109097.7430 0.0000
108109.1211 0.0000
109178.8780 0.0000
109710.0876 0.0000
109902.1242 0.0000
109751.8450 0.0000
109923.7184 0.0000
109915.9257 0.0000
88190.6326 0.0000
88415.2430 0.0000
87829.7732 0.0000
88466.5513 0.0000
88263.9765 0.0000
80116.1808 0.0000
79289.1445 0.0000
79260.3210 0.0000
79783.0557 0.0000
79290.7036 0.0000
78547.5519 0.0000
79071.8103 0.0000
79262.9603 0.0000
79366.3084 0.0000
80017.3663 0.0000
76343.5558 0.0000
76592.2770 0.0000
76523.8016 0.0000
76863.8725 0.0000
76953.0548 0.0000
102055.3608 0.0000
101821.4726 0.0000
101864.5038 0.0000
102098.1185 0.0000
101989.8255 0.0000
112938.1449 0.0000
113238.5282 0.0000
113645.1167 0.0000
113846.2191 0.0000
113858.1673 0.0000
114717.6550 0.0000
114337.0559 0.0000
115072.5198 0.0000
115348.5125 0.0000
114933.6415 0.0000
88228.6161 0.0000
88020.3682 0.0000
88600.0195 0.0000
89006.3837 0.0000
88532.1587 0.0000
79099.4477 0.0000
79618.5565 0.0000
79482.0364 0.0000
79749.3986 0.0000
79963.6756 0.0000
79040.5347 0.0000
79488.5238 0.0000
78694.1409 0.0000
79168.2774 0.0000
79527.9279 0.0000
76353.5336 0.0000
77143.7519 0.0000
75930.0263 0.0000
76421.7421 0.0000
75519.3808 0.0000
101857.0274 0.0000
102002.5437 0.0000
101598.0471 0.0000
101762.5553 0.0000
101630.9187 0.0000
117163.1103 0.0000
116382.9897 0.0000
116465.6305 0.0000
116928.2569 0.0000
117111.0138 0.0000
117566.5513 0.0000
117876.4332 0.0000
117499.5573 0.0000
118452.9286 0.0000
118643.4263 0.0000
88039.0166 0.0000
88578.5250 0.0000
87688.2842 0.0000
88220.7324 0.0000
88650.3018 0.0000
79241.0376 0.0000
79959.1347 0.0000
79168.2476 0.0000
80149.4826 0.0000
80085.5341 0.0000
78811.3883 0.0000
79530.4843 0.0000
79202.7826 0.0000
79800.8882 0.0000
78919.0481 0.0000
76884.9430 0.0000
76258.1021 0.0000
76316.7517 0.0000
76021.3249 0.0000
76121.0871 0.0000
101408.9449 0.0000
102073.6363 0.0000
101911.8161 0.0000
102247.5190 0.0000
101980.0434 0.0000
119983.1416 0.0000
119982.3806 0.0000
119638.2642 0.0000
119690.1395 0.0000
120611.9607 0.0000
121434.1182 0.0000
121727.9010 0.0000
122211.6081 0.0000
123181.5428 0.0000
123439.5046 0.0000
88004.5296 0.0000
87922.3708 0.0000
88374.8514 0.0000
88273.3547 0.0000
88554.1560 0.0000
79642.1705 0.0000
79600.2691 0.0000
79811.2941 0.0000
79435.9756 0.0000
80118.8953 0.0000
79649.7584 0.0000
79413.4814 0.0000
79082.4013 0.0000
79589.2112 0.0000
79498.8557 0.0000
76461.9924 0.0000
76520.3571 0.0000
76526.2834 0.0000
77283.1865 0.0000
76144.8662 0.0000
102569.5546 0.0000
101729.0003 0.0000
101417.6148 0.0000
101732.2752 0.0000
101788.5078 0.0000
126357.3893 0.0000
126300.3352 0.0000
126008.5094 0.0000
126472.4991 0.0000
126676.1939 0.0000
128030.2872 0.0000
128036.7809 0.0000
127806.2887 0.0000
128339.3134 0.0000
128682.4099 0.0000
87982.2806 0.0000
88575.9856 0.0000
88545.2211 0.0000
87865.2668 0.0000
89238.9683 0.0000
79760.4619 0.0000
79358.8596 0.0000
80252.5095 0.0000
79365.4405 0.0000
79776.2862 0.0000
79266.6301 0.0000
79757.5944 0.0000
79421.9416 0.0000
79595.2371 0.0000
79185.7383 0.0000
75582.5209 0.0000
76755.5756 0.0000
76033.1636 0.0000
76566.8602 0.0000
77183.3104 0.0000
101881.5364 0.0000
100920.0366 0.0000
101964.2230 0.0000
101753.1373 0.0000
101430.5357 0.0000
130840.2255 0.0000
131288.0120 0.0000
131620.7895 0.0000
131893.5361 0.0000
132754.2425 0.0000
134257.6023 0.0000
134261.3965 0.0000
133802.7013 0.0000
134217.1948 0.0000
134657.2024 0.0000
88813.1440 0.0000
88326.6416 0.0000
88239.3158 0.0000
