-100.0000 -100.0000
166.8222 0.0000
451.6365 0.0000
662.8358 0.0000
1039.4862 0.0000
959.7809 0.0000
985.0431 0.0000
985.0994 0.0000
831.7396 0.0000
790.8859 0.0000
915.9618 0.0000
825.9262 0.0000
216.4046 0.0000
838.8237 0.0000
850.1511 0.0000
933.8065 0.0000
934.9725 0.0000
490.9972 0.0000
476.0651 0.0000
635.7794 0.0000
939.8422 0.0000
969.2276 0.0000
240.1669 0.0000
852.2413 0.0000
810.0007 0.0000
618.3546 0.0000
692.2034 0.0000
630.3987 0.0000
468.2809 0.0000
949.2102 0.0000
977.5844 0.0000
849.8067 0.0000
609.4499 0.0000
885.8687 0.0000
572.9655 0.0000
1060.0920 0.0000
902.5621 0.0000
527.7153 0.0000
723.9454 0.0000
1127.1709 0.0000
1223.3996 0.0000
984.9780 0.0000
1244.5132 0.0000
851.1454 0.0000
1292.8464 0.0000
809.7575 0.0000
908.6702 0.0000
822.0667 0.0000
1055.2012 0.0000
1245.0909 0.0000
1421.7190 0.0000
1312.1738 0.0000
1713.2016 0.0000
1707.9121 0.0000
1662.1025 0.0000
1607.3966 0.0000
1662.8882 0.0000
1047.8662 0.0000
835.4992 0.0000
417.9100 0.0000
444.7724 0.0000
289.1358 0.0000
660.5109 0.0000
225.7935 0.0000
676.5753 0.0000
449.7746 0.0000
475.2295 0.0000
634.8270 0.0000
557.1711 0.0000
695.5001 0.0000
588.9421 0.0000
228.4302 0.0000
1916.3491 0.0000
2041.3726 0.0000
1667.8158 0.0000
2363.0631 0.0000
2130.2721 0.0000
2466.8282 0.0000
2503.3432 0.0000
2403.9478 0.0000
2488.5347 0.0000
3015.5386 0.0000
1052.3651 0.0000
924.5130 0.0000
1122.6093 0.0000
1261.9706 0.0000
1169.5008 0.0000
898.7735 0.0000
1059.4450 0.0000
1602.3476 0.0000
1145.0377 0.0000
965.3001 0.0000
976.5076 0.0000
1408.4563 0.0000
1169.4331 0.0000
1749.5781 0.0000
1274.4172 0.0000
1054.1813 0.0000
1363.6848 0.0000
722.5398 0.0000
886.9590 0.0000
678.7464 0.0000
1359.2395 0.0000
1242.3032 0.0000
1022.5969 0.0000
852.2863 0.0000
1027.6750 0.0000
1006.4657 0.0000
1090.1350 0.0000
1211.2452 0.0000
1199.8163 0.0000
1089.3524 0.0000
976.9260 0.0000
1300.2165 0.0000
1823.9058 0.0000
614.9904 0.0000
1066.5247 0.0000
1073.1748 0.0000
1203.2137 0.0000
907.2994 0.0000
783.5696 0.0000
1084.7264 0.0000
1646.6801 0.0000
1454.8873 0.0000
892.6662 0.0000
1323.5635 0.0000
1043.4451 0.0000
882.5205 0.0000
1242.8883 0.0000
1000.2056 0.0000
1483.6378 0.0000
967.9760 0.0000
994.8134 0.0000
900.7723 0.0000
948.6889 0.0000
1221.0541 0.0000
1220.0730 0.0000
1459.8470 0.0000
1484.2299 0.0000
827.7188 0.0000
1243.7978 0.0000
792.6282 0.0000
1307.7983 0.0000
1174.8586 0.0000
1174.6094 0.0000
1252.5502 0.0000
1124.9600 0.0000
1118.3008 0.0000
940.0502 0.0000
939.0399 0.0000
1402.9170 0.0000
1286.4772 0.0000
1102.0695 0.0000
1189.4195 0.0000
1297.8816 0.0000
1300.4113 0.0000
1332.4447 0.0000
1382.4064 0.0000
1334.1431 0.0000
1473.7376 0.0000
1059.3029 0.0000
1482.3026 0.0000
1278.0564 0.0000
986.7685 0.0000
1226.5361 0.0000
1202.4950 0.0000
1572.9642 0.0000
1391.5346 0.0000
1365.4747 0.0000
1304.0965 0.0000
1305.5035 0.0000
952.4662 0.0000
1185.9809 0.0000
1265.8705 0.0000
852.7611 0.0000
1358.7553 0.0000
1472.3500 0.0000
1386.4505 0.0000
1311.7523 0.0000
1258.6138 0.0000
1211.8693 0.0000
1599.3215 0.0000
849.8801 0.0000
1182.3255 0.0000
821.3886 0.0000
1298.0610 0.0000
984.6830 0.0000
1209.3058 0.0000
1081.7854 0.0000
1322.5838 0.0000
1487.7422 0.0000
1596.5161 0.0000
1066.8317 0.0000
1011.1795 0.0000
1105.0193 0.0000
1421.4523 0.0000
1302.5497 0.0000
1225.1454 0.0000
1062.0299 0.0000
978.5017 0.0000
1185.4319 0.0000
1054.4511 0.0000
1072.9717 0.0000
1394.2603 0.0000
1083.4497 0.0000
928.0271 0.0000
1029.5200 0.0000
1333.4682 0.0000
844.1503 0.0000
1117.8673 0.0000
922.5808 0.0000
1193.2342 0.0000
1267.6764 0.0000
1148.3386 0.0000
1408.6799 0.0000
1135.6352 0.0000
1008.2749 0.0000
1122.7219 0.0000
1227.2867 0.0000
1478.0265 0.0000
935.7946 0.0000
921.0196 0.0000
1156.3292 0.0000
1307.6222 0.0000
1305.3171 0.0000
1067.4196 0.0000
1302.0237 0.0000
891.7108 0.0000
472.6449 0.0000
1135.0186 0.0000
1571.6124 0.0000
1277.9653 0.0000
1300.9987 0.0000
1127.1587 0.0000
1038.9017 0.0000
837.5860 0.0000
892.7907 0.0000
1134.4664 0.0000
1705.7094 0.0000
1442.9699 0.0000
1438.1963 0.0000
883.8495 0.0000
1100.6835 0.0000
1251.4566 0.0000
1279.4959 0.0000
989.2916 0.0000
1209.6927 0.0000
1206.8691 0.0000
1221.1367 0.0000
900.0783 0.0000
1128.3077 0.0000
980.6294 0.0000
1330.9069 0.0000
1259.4538 0.0000
1122.9709 0.0000
979.7045 0.0000
1208.8318 0.0000
1420.0511 0.0000
1395.9149 0.0000
1271.0774 0.0000
1105.5881 0.0000
1268.3457 0.0000
1185.0364 0.0000
780.4647 0.0000
1364.9197 0.0000
1078.6405 0.0000
1237.1451 0.0000
1107.2449 0.0000
1206.4192 0.0000
920.7694 0.0000
1663.3127 0.0000
1352.6550 0.0000
1216.3409 0.0000
993.0630 0.0000
888.4223 0.0000
1336.3848 0.0000
1588.8896 0.0000
1401.8897 0.0000
1155.4270 0.0000
1446.4343 0.0000
1368.2441 0.0000
608.8495 0.0000
1255.0734 0.0000
1272.7876 0.0000
979.6749 0.0000
1687.5166 0.0000
1467.7766 0.0000
1558.0058 0.0000
1379.6119 0.0000
1057.5989 0.0000
1337.2615 0.0000
1471.8034 0.0000
1431.8215 0.0000
735.6824 0.0000
1108.5267 0.0000
1262.5502 0.0000
1184.9941 0.0000
1320.4523 0.0000
1354.7643 0.0000
1420.4892 0.0000
1119.9713 0.0000
1021.1779 0.0000
1208.2104 0.0000
1024.5616 0.0000
1177.8819 0.0000
1015.2597 0.0000
1447.2689 0.0000
1301.7025 0.0000
1312.7657 0.0000
925.7438 0.0000
1265.6689 0.0000
1306.4245 0.0000
1234.1806 0.0000
1224.7354 0.0000
978.5391 0.0000
1181.3310 0.0000
963.5133 0.0000
1143.4017 0.0000
1121.7650 0.0000
1259.1302 0.0000
648.4453 0.0000
1053.6318 0.0000
1309.1621 0.0000
1157.9565 0.0000
1166.9092 0.0000
1248.8016 0.0000
998.9871 0.0000
849.3655 0.0000
1489.9652 0.0000
1019.1543 0.0000
862.2275 0.0000
1063.0473 0.0000
1049.8241 0.0000
1338.1863 0.0000
695.0428 0.0000
1449.1336 0.0000
1139.4481 0.0000
1213.2137 0.0000
1386.2512 0.0000
1201.4337 0.0000
509.1472 0.0000
1573.6865 0.0000
1494.4579 0.0000
1112.2730 0.0000
1340.8831 0.0000
1106.9836 0.0000
1002.1381 0.0000
1197.9351 0.0000
1225.8956 0.0000
1386.0881 0.0000
1250.2148 0.0000
1095.9550 0.0000
1056.4295 0.0000
1213.8536 0.0000
1112.9432 0.0000
1466.1627 0.0000
1332.9945 0.0000
1054.6880 0.0000
1374.5396 0.0000
1327.0319 0.0000
1131.1052 0.0000
1024.0191 0.0000
1013.4666 0.0000
664.0157 0.0000
1341.5882 0.0000
1544.0379 0.0000
1442.7409 0.0000
1025.7879 0.0000
1133.1458 0.0000
893.0770 0.0000
1158.1726 0.0000
1079.1607 0.0000
1163.2594 0.0000
1145.3599 0.0000
930.7543 0.0000
1006.6062 0.0000
1176.9031 0.0000
1366.5919 0.0000
1188.9311 0.0000
1419.6900 0.0000
1233.4322 0.0000
1172.8435 0.0000
901.7432 0.0000
1198.4639 0.0000
1423.9476 0.0000
1056.0475 0.0000
1447.8680 0.0000
1356.2392 0.0000
1019.5496 0.0000
1225.1650 0.0000
1578.2786 0.0000
1160.0561 0.0000
973.3810 0.0000
910.0481 0.0000
1033.1452 0.0000
895.6601 0.0000
1471.9764 0.0000
960.5335 0.0000
1050.2162 0.0000
858.1847 0.0000
1459.1639 0.0000
1039.3587 0.0000
1208.1514 0.0000
1157.2443 0.0000
786.8006 0.0000
1224.5475 0.0000
1381.5943 0.0000
950.2309 0.0000
1293.5970 0.0000
1262.1203 0.0000
1197.7658 0.0000
1303.2514 0.0000
1142.2254 0.0000
1247.8407 0.0000
1206.5675 0.0000
1343.4680 0.0000
1050.5947 0.0000
1451.4508 0.0000
1157.8421 0.0000
894.5119 0.0000
1553.8687 0.0000
993.6862 0.0000
834.8183 0.0000
1173.7079 0.0000
1106.2635 0.0000
1095.8253 0.0000
1705.0312 0.0000
1384.2325 0.0000
1185.8512 0.0000
1163.7516 0.0000
1302.5736 0.0000
1263.9662 0.0000
1254.6036 0.0000
1321.8946 0.0000
1296.2167 0.0000
842.7583 0.0000
1245.7406 0.0000
922.4080 0.0000
1413.0658 0.0000
1614.7265 0.0000
1468.1744 0.0000
1241.4905 0.0000
937.9960 0.0000
1437.3221 0.0000
910.0386 0.0000
973.6021 0.0000
1050.4459 0.0000
1128.5476 0.0000
1538.1755 0.0000
957.8607 0.0000
1188.5581 0.0000
759.7158 0.0000
1330.6928 0.0000
1131.1636 0.0000
911.3332 0.0000
1400.6727 0.0000
1735.1904 0.0000
1087.7818 0.0000
1216.2685 0.0000
965.6125 0.0000
1175.0487 0.0000
1333.5368 0.0000
1099.5185 0.0000
1677.6935 0.0000
1272.7577 0.0000
1143.0633 0.0000
1058.6714 0.0000
1107.8972 0.0000
894.0106 0.0000
921.2494 0.0000
1112.5411 0.0000
1207.2201 0.0000
1089.7422 0.0000
951.3645 0.0000
1073.5214 0.0000
1297.5530 0.0000
819.6916 0.0000
1242.3874 0.0000
1374.7794 0.0000
1175.9771 0.0000
964.8344 0.0000
1372.3219 0.0000
1455.1127 0.0000
879.4885 0.0000
1061.9752 0.0000
1414.8181 0.0000
971.6406 0.0000
1395.6003 0.0000
879.2257 0.0000
1266.2446 0.0000
1095.9023 0.0000
1349.4334 0.0000
1231.4936 0.0000
788.8959 0.0000
1132.0050 0.0000
1168.2212 0.0000
901.3873 0.0000
594.9378 0.0000
1319.0646 0.0000
1324.3444 0.0000
1212.6445 0.0000
1245.6798 0.0000
1233.2582 0.0000
1194.6130 0.0000
1424.1204 0.0000
799.9161 0.0000
1039.9982 0.0000
968.9255 0.0000
1574.5016 0.0000
1057.8596 0.0000
1357.5951 0.0000
1151.7982 0.0000
1435.1542 0.0000
831.7941 0.0000
1076.9139 0.0000
1450.6649 0.0000
1195.7643 0.0000
1221.5006 0.0000
1306.4027 0.0000
1279.9046 0.0000
875.3582 0.0000
1173.1250 0.0000
870.4077 0.0000
1251.8879 0.0000
956.9638 0.0000
1056.1611 0.0000
919.3431 0.0000
1492.7599 0.0000
1227.6921 0.0000
895.4757 0.0000
1061.4638 0.0000
562.4211 0.0000
1006.2473 0.0000
864.7773 0.0000
857.4065 0.0000
1200.1903 0.0000
1187.1453 0.0000
1093.9679 0.0000
896.4197 0.0000
1065.5715 0.0000
876.4364 0.0000
1004.6861 0.0000
1059.7024 0.0000
1231.2351 0.0000
1397.0221 0.0000
1339.3237 0.0000
1247.3812 0.0000
719.0246 0.0000
1133.0175 0.0000
1135.1555 0.0000
1136.4492 0.0000
1281.6109 0.0000
897.2839 0.0000
1415.2798 0.0000
1135.1157 0.0000
1416.9579 0.0000
1246.7924 0.0000
1440.5339 0.0000
1189.1679 0.0000
1143.3737 0.0000
908.5297 0.0000
988.2272 0.0000
1031.2971 0.0000
613.3795 0.0000
1036.4142 0.0000
1054.1719 0.0000
1022.6426 0.0000
1355.8999 0.0000
1141.9492 0.0000
1179.8315 0.0000
1031.7986 0.0000
1152.4421 0.0000
973.9340 0.0000
1138.5525 0.0000
1474.3540 0.0000
1117.0614 0.0000
1430.0232 0.0000
1455.3993 0.0000
1033.5776 0.0000
831.7968 0.0000
1195.4067 0.0000
1355.3382 0.0000
1357.8669 0.0000
1425.0571 0.0000
1152.2270 0.0000
931.7974 0.0000
1112.9021 0.0000
1544.4540 0.0000
1174.7912 0.0000
1169.8196 0.0000
1313.5983 0.0000
833.1850 0.0000
1169.3458 0.0000
788.9929 0.0000
1589.0490 0.0000
1089.2421 0.0000
944.8547 0.0000
736.2872 0.0000
1249.5195 0.0000
1586.1967 0.0000
906.0661 0.0000
1684.0805 0.0000
1414.6423 0.0000
1962.5922 0.0000
1802.6221 0.0000
2038.9488 0.0000
1250.6786 0.0000
2428.9995 0.0000
2761.1495 0.0000
2658.0305 0.0000
2670.2490 0.0000
2870.6023 0.0000
2342.3839 0.0000
3066.9990 0.0000
2699.5100 0.0000
3641.2448 0.0000
3030.4662 0.0000
2899.2415 0.0000
3852.6596 0.0000
3798.5980 0.0000
3478.1094 0.0000
4463.5416 0.0000
4669.5989 0.0000
5047.1673 0.0000
5145.9465 0.0000
5177.8070 0.0000
5807.8506 0.0000
5448.7609 0.0000
5802.3423 0.0000
5444.3798 0.0000
6016.8164 0.0000
6100.9167 0.0000
6513.3947 0.0000
6007.0739 0.0000
6691.4111 0.0000
6742.7503 0.0000
6836.3456 0.0000
7148.6533 0.0000
7354.7798 0.0000
7386.3706 0.0000
8049.5225 0.0000
8269.4614 0.0000
7980.1970 0.0000
8334.4509 0.0000
8048.4283 0.0000
8357.0346 0.0000
7806.1424 0.0000
8621.5420 0.0000
9140.1806 0.0000
9256.3020 0.0000
9537.6535 0.0000
10642.3324 0.0000
10569.8117 0.0000
10447.5292 0.0000
11371.3683 0.0000
12218.7848 0.0000
12789.9051 0.0000
10737.9806 0.0000
10766.8690 0.0000
11173.7309 0.0000
11379.4997 0.0000
11295.2581 0.0000
14252.9596 0.0000
14158.9270 0.0000
13903.6621 0.0000
14116.2919 0.0000
13990.1690 0.0000
14369.0285 0.0000
13064.5536 0.0000
14377.8292 0.0000
14518.5960 0.0000
14521.5263 0.0000
11115.5025 0.0000
11044.1540 0.0000
11012.4676 0.0000
11472.7620 0.0000
11257.5639 0.0000
14819.2148 0.0000
14891.9148 0.0000
14954.2731 0.0000
14850.1667 0.0000
14968.0113 0.0000
15452.1533 0.0000
15612.8748 0.0000
15396.2363 0.0000
15609.0760 0.0000
15032.5647 0.0000
10649.5978 0.0000
10865.9533 0.0000
10926.3846 0.0000
10296.1538 0.0000
11758.3296 0.0000
16202.4382 0.0000
16470.1933 0.0000
16383.0054 0.0000
16483.8702 0.0000
16582.9208 0.0000
16654.5221 0.0000
16630.3242 0.0000
16615.3971 0.0000
16540.5821 0.0000
16877.4922 0.0000
11469.4719 0.0000
10633.7395 0.0000
10447.4189 0.0000
11652.8725 0.0000
10925.6055 0.0000
17693.0776 0.0000
17630.2133 0.0000
17894.0876 0.0000
17399.0387 0.0000
18626.8648 0.0000
18456.4918 0.0000
19690.1916 0.0000
20126.3969 0.0000
19839.1900 0.0000
19899.1496 0.0000
10578.3054 0.0000
11805.9245 0.0000
11048.6280 0.0000
11435.0106 0.0000
11418.9044 0.0000
20321.1054 0.0000
20753.6831 0.0000
21033.2900 0.0000
20566.6845 0.0000
21007.3476 0.0000
20921.8518 0.0000
20994.1192 0.0000
21261.2869 0.0000
21205.5576 0.0000
21463.0236 0.0000
11126.4123 0.0000
10360.9231 0.0000
11292.3127 0.0000
10692.4404 0.0000
11316.7539 0.0000
21173.4365 0.0000
21202.7678 0.0000
21553.3989 0.0000
21270.0987 0.0000
21317.9098 0.0000
22111.6054 0.0000
22143.6858 0.0000
21817.4058 0.0000
22554.9164 0.0000
23242.5548 0.0000
10657.3190 0.0000
10886.6639 0.0000
10391.9951 0.0000
11000.8773 0.0000
11017.5053 0.0000
21747.9478 0.0000
22191.9054 0.0000
22199.4670 0.0000
21683.2221 0.0000
21708.2412 0.0000
23652.9224 0.0000
23355.6172 0.0000
23286.9226 0.0000
23414.1299 0.0000
23584.2365 0.0000
11500.5483 0.0000
11328.1523 0.0000
11223.0422 0.0000
10797.9421 0.0000
10829.2121 0.0000
20908.3581 0.0000
22088.9002 0.0000
22612.0126 0.0000
22784.5301 0.0000
22275.7912 0.0000
25514.8302 0.0000
25759.6413 0.0000
25273.7308 0.0000
25624.8657 0.0000
25444.8642 0.0000
10734.0659 0.0000
10210.9584 0.0000
11140.2116 0.0000
11536.5958 0.0000
10993.5349 0.0000
22092.3013 0.0000
21604.0368 0.0000
21797.6215 0.0000
21900.9083 0.0000
21482.4174 0.0000
25836.1265 0.0000
25765.1301 0.0000
26161.6526 0.0000
25957.0260 0.0000
26115.8720 0.0000
10856.3645 0.0000
11678.0309 0.0000
10974.4675 0.0000
10611.1491 0.0000
10240.7324 0.0000
21874.2599 0.0000
22074.5629 0.0000
21795.2586 0.0000
21838.9418 0.0000
21797.1773 0.0000
26917.2036 0.0000
26779.0438 0.0000
27755.1018 0.0000
27809.8825 0.0000
27808.3256 0.0000
10081.1479 0.0000
10377.1648 0.0000
11323.0580 0.0000
10777.5896 0.0000
10454.7612 0.0000
22248.1320 0.0000
21831.4069 0.0000
22002.3818 0.0000
20900.9664 0.0000
21970.7232 0.0000
27605.0504 0.0000
27932.3627 0.0000
27782.0835 0.0000
27953.9569 0.0000
27946.1641 0.0000
10990.8329 0.0000
11215.4674 0.0000
10629.9326 0.0000
11266.7805 0.0000
11064.1872 0.0000
22379.0915 0.0000
21552.0549 0.0000
21523.2314 0.0000
22045.9662 0.0000
21553.6139 0.0000
28200.1634 0.0000
27840.1759 0.0000
28031.3258 0.0000
28134.6740 0.0000
28785.7318 0.0000
10948.8721 0.0000
11197.6199 0.0000
11129.1358 0.0000
11469.2416 0.0000
11558.4331 0.0000
22096.1672 0.0000
21862.2788 0.0000
21905.3101 0.0000
22138.9249 0.0000
22030.6318 0.0000
31110.6103 0.0000
31410.9936 0.0000
31817.5821 0.0000
32018.6845 0.0000
32030.6327 0.0000
11206.1867 0.0000
10632.5162 0.0000
11368.0595 0.0000
11289.1766 0.0000
10598.1876 0.0000
21905.2462 0.0000
21696.9982 0.0000
22276.6497 0.0000
22683.0140 0.0000
22208.7889 0.0000
33842.6083 0.0000
33834.4872 0.0000
33697.9671 0.0000
33965.3293 0.0000
34302.3272 0.0000
10621.8463 0.0000
11069.8909 0.0000
10275.4091 0.0000
10749.6104 0.0000
11109.3055 0.0000
21835.2852 0.0000
22625.5040 0.0000
21411.7776 0.0000
21903.4938 0.0000
21001.1319 0.0000
34821.9866 0.0000
34975.7484 0.0000
34725.0136 0.0000
34889.5218 0.0000
34757.8852 0.0000
11427.3290 0.0000
10232.9391 0.0000
10315.5903 0.0000
10778.2800 0.0000
10961.0559 0.0000
21626.5437 0.0000
22199.4702 0.0000
21512.7120 0.0000
22466.0837 0.0000
22080.0860 0.0000
36029.7679 0.0000
36395.3348 0.0000
35870.6610 0.0000
36403.1092 0.0000
36840.4529 0.0000
10627.4757 0.0000
11345.6159 0.0000
10554.6777 0.0000
11536.0144 0.0000
11472.0614 0.0000
21269.1783 0.0000
21988.2746 0.0000
21660.5729 0.0000
22258.6787 0.0000
21376.8382 0.0000
38093.4053 0.0000
37943.6709 0.0000
38002.3205 0.0000
37706.8937 0.0000
37806.6559 0.0000
10573.2707 0.0000
11238.0378 0.0000
11076.2044 0.0000
11411.9370 0.0000
11144.4370 0.0000
21628.0424 0.0000
21888.8271 0.0000
21545.4716 0.0000
21597.3470 0.0000
22519.1685 0.0000
39434.2382 0.0000
39728.0210 0.0000
40211.7281 0.0000
41181.6628 0.0000
41439.6245 0.0000
10804.7101 0.0000
10722.5423 0.0000
11175.0686 0.0000
11073.5650 0.0000
11354.3560 0.0000
21905.0811 0.0000
21863.1796 0.0000
22074.2047 0.0000
21698.8861 0.0000
22381.8060 0.0000
42704.9716 0.0000
42686.6551 0.0000
42355.5751 0.0000
42862.3850 0.0000
42929.4428 0.0000
11067.3168 0.0000
11125.6914 0.0000
11131.6186 0.0000
11888.5894 0.0000
10750.1600 0.0000
22610.3611 0.0000
21769.8065 0.0000
21458.4208 0.0000
21773.0814 0.0000
21829.3140 0.0000
45023.9946 0.0000
44966.9405 0.0000
44675.1147 0.0000
45139.1044 0.0000
45342.7992 0.0000
11700.8306 0.0000
11019.6549 0.0000
10782.6430 0.0000
11315.7250 0.0000
11356.2542 0.0000
21658.9106 0.0000
22252.6158 0.0000
22221.8514 0.0000
21541.8967 0.0000
22915.5988 0.0000
48306.9376 0.0000
48039.1196 0.0000
48932.7695 0.0000
48671.5323 0.0000
49082.3781 0.0000
10847.9722 0.0000
11338.9893 0.0000
11003.2588 0.0000
11176.5770 0.0000
10767.0757 0.0000
21064.2721 0.0000
22237.3273 0.0000
21514.9151 0.0000
22048.6119 0.0000
22665.0625 0.0000
49896.1216 0.0000
48967.3763 0.0000
50011.5627 0.0000
49915.9182 0.0000
49593.3165 0.0000
10508.3708 0.0000
11460.9927 0.0000
11345.9738 0.0000
11285.9346 0.0000
11873.9436 0.0000
21901.1470 0.0000
21893.3827 0.0000
21430.8928 0.0000
21845.3865 0.0000
22285.3943 0.0000
52432.1927 0.0000
52545.8762 0.0000
52572.2339 0.0000
