-100.0000 -100.0000
-126.9037 0.0000
141.2931 0.0000
339.6076 0.0000
692.0252 0.0000
617.3985 0.0000
641.1175 0.0000
510.4996 0.0000
368.0157 0.0000
329.8694 0.0000
446.7004 0.0000
362.9628 0.0000
-204.8275 0.0000
374.4984 0.0000
385.1614 0.0000
463.1096 0.0000
464.2497 0.0000
50.7523 0.0000
37.1631 0.0000
185.6244 0.0000
468.4318 0.0000
495.7807 0.0000
-182.3642 0.0000
387.0394 0.0000
347.7536 0.0000
170.1136 0.0000
238.4141 0.0000
181.1841 0.0000
27.4809 0.0000
477.4518 0.0000
503.5141 0.0000
384.9824 0.0000
161.6285 0.0000
418.5974 0.0000
127.1362 0.0000
578.8036 0.0000
434.0695 0.0000
85.1366 0.0000
268.0297 0.0000
642.5582 0.0000
379.6911 0.0000
66.4524 0.0000
309.3110 0.0000
-79.1454 0.0000
335.1973 0.0000
-163.9211 0.0000
-70.3367 0.0000
-151.9525 0.0000
67.7047 0.0000
245.0834 0.0000
410.3437 0.0000
186.9279 0.0000
562.5596 0.0000
284.5361 0.0000
242.0678 0.0000
190.3169 0.0000
242.4013 0.0000
770.8035 0.0000
1054.5329 0.0000
951.3897 0.0000
976.1336 0.0000
833.1426 0.0000
1174.7097 0.0000
895.2850 0.0000
1309.4004 0.0000
1235.6393 0.0000
1259.0408 0.0000
1410.1895 0.0000
1439.4874 0.0000
1561.7817 0.0000
1615.6618 0.0000
1340.0681 0.0000
650.9365 0.0000
607.9194 0.0000
139.7038 0.0000
791.8966 0.0000
267.7143 0.0000
588.0621 0.0000
525.1939 0.0000
397.3991 0.0000
476.8544 0.0000
967.9478 0.0000
394.1688 0.0000
275.0749 0.0000
459.9922 0.0000
589.9758 0.0000
503.1984 0.0000
207.3208 0.0000
357.2788 0.0000
863.1931 0.0000
436.9058 0.0000
269.3619 0.0000
280.0177 0.0000
682.7012 0.0000
459.9586 0.0000
999.9434 0.0000
557.5817 0.0000
352.1233 0.0000
640.9701 0.0000
35.8556 0.0000
196.4410 0.0000
1.6536 0.0000
636.7696 0.0000
523.5712 0.0000
322.8634 0.0000
163.7524 0.0000
327.7072 0.0000
307.8897 0.0000
385.7729 0.0000
498.8763 0.0000
488.2992 0.0000
385.1543 0.0000
280.3029 0.0000
581.5756 0.0000
1069.0682 0.0000
-57.9786 0.0000
364.2108 0.0000
370.1845 0.0000
486.9090 0.0000
215.6813 0.0000
99.4592 0.0000
380.8053 0.0000
904.4720 0.0000
722.3339 0.0000
201.6313 0.0000
603.6233 0.0000
342.3127 0.0000
191.9966 0.0000
528.5139 0.0000
302.1059 0.0000
752.6556 0.0000
266.4349 0.0000
297.0309 0.0000
209.2076 0.0000
253.7561 0.0000
503.7963 0.0000
507.2455 0.0000
730.5789 0.0000
753.2223 0.0000
140.5793 0.0000
529.2571 0.0000
108.0069 0.0000
588.9312 0.0000
464.8340 0.0000
464.6394 0.0000
537.2994 0.0000
418.3523 0.0000
412.1596 0.0000
245.6015 0.0000
245.2384 0.0000
673.7991 0.0000
568.8165 0.0000
397.0939 0.0000
478.2280 0.0000
579.6710 0.0000
581.9955 0.0000
607.7903 0.0000
658.3289 0.0000
613.2764 0.0000
743.2441 0.0000
357.1737 0.0000
751.3641 0.0000
561.3525 0.0000
289.2973 0.0000
512.9584 0.0000
490.5815 0.0000
835.7927 0.0000
666.7898 0.0000
642.6339 0.0000
585.5179 0.0000
586.7502 0.0000
257.3619 0.0000
475.5323 0.0000
549.6356 0.0000
164.4463 0.0000
632.5296 0.0000
742.1075 0.0000
662.1208 0.0000
592.6167 0.0000
538.7027 0.0000
499.5997 0.0000
857.3773 0.0000
161.5915 0.0000
471.8921 0.0000
128.8311 0.0000
580.0312 0.0000
287.7278 0.0000
497.0214 0.0000
378.3388 0.0000
602.6525 0.0000
756.3593 0.0000
857.7755 0.0000
363.8481 0.0000
312.3718 0.0000
399.8447 0.0000
694.9111 0.0000
583.9679 0.0000
511.6755 0.0000
359.7080 0.0000
281.8630 0.0000
474.6942 0.0000
352.5421 0.0000
364.9973 0.0000
669.3790 0.0000
379.7221 0.0000
234.4720 0.0000
329.1035 0.0000
612.9698 0.0000
156.2460 0.0000
411.9230 0.0000
229.2130 0.0000
482.0508 0.0000
551.3997 0.0000
440.0770 0.0000
682.8548 0.0000
428.4034 0.0000
309.6409 0.0000
416.5258 0.0000
513.8810 0.0000
747.4694 0.0000
241.8537 0.0000
228.2082 0.0000
447.7687 0.0000
588.8776 0.0000
586.4394 0.0000
364.5824 0.0000
579.5172 0.0000
200.6991 0.0000
-191.5299 0.0000
427.6899 0.0000
834.7154 0.0000
560.9967 0.0000
582.6355 0.0000
420.4763 0.0000
337.9625 0.0000
150.2378 0.0000
201.8448 0.0000
427.0597 0.0000
959.0737 0.0000
714.7650 0.0000
710.3929 0.0000
193.4159 0.0000
395.7932 0.0000
536.4995 0.0000
562.5019 0.0000
286.3982 0.0000
497.7495 0.0000
494.8072 0.0000
508.0111 0.0000
208.5239 0.0000
421.5336 0.0000
283.5738 0.0000
610.1224 0.0000
543.6811 0.0000
416.6310 0.0000
282.6333 0.0000
496.6629 0.0000
693.2808 0.0000
671.0192 0.0000
554.7325 0.0000
400.3689 0.0000
551.9842 0.0000
474.3910 0.0000
96.6230 0.0000
638.1493 0.0000
375.4029 0.0000
523.1703 0.0000
401.6739 0.0000
494.4869 0.0000
227.7159 0.0000
919.7042 0.0000
630.6641 0.0000
503.7281 0.0000
295.4689 0.0000
197.7120 0.0000
615.5380 0.0000
850.4814 0.0000
676.2245 0.0000
446.8175 0.0000
717.9762 0.0000
645.0873 0.0000
-64.2055 0.0000
539.7519 0.0000
556.1703 0.0000
282.8645 0.0000
942.3363 0.0000
737.9123 0.0000
821.8984 0.0000
655.7907 0.0000
355.6664 0.0000
616.3991 0.0000
738.0953 0.0000
704.3830 0.0000
55.1971 0.0000
403.2633 0.0000
546.8232 0.0000
474.3439 0.0000
600.6302 0.0000
632.7235 0.0000
694.0966 0.0000
413.7334 0.0000
321.2885 0.0000
495.8935 0.0000
324.8705 0.0000
467.9471 0.0000
315.8636 0.0000
718.7262 0.0000
583.2239 0.0000
593.3180 0.0000
232.6067 0.0000
549.6747 0.0000
587.6389 0.0000
520.3931 0.0000
511.4073 0.0000
276.5261 0.0000
470.9102 0.0000
267.6775 0.0000
435.6806 0.0000
410.6935 0.0000
539.5147 0.0000
-26.4041 0.0000
351.7038 0.0000
590.2357 0.0000
444.4615 0.0000
457.7215 0.0000
533.8299 0.0000
300.8634 0.0000
161.2670 0.0000
758.6333 0.0000
319.7356 0.0000
173.1519 0.0000
360.7822 0.0000
348.5277 0.0000
617.1590 0.0000
16.7676 0.0000
720.6328 0.0000
432.0247 0.0000
500.6278 0.0000
661.8921 0.0000
489.6287 0.0000
-157.7081 0.0000
836.5184 0.0000
762.7528 0.0000
406.7033 0.0000
619.7859 0.0000
401.7286 0.0000
303.8496 0.0000
486.5106 0.0000
512.5837 0.0000
661.8837 0.0000
531.2012 0.0000
391.5308 0.0000
354.4767 0.0000
501.3203 0.0000
402.4813 0.0000
736.2565 0.0000
612.4283 0.0000
352.8490 0.0000
651.0482 0.0000
606.6567 0.0000
424.3261 0.0000
324.2216 0.0000
314.3173 0.0000
-12.5617 0.0000
620.2764 0.0000
808.7067 0.0000
714.6317 0.0000
325.7831 0.0000
425.9299 0.0000
202.3256 0.0000
449.4906 0.0000
375.6028 0.0000
453.9616 0.0000
432.7382 0.0000
237.3238 0.0000
302.6254 0.0000
467.2947 0.0000
643.6971 0.0000
478.2555 0.0000
692.9412 0.0000
519.7928 0.0000
463.1494 0.0000
210.1135 0.0000
487.1569 0.0000
697.0875 0.0000
354.0776 0.0000
719.3659 0.0000
630.2417 0.0000
320.0607 0.0000
512.0092 0.0000
840.6812 0.0000
451.2813 0.0000
277.1870 0.0000
217.6028 0.0000
332.5302 0.0000
204.6641 0.0000
741.8493 0.0000
264.9994 0.0000
343.5189 0.0000
169.4566 0.0000
729.6788 0.0000
333.3153 0.0000
496.3366 0.0000
448.5757 0.0000
102.5951 0.0000
511.5147 0.0000
657.5397 0.0000
255.3218 0.0000
575.6159 0.0000
546.3366 0.0000
486.3692 0.0000
584.7047 0.0000
434.4809 0.0000
532.9251 0.0000
494.7021 0.0000
622.1752 0.0000
349.0146 0.0000
722.5869 0.0000
449.0558 0.0000
203.2195 0.0000
818.0512 0.0000
295.9450 0.0000
147.1430 0.0000
463.6702 0.0000
400.7678 0.0000
391.2230 0.0000
958.3824 0.0000
656.4740 0.0000
475.1758 0.0000
454.2285 0.0000
583.9762 0.0000
547.8966 0.0000
534.9939 0.0000
601.9852 0.0000
577.9671 0.0000
154.7927 0.0000
530.8778 0.0000
229.1054 0.0000
683.1533 0.0000
871.6038 0.0000
738.2460 0.0000
527.1474 0.0000
244.3491 0.0000
709.3787 0.0000
217.6789 0.0000
276.9819 0.0000
348.9333 0.0000
421.8159 0.0000
803.4261 0.0000
262.4372 0.0000
477.5719 0.0000
77.4302 0.0000
610.1613 0.0000
424.4238 0.0000
219.0019 0.0000
675.4225 0.0000
986.5447 0.0000
383.7623 0.0000
503.5119 0.0000
270.0712 0.0000
465.3999 0.0000
612.7745 0.0000
394.7176 0.0000
933.1579 0.0000
556.0660 0.0000
435.6602 0.0000
356.4553 0.0000
446.5671 0.0000
246.8558 0.0000
272.2696 0.0000
450.6154 0.0000
539.1331 0.0000
429.5216 0.0000
300.0261 0.0000
414.6940 0.0000
623.1165 0.0000
176.7136 0.0000
572.0352 0.0000
695.1916 0.0000
509.9150 0.0000
312.8404 0.0000
693.1376 0.0000
769.9563 0.0000
232.8397 0.0000
403.4185 0.0000
732.6001 0.0000
318.6155 0.0000
714.6510 0.0000
231.9447 0.0000
594.0086 0.0000
434.6364 0.0000
671.5232 0.0000
561.8136 0.0000
148.1220 0.0000
468.9331 0.0000
502.2615 0.0000
253.4032 0.0000
-33.3888 0.0000
643.2529 0.0000
648.0714 0.0000
544.0085 0.0000
574.5309 0.0000
563.1048 0.0000
526.7576 0.0000
740.8759 0.0000
158.4674 0.0000
382.6737 0.0000
315.8443 0.0000
881.0023 0.0000
399.6980 0.0000
679.1400 0.0000
487.5100 0.0000
751.3482 0.0000
187.9481 0.0000
417.2526 0.0000
765.6296 0.0000
528.0728 0.0000
552.3478 0.0000
631.3098 0.0000
606.6885 0.0000
229.0277 0.0000
506.5533 0.0000
224.0467 0.0000
580.3889 0.0000
304.6616 0.0000
398.6172 0.0000
270.3418 0.0000
804.8100 0.0000
557.9113 0.0000
248.7427 0.0000
403.1559 0.0000
-63.7402 0.0000
351.4033 0.0000
219.0871 0.0000
212.0429 0.0000
532.6206 0.0000
520.5263 0.0000
433.5292 0.0000
249.2714 0.0000
406.3843 0.0000
230.3124 0.0000
350.1219 0.0000
401.3300 0.0000
561.2146 0.0000
716.0622 0.0000
662.1786 0.0000
576.7672 0.0000
82.7213 0.0000
469.3339 0.0000
471.1976 0.0000
472.7111 0.0000
608.3641 0.0000
249.5631 0.0000
732.9744 0.0000
471.5107 0.0000
734.4074 0.0000
575.8032 0.0000
756.1998 0.0000
522.2749 0.0000
479.5016 0.0000
260.3534 0.0000
335.3228 0.0000
374.2379 0.0000
-16.9486 0.0000
379.4816 0.0000
396.4575 0.0000
366.8185 0.0000
677.5116 0.0000
478.2949 0.0000
513.0519 0.0000
375.5256 0.0000
487.7621 0.0000
320.7685 0.0000
474.9874 0.0000
787.8861 0.0000
454.9193 0.0000
746.5203 0.0000
770.0990 0.0000
376.4942 0.0000
188.5483 0.0000
528.0046 0.0000
677.1725 0.0000
679.0769 0.0000
741.6617 0.0000
487.5143 0.0000
281.5985 0.0000
450.7247 0.0000
852.9808 0.0000
508.6466 0.0000
504.0832 0.0000
638.1877 0.0000
190.1190 0.0000
503.8153 0.0000
147.8287 0.0000
894.5544 0.0000
429.1421 0.0000
294.1731 0.0000
98.6337 0.0000
577.8639 0.0000
892.0593 0.0000
257.8264 0.0000
523.1933 0.0000
163.9342 0.0000
716.5242 0.0000
555.0169 0.0000
793.7381 0.0000
-1.8715 0.0000
1273.6905 0.0000
1607.7591 0.0000
1503.9889 0.0000
1516.6961 0.0000
1717.7481 0.0000
1099.7870 0.0000
1827.7489 0.0000
1458.5717 0.0000
2403.9758 0.0000
1791.4915 0.0000
1746.2274 0.0000
2702.9928 0.0000
2349.6613 0.0000
2028.1791 0.0000
3016.0980 0.0000
3132.4523 0.0000
3511.0473 0.0000
3610.0831 0.0000
3642.0257 0.0000
4273.2903 0.0000
4002.9557 0.0000
4356.8463 0.0000
4082.0372 0.0000
4655.0711 0.0000
4737.9411 0.0000
4979.8218 0.0000
4471.1390 0.0000
5158.0273 0.0000
5208.1882 0.0000
5303.1068 0.0000
5787.6526 0.0000
5993.8542 0.0000
6025.4639 0.0000
6688.8905 0.0000
6908.8784 0.0000
6447.8554 0.0000
6802.3252 0.0000
6622.7456 0.0000
6931.4776 0.0000
6380.3277 0.0000
7283.3219 0.0000
7450.3056 0.0000
7566.4629 0.0000
7847.8992 0.0000
8952.8011 0.0000
8792.7704 0.0000
8670.4655 0.0000
9594.4710 0.0000
10441.9910 0.0000
11013.1612 0.0000
12427.3418 0.0000
12181.0614 0.0000
12587.9032 0.0000
12954.2224 0.0000
13236.3028 0.0000
14615.4878 0.0000
14521.4472 0.0000
14266.1949 0.0000
14478.8221 0.0000
14352.7004 0.0000
10766.6750 0.0000
9708.5174 0.0000
11021.9072 0.0000
11162.7401 0.0000
11016.0933 0.0000
14261.3276 0.0000
14189.9858 0.0000
14158.3053 0.0000
14618.5630 0.0000
14862.9476 0.0000
15315.0554 0.0000
15387.7540 0.0000
15450.1119 0.0000
15345.9970 0.0000
15463.8501 0.0000
11001.4643 0.0000
11173.8984 0.0000
10796.5011 0.0000
11009.3670 0.0000
10432.7829 0.0000
14604.4850 0.0000
14820.8169 0.0000
14881.2396 0.0000
14251.0768 0.0000
15713.1244 0.0000
16700.0991 0.0000
16967.8532 0.0000
16880.6655 0.0000
16981.5301 0.0000
17080.5801 0.0000
10587.0541 0.0000
10988.9626 0.0000
10974.0354 0.0000
10899.2078 0.0000
11236.1140 0.0000
17237.9670 0.0000
16858.5837 0.0000
16672.3609 0.0000
17877.6208 0.0000
17790.0728 0.0000
17788.8719 0.0000
17910.5508 0.0000
18111.5605 0.0000
17616.5121 0.0000
18844.3370 0.0000
10625.2737 0.0000
11859.0884 0.0000
11449.4076 0.0000
10725.8614 0.0000
10785.8885 0.0000
19086.2773 0.0000
19878.9731 0.0000
19914.4384 0.0000
20336.2470 0.0000
20741.9522 0.0000
20926.4210 0.0000
20938.1519 0.0000
21217.7587 0.0000
20751.1534 0.0000
21191.8163 0.0000
10717.2154 0.0000
10789.4962 0.0000
11056.6927 0.0000
10957.4251 0.0000
11214.9211 0.0000
21146.5327 0.0000
20381.1378 0.0000
21312.4102 0.0000
20991.7252 0.0000
21615.9686 0.0000
21716.4128 0.0000
21303.2122 0.0000
21653.8431 0.0000
21433.1127 0.0000
21480.9238 0.0000
11408.3886 0.0000
11045.2467 0.0000
10686.8453 0.0000
11424.4322 0.0000
11700.8627 0.0000
21885.2407 0.0000
21758.7583 0.0000
21264.1609 0.0000
21872.9628 0.0000
21889.5881 0.0000
22749.4649 0.0000
23051.7820 0.0000
23361.6608 0.0000
23155.2948 0.0000
23180.3140 0.0000
11304.4165 0.0000
10715.8200 0.0000
10647.1199 0.0000
10774.2889 0.0000
10944.4654 0.0000
22376.9298 0.0000
22204.5500 0.0000
22099.4850 0.0000
21674.3911 0.0000
21705.6613 0.0000
23683.8925 0.0000
23883.2045 0.0000
24605.6286 0.0000
25500.5703 0.0000
25886.7732 0.0000
10641.1747 0.0000
11257.9979 0.0000
10527.1979 0.0000
10878.3718 0.0000
10698.2965 0.0000
21610.5247 0.0000
21087.4900 0.0000
22016.6277 0.0000
22412.9726 0.0000
21869.9611 0.0000
26333.7150 0.0000
26048.1637 0.0000
26241.7483 0.0000
26345.0351 0.0000
25937.8646 0.0000
10504.1840 0.0000
10942.1581 0.0000
11338.7219 0.0000
10808.5145 0.0000
10967.3794 0.0000
21732.8081 0.0000
22554.3971 0.0000
21850.8972 0.0000
21487.6250 0.0000
21117.3277 0.0000
26811.1332 0.0000
26996.1075 0.0000
26901.7780 0.0000
26945.4612 0.0000
26903.6968 0.0000
10934.2470 0.0000
10874.9892 0.0000
11851.1341 0.0000
11067.9472 0.0000
11011.6046 0.0000
20957.6941 0.0000
21253.6697 0.0000
22199.4532 0.0000
21654.0410 0.0000
21331.2599 0.0000
27546.3975 0.0000
27488.2163 0.0000
27659.1911 0.0000
26670.5692 0.0000
27740.3261 0.0000
10877.8724 0.0000
11205.2187 0.0000
10862.8639 0.0000
11034.7588 0.0000
11005.3272 0.0000
21867.2627 0.0000
22091.8732 0.0000
21506.4031 0.0000
22143.1815 0.0000
21940.6066 0.0000
28928.0312 0.0000
28590.4981 0.0000
28561.6746 0.0000
29084.4093 0.0000
28748.4352 0.0000
10128.7299 0.0000
10653.1275 0.0000
10844.3059 0.0000
10947.6705 0.0000
11598.7845 0.0000
21825.3074 0.0000
22074.0287 0.0000
22005.5532 0.0000
22345.6243 0.0000
22434.8067 0.0000
30229.6898 0.0000
30202.3804 0.0000
30245.4117 0.0000
30494.7483 0.0000
30635.7919 0.0000
11488.0249 0.0000
11313.5285 0.0000
11419.7935 0.0000
11214.2825 0.0000
11025.1123 0.0000
22082.5906 0.0000
21508.9889 0.0000
22244.4530 0.0000
22165.5809 0.0000
21474.7175 0.0000
32870.1506 0.0000
32677.5607 0.0000
33257.2120 0.0000
34050.6376 0.0000
34369.8382 0.0000
10485.8662 0.0000
11005.0415 0.0000
10868.4614 0.0000
11135.8928 0.0000
11350.1910 0.0000
21498.3248 0.0000
21946.3142 0.0000
21151.9309 0.0000
21626.0676 0.0000
21985.7183 0.0000
34009.6173 0.0000
34799.8356 0.0000
34322.0253 0.0000
34813.7412 0.0000
33925.2854 0.0000
11021.4043 0.0000
11166.9389 0.0000
10762.4004 0.0000
10926.8764 0.0000
10795.2715 0.0000
22303.7185 0.0000
21109.4671 0.0000
21192.1081 0.0000
21654.7346 0.0000
21837.4916 0.0000
35126.8343 0.0000
35436.7162 0.0000
35059.8403 0.0000
36013.2116 0.0000
36203.7093 0.0000
10839.1972 0.0000
11378.7613 0.0000
10488.4254 0.0000
11020.9365 0.0000
11450.5472 0.0000
21503.9480 0.0000
22222.0457 0.0000
21431.1580 0.0000
22412.3933 0.0000
22348.4448 0.0000
37148.5219 0.0000
37247.2084 0.0000
37018.1932 0.0000
37616.2988 0.0000
37103.5491 0.0000
11490.3100 0.0000
10863.4117 0.0000
10922.0653 0.0000
10626.6040 0.0000
10726.3796 0.0000
21449.7509 0.0000
22114.4426 0.0000
21952.6224 0.0000
22288.3254 0.0000
22020.8497 0.0000
38649.7469 0.0000
38648.9859 0.0000
38304.8695 0.0000
38356.7448 0.0000
39278.5660 0.0000
11168.8495 0.0000
11306.9759 0.0000
11496.9133 0.0000
11983.1787 0.0000
11271.1481 0.0000
21681.1595 0.0000
21599.0008 0.0000
22051.4816 0.0000
21949.9848 0.0000
22230.7865 0.0000
41810.1768 0.0000
41783.7683 0.0000
41994.7932 0.0000
41804.0912 0.0000
42487.0109 0.0000
11231.1476 0.0000
10994.7944 0.0000
10663.7215 0.0000
11170.5919 0.0000
11080.2258 0.0000
21943.7440 0.0000
22002.1087 0.0000
22008.0351 0.0000
22764.9384 0.0000
21626.6177 0.0000
44810.6887 0.0000
44690.9071 0.0000
44379.5216 0.0000
44694.1821 0.0000
44750.4146 0.0000
11226.4897 0.0000
10956.0988 0.0000
10664.2381 0.0000
11128.2821 0.0000
11216.8762 0.0000
22577.1964 0.0000
21896.0818 0.0000
21659.0959 0.0000
22192.1208 0.0000
22232.6852 0.0000
46451.8525 0.0000
46814.8800 0.0000
47147.1430 0.0000
46799.4518 0.0000
48173.1533 0.0000
11146.9596 0.0000
10745.3078 0.0000
11639.0479 0.0000
10751.8406 0.0000
11162.7857 0.0000
21724.4203 0.0000
22215.3848 0.0000
21879.7324 0.0000
22053.0279 0.0000
21643.5286 0.0000
48581.1305 0.0000
48928.8695 0.0000
48554.1966 0.0000
49087.8932 0.0000
49863.3671 0.0000
11045.9205 0.0000
10084.2916 0.0000
11128.6153 0.0000
10917.5087 0.0000
10594.8675 0.0000
21384.8560 0.0000
22337.3748 0.0000
22222.3657 0.0000
22162.3349 0.0000
22750.2949 0.0000
51432.4066 0.0000
51436.2008 0.0000
50977.5057 0.0000
51391.9992 0.0000
51832.0068 0.0000
11613.4033 0.0000
11126.8165 0.0000
11039.5241 0.0000
