-100.0000 -100.0000
759.2951 0.0000
698.1199 0.0000
852.4610 0.0000
1036.1886 0.0000
869.0088 0.0000
877.0274 0.0000
987.3741 0.0000
976.7701 0.0000
659.2188 0.0000
845.7916 0.0000
535.5992 0.0000
1389.1753 0.0000
1560.7947 0.0000
1922.9193 0.0000
1933.8853 0.0000
2329.7438 0.0000
2678.1572 0.0000
2886.4057 0.0000
2550.3620 0.0000
2838.7809 0.0000
3398.7263 0.0000
2806.0960 0.0000
2865.4522 0.0000
2610.1279 0.0000
2919.6063 0.0000
3162.6254 0.0000
2915.9406 0.0000
2569.5543 0.0000
2589.8132 0.0000
2793.5175 0.0000
3195.8540 0.0000
3954.4065 0.0000
3906.4091 0.0000
4062.7965 0.0000
3877.8145 0.0000
4024.3434 0.0000
4164.8722 0.0000
4169.0275 0.0000
4666.5229 0.0000
4837.0537 0.0000
4763.4165 0.0000
4901.0836 0.0000
5025.3523 0.0000
5225.7337 0.0000
4889.3056 0.0000
5580.0616 0.0000
5451.2658 0.0000
5413.6794 0.0000
5416.2570 0.0000
5960.8730 0.0000
6227.0825 0.0000
6078.1406 0.0000
5949.4562 0.0000
5937.8300 0.0000
6736.3294 0.0000
6751.1987 0.0000
6916.2258 0.0000
6826.4449 0.0000
6839.0324 0.0000
6549.9613 0.0000
6901.4502 0.0000
6929.4797 0.0000
6800.9218 0.0000
6740.2740 0.0000
6820.6518 0.0000
6868.0151 0.0000
7164.4782 0.0000
7550.5402 0.0000
7427.2732 0.0000
7262.3642 0.0000
7277.8071 0.0000
7078.4957 0.0000
7489.7879 0.0000
7339.8949 0.0000
7389.9774 0.0000
7329.2259 0.0000
7648.9267 0.0000
7566.0515 0.0000
7360.2923 0.0000
7408.3844 0.0000
7329.4941 0.0000
8039.6851 0.0000
8318.9342 0.0000
8359.0934 0.0000
8614.9197 0.0000
8412.9672 0.0000
8448.1416 0.0000
8586.5806 0.0000
8706.6420 0.0000
8885.3461 0.0000
8563.2785 0.0000
8608.4063 0.0000
9176.4346 0.0000
9592.5097 0.0000
9389.5573 0.0000
9607.0285 0.0000
10026.3249 0.0000
9546.8720 0.0000
10250.0578 0.0000
10132.2696 0.0000
10411.7590 0.0000
10427.1999 0.0000
10096.4210 0.0000
10099.5969 0.0000
10416.4708 0.0000
10844.8412 0.0000
11377.9525 0.0000
11445.1484 0.0000
11177.3689 0.0000
11649.9958 0.0000
11206.8205 0.0000
11562.1572 0.0000
11254.4841 0.0000
11362.8583 0.0000
11537.8244 0.0000
12061.0253 0.0000
12500.0642 0.0000
12764.0156 0.0000
12484.3409 0.0000
12995.6983 0.0000
12977.9339 0.0000
13196.3428 0.0000
13087.7577 0.0000
13581.7413 0.0000
13847.8980 0.0000
13828.2068 0.0000
13811.7732 0.0000
13998.7841 0.0000
13780.3153 0.0000
14177.5294 0.0000
13881.4037 0.0000
14221.5984 0.0000
14177.5827 0.0000
14073.9329 0.0000
14078.7559 0.0000
13974.4072 0.0000
14016.6759 0.0000
14507.7717 0.0000
14282.3033 0.0000
14711.9373 0.0000
14873.0913 0.0000
14925.6506 0.0000
14488.0417 0.0000
14867.4548 0.0000
14859.6627 0.0000
15507.3639 0.0000
15582.6656 0.0000
15564.2096 0.0000
15413.0640 0.0000
15159.1311 0.0000
15914.6985 0.0000
16256.7473 0.0000
15921.3321 0.0000
16061.5471 0.0000
16359.9965 0.0000
16439.8635 0.0000
16352.1419 0.0000
16435.6560 0.0000
16055.2714 0.0000
16837.1664 0.0000
16997.1489 0.0000
16178.1927 0.0000
17068.3696 0.0000
17248.0552 0.0000
17417.1503 0.0000
17149.0056 0.0000
17425.4878 0.0000
16909.0235 0.0000
17449.6999 0.0000
17334.7008 0.0000
17072.6391 0.0000
16796.0647 0.0000
17061.4119 0.0000
17629.0776 0.0000
17870.4936 0.0000
18504.3922 0.0000
19066.1690 0.0000
19140.1237 0.0000
19474.4130 0.0000
19379.5905 0.0000
19855.1755 0.0000
19653.3146 0.0000
20154.8686 0.0000
19795.6722 0.0000
20276.6628 0.0000
20264.4170 0.0000
19912.9677 0.0000
20374.1355 0.0000
20492.6281 0.0000
20393.0922 0.0000
20352.9684 0.0000
20542.6876 0.0000
20749.4203 0.0000
20485.3284 0.0000
20255.3657 0.0000
20979.8585 0.0000
21135.9459 0.0000
21102.6803 0.0000
21405.8008 0.0000
21331.0381 0.0000
21567.2554 0.0000
21236.0713 0.0000
21472.9534 0.0000
21817.8563 0.0000
22233.1727 0.0000
22594.4765 0.0000
23032.4182 0.0000
22822.7529 0.0000
23367.2372 0.0000
23209.6379 0.0000
23081.4586 0.0000
23251.2582 0.0000
23053.3914 0.0000
23081.0812 0.0000
23368.3970 0.0000
23531.2271 0.0000
23308.2961 0.0000
23996.7579 0.0000
24213.3375 0.0000
24186.4738 0.0000
23689.6701 0.0000
24163.3123 0.0000
24432.3649 0.0000
24683.9952 0.0000
24644.8424 0.0000
24616.1826 0.0000
24870.6244 0.0000
24486.2795 0.0000
24799.6412 0.0000
24721.7268 0.0000
24991.8420 0.0000
25254.2797 0.0000
25068.9262 0.0000
25265.4937 0.0000
25581.5385 0.0000
26101.6190 0.0000
26157.2633 0.0000
25819.4261 0.0000
25721.2361 0.0000
26321.4182 0.0000
25770.0230 0.0000
25984.8491 0.0000
26215.0352 0.0000
26333.2114 0.0000
26442.3400 0.0000
26602.9333 0.0000
27334.9477 0.0000
27113.8371 0.0000
27714.3677 0.0000
27176.9982 0.0000
27888.9402 0.0000
27781.4873 0.0000
28443.1453 0.0000
28419.3462 0.0000
27761.9081 0.0000
28283.7943 0.0000
28175.1208 0.0000
29045.1796 0.0000
28626.2512 0.0000
29028.9239 0.0000
29034.9518 0.0000
28761.9139 0.0000
28641.4339 0.0000
29458.2660 0.0000
29274.5992 0.0000
29307.2879 0.0000
29259.6910 0.0000
29962.1230 0.0000
29846.6220 0.0000
30006.6295 0.0000
29975.9157 0.0000
29935.6383 0.0000
30104.0400 0.0000
30283.7917 0.0000
30140.3816 0.0000
30408.2893 0.0000
30700.6767 0.0000
30228.3575 0.0000
30555.2795 0.0000
31214.5442 0.0000
30798.0667 0.0000
30994.9042 0.0000
30961.0721 0.0000
31390.6911 0.0000
31561.3664 0.0000
31919.7736 0.0000
31887.9822 0.0000
32157.0764 0.0000
31866.2419 0.0000
31734.2125 0.0000
32199.7890 0.0000
31988.5700 0.0000
31541.7778 0.0000
31990.2117 0.0000
32196.4117 0.0000
32335.0511 0.0000
32652.9846 0.0000
32533.7281 0.0000
32468.9334 0.0000
32400.1024 0.0000
33198.6794 0.0000
33445.8371 0.0000
33511.3050 0.0000
33777.6662 0.0000
33602.4883 0.0000
34101.7207 0.0000
34294.3342 0.0000
34504.4246 0.0000
34531.0581 0.0000
34869.9355 0.0000
34091.7901 0.0000
34989.8893 0.0000
35269.2393 0.0000
35410.2132 0.0000
35975.3429 0.0000
36037.2842 0.0000
36161.1173 0.0000
35711.5948 0.0000
36119.2171 0.0000
35840.5927 0.0000
36801.7144 0.0000
36772.3700 0.0000
36747.7574 0.0000
36572.3953 0.0000
36581.6723 0.0000
37115.4446 0.0000
36823.8444 0.0000
37200.7583 0.0000
37277.5007 0.0000
37273.4442 0.0000
37571.3089 0.0000
37315.1804 0.0000
37928.6266 0.0000
38054.9136 0.0000
37978.7469 0.0000
38261.1689 0.0000
38031.7655 0.0000
38507.3642 0.0000
38335.4228 0.0000
38475.0028 0.0000
38671.7474 0.0000
38854.3281 0.0000
39218.0188 0.0000
38990.1218 0.0000
39165.0683 0.0000
38766.8560 0.0000
39374.2382 0.0000
39349.1991 0.0000
39478.2644 0.0000
39367.8012 0.0000
39176.5453 0.0000
39328.2136 0.0000
39780.2974 0.0000
39370.5221 0.0000
39276.2289 0.0000
39867.6516 0.0000
39944.7435 0.0000
39957.2601 0.0000
39945.4202 0.0000
40108.0520 0.0000
40030.0076 0.0000
40400.5793 0.0000
40210.0821 0.0000
40380.4107 0.0000
40740.4030 0.0000
41271.8634 0.0000
41459.3101 0.0000
41174.6175 0.0000
41461.5723 0.0000
41518.4139 0.0000
41437.4200 0.0000
41267.5442 0.0000
41463.5926 0.0000
41893.3739 0.0000
41833.5193 0.0000
41786.4543 0.0000
41748.7876 0.0000
42011.1738 0.0000
41861.9424 0.0000
42387.8363 0.0000
42116.3765 0.0000
43038.6036 0.0000
42586.3090 0.0000
43542.6828 0.0000
43589.6816 0.0000
43790.1448 0.0000
43667.3041 0.0000
43673.0846 0.0000
43720.3220 0.0000
43994.2224 0.0000
43942.3676 0.0000
43695.9618 0.0000
43475.2932 0.0000
43838.5303 0.0000
43936.2934 0.0000
43888.0460 0.0000
44035.6697 0.0000
43803.4217 0.0000
44371.8931 0.0000
44518.8614 0.0000
44686.2818 0.0000
44430.6143 0.0000
44928.2315 0.0000
44754.6087 0.0000
44761.6968 0.0000
44742.8201 0.0000
44561.4648 0.0000
44502.7008 0.0000
45131.6952 0.0000
44784.1551 0.0000
44872.0292 0.0000
45075.0977 0.0000
44850.0567 0.0000
45430.6485 0.0000
45547.6207 0.0000
45349.2059 0.0000
45381.7115 0.0000
45353.5548 0.0000
45251.1986 0.0000
45526.4293 0.0000
44759.8744 0.0000
45579.1935 0.0000
45656.4416 0.0000
45527.3063 0.0000
46181.3819 0.0000
45979.5895 0.0000
46423.4475 0.0000
46445.9268 0.0000
46855.5667 0.0000
46742.0365 0.0000
46758.5722 0.0000
46528.5159 0.0000
46887.0767 0.0000
46854.2575 0.0000
46763.2107 0.0000
47269.3637 0.0000
47234.0797 0.0000
47274.1626 0.0000
47232.9212 0.0000
47315.7660 0.0000
47624.0683 0.0000
47303.1027 0.0000
47816.3018 0.0000
47542.5601 0.0000
48374.7903 0.0000
48769.3421 0.0000
49059.0134 0.0000
49401.1988 0.0000
49127.8456 0.0000
49384.4024 0.0000
49445.1232 0.0000
49090.5888 0.0000
49792.0691 0.0000
49375.4569 0.0000
49732.0711 0.0000
49904.3268 0.0000
50306.1499 0.0000
51050.6832 0.0000
51396.3367 0.0000
51510.3369 0.0000
51565.9588 0.0000
51782.1570 0.0000
51930.2019 0.0000
52093.1007 0.0000
51848.4931 0.0000
52025.1227 0.0000
52467.3974 0.0000
52361.6202 0.0000
52179.1126 0.0000
52975.7672 0.0000
52790.8639 0.0000
53143.1288 0.0000
53130.9522 0.0000
53350.0363 0.0000
53435.3837 0.0000
53630.5683 0.0000
53351.2353 0.0000
53395.7306 0.0000
53442.3993 0.0000
53708.4673 0.0000
53869.9251 0.0000
53998.2498 0.0000
54079.3424 0.0000
53812.1234 0.0000
53909.9927 0.0000
54207.4089 0.0000
54291.3236 0.0000
54804.2502 0.0000
55020.8952 0.0000
54451.6447 0.0000
55155.7160 0.0000
55864.9144 0.0000
56013.3393 0.0000
55843.8195 0.0000
56339.7980 0.0000
56316.6200 0.0000
56512.3112 0.0000
56420.9967 0.0000
56597.6082 0.0000
56366.7650 0.0000
56620.4841 0.0000
56776.9056 0.0000
56290.8097 0.0000
56445.0304 0.0000
57286.7667 0.0000
57045.5849 0.0000
57355.3960 0.0000
57691.0880 0.0000
57710.0544 0.0000
57341.4064 0.0000
57728.7415 0.0000
57640.9616 0.0000
57644.1050 0.0000
57763.1865 0.0000
57590.4854 0.0000
58014.0074 0.0000
58269.8519 0.0000
57807.8023 0.0000
58125.5499 0.0000
58112.3461 0.0000
58502.9506 0.0000
58957.8866 0.0000
58700.4538 0.0000
59119.7492 0.0000
59195.1792 0.0000
59212.3494 0.0000
59328.8619 0.0000
59329.3972 0.0000
59084.2827 0.0000
59794.4827 0.0000
60070.4917 0.0000
60052.0122 0.0000
59846.3970 0.0000
60073.0909 0.0000
60383.1581 0.0000
60661.5123 0.0000
60586.4521 0.0000
61006.6152 0.0000
61066.4260 0.0000
61289.3851 0.0000
61370.6043 0.0000
61522.5711 0.0000
61228.7883 0.0000
61486.0036 0.0000
61754.5306 0.0000
61529.6438 0.0000
61017.6257 0.0000
62022.2567 0.0000
61623.4878 0.0000
61967.1983 0.0000
62240.6205 0.0000
62209.4197 0.0000
62082.9736 0.0000
62101.7383 0.0000
62664.9289 0.0000
62691.8912 0.0000
63180.6879 0.0000
63669.5191 0.0000
63480.6888 0.0000
63379.9044 0.0000
63657.4043 0.0000
63679.7310 0.0000
63676.2765 0.0000
63124.0412 0.0000
63769.9568 0.0000
63669.3607 0.0000
63986.6690 0.0000
64543.1091 0.0000
64651.1185 0.0000
64303.3951 0.0000
64998.7283 0.0000
64899.9895 0.0000
64784.1943 0.0000
64956.8418 0.0000
64609.9866 0.0000
65114.8774 0.0000
64812.3524 0.0000
65230.9931 0.0000
64791.3417 0.0000
65109.8010 0.0000
65187.0844 0.0000
65195.9180 0.0000
64808.8955 0.0000
65277.2472 0.0000
66120.1639 0.0000
65428.2837 0.0000
66218.1550 0.0000
66563.7020 0.0000
66484.6182 0.0000
66643.3364 0.0000
66526.4749 0.0000
66907.3052 0.0000
67100.2702 0.0000
67244.3091 0.0000
67423.8877 0.0000
67437.7660 0.0000
67223.5670 0.0000
67139.4816 0.0000
67915.0815 0.0000
67952.2830 0.0000
100299.5646 0.0000
98756.9821 0.0000
99261.8585 0.0000
98926.9907 0.0000
99519.7058 0.0000
99127.9410 0.0000
65101.2654 0.0000
65238.0473 0.0000
65026.8783 0.0000
65378.5429 0.0000
64868.4654 0.0000
104456.9477 0.0000
104575.8447 0.0000
104805.9566 0.0000
104540.4092 0.0000
105052.4366 0.0000
102723.1603 0.0000
102742.0592 0.0000
103271.9123 0.0000
102755.4474 0.0000
101954.7393 0.0000
102615.2406 0.0000
102726.7623 0.0000
102621.4295 0.0000
103198.0309 0.0000
102260.3558 0.0000
101999.3393 0.0000
102192.8317 0.0000
102344.5034 0.0000
102138.8574 0.0000
102116.8299 0.0000
101433.3940 0.0000
100914.0579 0.0000
100974.6671 0.0000
100739.8303 0.0000
101194.2867 0.0000
100380.1196 0.0000
100026.5269 0.0000
100034.9515 0.0000
100127.4127 0.0000
99735.5514 0.0000
99463.3871 0.0000
99563.2585 0.0000
99136.8153 0.0000
99146.3383 0.0000
99136.7030 0.0000
64729.7140 0.0000
65009.4488 0.0000
64901.5610 0.0000
65604.7141 0.0000
64578.2571 0.0000
108207.3771 0.0000
108872.5894 0.0000
109096.2697 0.0000
109053.8862 0.0000
108724.8386 0.0000
102890.5216 0.0000
102608.4892 0.0000
102432.4326 0.0000
103182.5730 0.0000
102657.7692 0.0000
102403.7718 0.0000
103020.4365 0.0000
103397.1558 0.0000
101989.5307 0.0000
102459.5207 0.0000
102292.2986 0.0000
102701.2749 0.0000
101194.1208 0.0000
102220.9914 0.0000
102556.7745 0.0000
100787.1547 0.0000
101297.1753 0.0000
101560.7368 0.0000
100930.2704 0.0000
102220.4403 0.0000
100321.2074 0.0000
100919.4739 0.0000
100385.4166 0.0000
99949.4751 0.0000
100570.9048 0.0000
99435.1712 0.0000
99743.6871 0.0000
99918.1582 0.0000
99884.3862 0.0000
99308.9115 0.0000
64987.9749 0.0000
65356.7713 0.0000
65136.8950 0.0000
65664.8592 0.0000
65177.7777 0.0000
116552.2818 0.0000
116856.6168 0.0000
116785.0523 0.0000
117267.7793 0.0000
117682.0909 0.0000
101941.3919 0.0000
102674.9774 0.0000
102542.4075 0.0000
102353.6661 0.0000
102712.9245 0.0000
102268.3538 0.0000
102690.8027 0.0000
102994.0687 0.0000
102436.5238 0.0000
102330.0056 0.0000
101769.3131 0.0000
100732.6083 0.0000
101949.4910 0.0000
102676.9418 0.0000
102690.9133 0.0000
101383.5502 0.0000
101089.8005 0.0000
100612.3931 0.0000
101511.0487 0.0000
100767.2728 0.0000
100042.8074 0.0000
99971.5373 0.0000
101005.2422 0.0000
99535.3367 0.0000
100419.8204 0.0000
99010.2485 0.0000
99643.3384 0.0000
99257.1306 0.0000
99713.3617 0.0000
99193.0085 0.0000
64835.8707 0.0000
64801.9937 0.0000
65317.5734 0.0000
65144.7414 0.0000
65270.6277 0.0000
120644.8516 0.0000
120583.2947 0.0000
120375.9346 0.0000
120834.8339 0.0000
121201.9760 0.0000
102268.3378 0.0000
103229.8367 0.0000
102770.0990 0.0000
102509.0745 0.0000
102360.6457 0.0000
102002.8965 0.0000
102807.5784 0.0000
103017.5844 0.0000
103161.5468 0.0000
102266.6655 0.0000
101910.2210 0.0000
102500.2698 0.0000
101731.8313 0.0000
102456.5184 0.0000
102624.6307 0.0000
101234.2194 0.0000
101792.2776 0.0000
101403.8048 0.0000
101215.6903 0.0000
101299.2168 0.0000
100552.8923 0.0000
100296.5283 0.0000
100584.7593 0.0000
100062.8754 0.0000
100478.6987 0.0000
99364.4714 0.0000
98818.1527 0.0000
98621.1333 0.0000
99871.1388 0.0000
98660.9768 0.0000
65626.9899 0.0000
64555.8418 0.0000
65235.6949 0.0000
64959.5460 0.0000
65102.3393 0.0000
125435.9964 0.0000
125578.0676 0.0000
125429.2068 0.0000
125677.4539 0.0000
124697.6677 0.0000
102660.4362 0.0000
102697.4423 0.0000
102764.4850 0.0000
102575.2707 0.0000
102352.5661 0.0000
102870.8856 0.0000
102974.4476 0.0000
102250.8729 0.0000
102693.1331 0.0000
102290.2766 0.0000
102484.0598 0.0000
101708.9107 0.0000
101983.0556 0.0000
102459.7022 0.0000
102574.8114 0.0000
101786.1877 0.0000
100869.1785 0.0000
100721.5428 0.0000
101214.3335 0.0000
101715.8519 0.0000
100110.0146 0.0000
100605.1293 0.0000
100374.6085 0.0000
100013.2871 0.0000
99709.2637 0.0000
99769.0318 0.0000
98542.5994 0.0000
99624.0096 0.0000
99919.7651 0.0000
98903.9044 0.0000
65210.6693 0.0000
64923.1711 0.0000
65191.5054 0.0000
64694.0069 0.0000
65521.8035 0.0000
131265.5756 0.0000
131371.4838 0.0000
130742.6029 0.0000
131819.5101 0.0000
132914.3685 0.0000
103037.7112 0.0000
102102.9047 0.0000
102319.3341 0.0000
102600.6257 0.0000
101962.2163 0.0000
102593.0633 0.0000
102737.0866 0.0000
102038.9388 0.0000
102597.1433 0.0000
103183.4963 0.0000
101627.8663 0.0000
102176.4668 0.0000
102321.2531 0.0000
101737.4273 0.0000
102455.7208 0.0000
101605.7857 0.0000
102168.1934 0.0000
101564.0595 0.0000
101197.9941 0.0000
101715.8198 0.0000
99845.8525 0.0000
100964.1019 0.0000
99801.6072 0.0000
100928.2068 0.0000
100087.4495 0.0000
99509.6221 0.0000
98537.8366 0.0000
99369.9432 0.0000
98963.1216 0.0000
99721.5053 0.0000
64662.0421 0.0000
65407.5469 0.0000
65200.9201 0.0000
64661.2330 0.0000
65430.8023 0.0000
138419.7400 0.0000
138346.7944 0.0000
138012.4118 0.0000
138537.1199 0.0000
138741.5331 0.0000
102662.3986 0.0000
103030.6289 0.0000
102682.7376 0.0000
102895.4250 0.0000
102355.0450 0.0000
103021.5722 0.0000
103267.8001 0.0000
102714.9445 0.0000
102742.4302 0.0000
102616.0778 0.0000
101661.3891 0.0000
101720.9456 0.0000
102656.8959 0.0000
101449.7404 0.0000
102145.9265 0.0000
101677.4889 0.0000
100936.0288 0.0000
101068.1670 0.0000
101257.9417 0.0000
101279.9769 0.0000
100127.5874 0.0000
100442.2191 0.0000
100541.3229 0.0000
99959.9392 0.0000
100386.0718 0.0000
99333.9409 0.0000
98661.7412 0.0000
98855.2971 0.0000
99439.8873 0.0000
99109.4548 0.0000
65675.8871 0.0000
64680.4804 0.0000
65055.4345 0.0000
65094.2937 0.0000
64523.5050 0.0000
142474.3703 0.0000
143223.5569 0.0000
143426.3826 0.0000
144071.2418 0.0000
144128.0646 0.0000
103055.6985 0.0000
103006.6822 0.0000
102556.5054 0.0000
102477.7998 0.0000
103013.5227 0.0000
102703.9470 0.0000
101817.7179 0.0000
101998.7692 0.0000
102674.3302 0.0000
103157.6053 0.0000
102049.3180 0.0000
102370.4935 0.0000
101920.6023 0.0000
101864.8783 0.0000
101718.1329 0.0000
101510.3305 0.0000
101167.3853 0.0000
101660.0609 0.0000
101002.4710 0.0000
100938.3239 0.0000
100151.0624 0.0000
99414.5927 0.0000
101650.4253 0.0000
100193.6625 0.0000
100977.5377 0.0000
99469.6023 0.0000
99478.5842 0.0000
98774.4443 0.0000
98950.9679 0.0000
99644.1330 0.0000
65057.4759 0.0000
64967.7015 0.0000
64710.2906 0.0000
65294.3360 0.0000
64990.9394 0.0000
149659.6313 0.0000
149628.9665 0.0000
149715.9630 0.0000
149321.6551 0.0000
150010.9461 0.0000
102080.1571 0.0000
102375.7356 0.0000
103543.9117 0.0000
102707.7194 0.0000
102242.6385 0.0000
102500.7957 0.0000
102713.9309 0.0000
102628.7101 0.0000
103199.4760 0.0000
103103.2706 0.0000
102251.7858 0.0000
101965.9978 0.0000
101887.5931 0.0000
101707.7914 0.0000
102232.0207 0.0000
101108.6660 0.0000
101462.0442 0.0000
101658.3899 0.0000
101480.2316 0.0000
101022.8602 0.0000
100641.5827 0.0000
100518.4105 0.0000
100314.3479 0.0000
100609.9086 0.0000
100488.0644 0.0000
99476.1606 0.0000
98810.9306 0.0000
99984.9389 0.0000
99040.1071 0.0000
99566.9179 0.0000
65074.8812 0.0000
64565.7344 0.0000
64581.1032 0.0000
65448.8103 0.0000
64906.5767 0.0000
154840.6275 0.0000
154588.9621 0.0000
154401.2243 0.0000
154823.0630 0.0000
155028.2119 0.0000
102729.5630 0.0000
102299.8272 0.0000
102773.0225 0.0000
103518.0700 0.0000
102523.6764 0.0000
102284.4360 0.0000
102861.2790 0.0000
102935.0702 0.0000
102045.6282 0.0000
102647.5579 0.0000
102590.5640 0.0000
102194.9117 0.0000
101863.0254 0.0000
102272.1378 0.0000
102223.6572 0.0000
101414.3109 0.0000
101430.9324 0.0000
101164.5389 0.0000
101424.5663 0.0000
101347.6802 0.0000
100977.2655 0.0000
100539.8806 0.0000
100686.8630 0.0000
