-100.0000 -100.0000
2557.2765 0.0000
2474.4274 0.0000
2683.9722 0.0000
2933.9519 0.0000
2706.8283 0.0000
2717.2923 0.0000
2429.5583 0.0000
2409.6432 0.0000
1978.3371 0.0000
2231.4630 0.0000
1810.5170 0.0000
1849.0616 0.0000
2251.7955 0.0000
2511.7683 0.0000
2039.2628 0.0000
2574.0953 0.0000
3202.4989 0.0000
3486.6856 0.0000
3027.0910 0.0000
3420.5713 0.0000
4185.3222 0.0000
4423.5543 0.0000
4466.5618 0.0000
4162.8081 0.0000
4583.2600 0.0000
5030.1225 0.0000
5141.7702 0.0000
4783.0510 0.0000
4810.4555 0.0000
5087.1074 0.0000
5633.5029 0.0000
6305.4055 0.0000
6240.0837 0.0000
6452.8506 0.0000
6201.2726 0.0000
6400.5293 0.0000
6830.3504 0.0000
6836.0956 0.0000
7512.3882 0.0000
7744.2825 0.0000
7644.1550 0.0000
7831.3715 0.0000
8000.3782 0.0000
8272.9263 0.0000
7815.3098 0.0000
8754.9078 0.0000
8579.8036 0.0000
8528.5884 0.0000
8532.0804 0.0000
9272.9740 0.0000
9635.1494 0.0000
9432.5098 0.0000
9257.4509 0.0000
9241.6272 0.0000
10328.0079 0.0000
10348.2370 0.0000
10572.7661 0.0000
10450.6061 0.0000
10467.7377 0.0000
10074.4237 0.0000
10552.6590 0.0000
10590.7993 0.0000
10415.8782 0.0000
10333.3662 0.0000
10442.7309 0.0000
10507.1775 0.0000
10910.5456 0.0000
11435.8482 0.0000
11268.1204 0.0000
11043.7348 0.0000
11064.7771 0.0000
10793.5586 0.0000
11353.1832 0.0000
11149.2270 0.0000
11217.3748 0.0000
11134.7163 0.0000
11569.7273 0.0000
11456.9588 0.0000
11176.9880 0.0000
11242.4254 0.0000
11135.0833 0.0000
12101.4349 0.0000
12481.4154 0.0000
12536.0616 0.0000
12884.1740 0.0000
12609.3710 0.0000
12657.2342 0.0000
12845.6111 0.0000
13008.9843 0.0000
13252.1550 0.0000
12813.9036 0.0000
12875.3102 0.0000
13648.2542 0.0000
14214.4328 0.0000
13938.2634 0.0000
14234.1903 0.0000
14804.7551 0.0000
14152.3305 0.0000
15109.2063 0.0000
14948.9236 0.0000
15329.2451 0.0000
15579.4032 0.0000
15129.2880 0.0000
15133.6100 0.0000
15564.8034 0.0000
16147.7202 0.0000
16873.1681 0.0000
16964.6072 0.0000
16600.2177 0.0000
17243.3649 0.0000
16919.0527 0.0000
17402.5887 0.0000
16983.9126 0.0000
17131.3863 0.0000
17369.4770 0.0000
18081.4406 0.0000
18678.8785 0.0000
19038.0602 0.0000
18657.4827 0.0000
19353.3311 0.0000
19329.1576 0.0000
19626.3657 0.0000
19478.6044 0.0000
20150.8113 0.0000
20512.9944 0.0000
20486.1988 0.0000
20463.8362 0.0000
20718.3185 0.0000
20421.0286 0.0000
20961.5538 0.0000
20801.8239 0.0000
21264.7570 0.0000
21204.8617 0.0000
21063.8155 0.0000
21070.3786 0.0000
20928.3820 0.0000
20985.9007 0.0000
21654.1786 0.0000
21347.3636 0.0000
21932.0050 0.0000
22151.3016 0.0000
22222.8237 0.0000
21627.3302 0.0000
22143.6315 0.0000
22133.0281 0.0000
23014.4131 0.0000
23116.8829 0.0000
23091.7681 0.0000
22886.0908 0.0000
22540.5416 0.0000
23568.7098 0.0000
24034.1662 0.0000
23577.7367 0.0000
23768.5399 0.0000
24174.6667 0.0000
24283.3489 0.0000
24163.9782 0.0000
24277.6234 0.0000
23759.9999 0.0000
24823.9948 0.0000
25041.6973 0.0000
23927.2700 0.0000
25138.6137 0.0000
25383.1281 0.0000
25613.2309 0.0000
25478.4452 0.0000
25854.6794 0.0000
25151.8800 0.0000
25887.6270 0.0000
25731.1372 0.0000
25374.5264 0.0000
24998.1667 0.0000
25359.2486 0.0000
26131.7222 0.0000
26460.2388 0.0000
27322.8415 0.0000
28087.3018 0.0000
28187.9385 0.0000
28642.8362 0.0000
28513.8026 0.0000
29160.9739 0.0000
28886.2837 0.0000
29568.7933 0.0000
29080.0024 0.0000
29734.5296 0.0000
29717.8656 0.0000
29239.6169 0.0000
29867.1694 0.0000
30028.4131 0.0000
29892.9656 0.0000
29838.3656 0.0000
30096.5335 0.0000
30377.8533 0.0000
30018.4797 0.0000
29705.5487 0.0000
30691.4313 0.0000
30903.8334 0.0000
30858.5659 0.0000
31271.0492 0.0000
31169.3129 0.0000
31490.7551 0.0000
31040.0831 0.0000
31362.4299 0.0000
31831.7703 0.0000
32396.9287 0.0000
32888.5873 0.0000
33484.5340 0.0000
33199.2235 0.0000
33940.1523 0.0000
33725.6928 0.0000
33551.2677 0.0000
33782.3293 0.0000
33513.0740 0.0000
33550.7541 0.0000
33941.7305 0.0000
34163.3081 0.0000
33859.9458 0.0000
34796.7978 0.0000
35091.5172 0.0000
35054.9613 0.0000
34378.9159 0.0000
35023.4433 0.0000
35389.5675 0.0000
35731.9834 0.0000
35678.7047 0.0000
35639.7047 0.0000
35985.9466 0.0000
35462.9339 0.0000
35889.3533 0.0000
35783.3282 0.0000
36150.8983 0.0000
36508.0209 0.0000
36255.7936 0.0000
36523.2808 0.0000
36953.3514 0.0000
37661.0718 0.0000
37736.7920 0.0000
37277.0665 0.0000
37143.4505 0.0000
37960.1722 0.0000
37209.8393 0.0000
37502.1725 0.0000
37815.4074 0.0000
37976.2203 0.0000
38124.7215 0.0000
38343.2552 0.0000
39339.3731 0.0000
39038.4880 0.0000
39855.6840 0.0000
39124.4370 0.0000
40093.2406 0.0000
39947.0197 0.0000
40847.3973 0.0000
40815.0118 0.0000
39920.3766 0.0000
40630.5540 0.0000
40482.6722 0.0000
41666.6396 0.0000
41096.5659 0.0000
41644.5189 0.0000
41652.7217 0.0000
41281.1744 0.0000
41117.2264 0.0000
42228.7634 0.0000
41978.8315 0.0000
42023.3139 0.0000
41958.5446 0.0000
42914.4070 0.0000
42757.2344 0.0000
42974.9710 0.0000
42933.1759 0.0000
42878.3669 0.0000
43107.5262 0.0000
43352.1305 0.0000
43156.9796 0.0000
43521.5456 0.0000
43919.4235 0.0000
43276.6963 0.0000
43721.5684 0.0000
44618.6892 0.0000
44051.9508 0.0000
44319.8053 0.0000
44273.7670 0.0000
44858.3882 0.0000
45090.6415 0.0000
45578.3584 0.0000
45535.0970 0.0000
45901.2776 0.0000
45505.5129 0.0000
45325.8487 0.0000
45959.4005 0.0000
45671.9758 0.0000
45063.9854 0.0000
45674.2097 0.0000
45954.8047 0.0000
46143.4639 0.0000
46576.1045 0.0000
46413.8215 0.0000
46325.6495 0.0000
46231.9850 0.0000
47318.6805 0.0000
47655.0103 0.0000
47744.0984 0.0000
48106.5599 0.0000
47868.1797 0.0000
48547.5302 0.0000
48809.6366 0.0000
49095.5255 0.0000
49131.7682 0.0000
49592.9092 0.0000
48534.0167 0.0000
49756.1411 0.0000
50136.2777 0.0000
50328.1136 0.0000
51097.1365 0.0000
51181.4256 0.0000
51349.9364 0.0000
50738.2308 0.0000
51292.9191 0.0000
50913.7698 0.0000
52221.6546 0.0000
52181.7230 0.0000
52148.2305 0.0000
51909.5995 0.0000
51922.2235 0.0000
52648.5755 0.0000
52251.7688 0.0000
52764.6695 0.0000
52869.0999 0.0000
52863.5797 0.0000
53268.9111 0.0000
52920.3739 0.0000
53755.1454 0.0000
53926.9955 0.0000
53823.3486 0.0000
54207.6656 0.0000
53895.4957 0.0000
54542.6857 0.0000
54308.7096 0.0000
54498.6487 0.0000
54766.3767 0.0000
55014.8307 0.0000
55509.7374 0.0000
55199.6175 0.0000
55437.6829 0.0000
54895.7996 0.0000
55722.3193 0.0000
55688.2462 0.0000
55863.8771 0.0000
55713.5599 0.0000
55453.3007 0.0000
55659.6895 0.0000
56274.8805 0.0000
55717.2624 0.0000
55588.9492 0.0000
56393.7513 0.0000
56498.6571 0.0000
56515.6896 0.0000
56499.5779 0.0000
56720.8857 0.0000
56614.6837 0.0000
57118.9540 0.0000
56859.7272 0.0000
57091.5087 0.0000
57581.3826 0.0000
58304.5886 0.0000
58559.6643 0.0000
58172.2574 0.0000
58562.7426 0.0000
58640.0921 0.0000
58529.8764 0.0000
58298.7111 0.0000
58565.4918 0.0000
59150.3338 0.0000
59068.8844 0.0000
59004.8388 0.0000
58953.5823 0.0000
59310.6348 0.0000
59107.5622 0.0000
59823.1934 0.0000
59453.7936 0.0000
60708.7511 0.0000
60093.2730 0.0000
61394.6969 0.0000
61458.6525 0.0000
61731.4407 0.0000
61564.2804 0.0000
61572.1464 0.0000
61636.4266 0.0000
62009.1475 0.0000
61938.5841 0.0000
61603.2774 0.0000
61302.9938 0.0000
61797.2833 0.0000
61930.3183 0.0000
61864.6637 0.0000
62065.5486 0.0000
61749.5078 0.0000
62523.0780 0.0000
62723.0710 0.0000
62950.8950 0.0000
62602.9852 0.0000
63280.1378 0.0000
63043.8736 0.0000
63053.5191 0.0000
63027.8317 0.0000
62781.0453 0.0000
62701.0798 0.0000
63557.0091 0.0000
63084.0801 0.0000
63203.6583 0.0000
63479.9919 0.0000
63173.7583 0.0000
63963.8219 0.0000
64122.9965 0.0000
63852.9955 0.0000
63897.2288 0.0000
63858.9134 0.0000
63719.6281 0.0000
64094.1593 0.0000
63051.0391 0.0000
64165.9603 0.0000
64271.0787 0.0000
64095.3528 0.0000
64985.4123 0.0000
64710.8152 0.0000
65314.8128 0.0000
65345.4024 0.0000
65902.8362 0.0000
65748.3454 0.0000
65770.8471 0.0000
65457.7888 0.0000
65945.7147 0.0000
65901.0547 0.0000
65777.1591 0.0000
66465.9271 0.0000
66417.9129 0.0000
66472.4574 0.0000
66416.3365 0.0000
66529.0708 0.0000
66948.6055 0.0000
66511.8387 0.0000
67210.1949 0.0000
66837.6900 0.0000
67970.1805 0.0000
68507.0827 0.0000
68901.2645 0.0000
69366.9069 0.0000
68994.9306 0.0000
69344.0505 0.0000
69426.6788 0.0000
68944.2320 0.0000
69898.7993 0.0000
69331.8776 0.0000
69817.1547 0.0000
70051.5585 0.0000
70598.3554 0.0000
71611.5087 0.0000
72081.8706 0.0000
72237.0009 0.0000
72312.6907 0.0000
72606.8910 0.0000
72808.3491 0.0000
73030.0202 0.0000
72697.1605 0.0000
72937.5164 0.0000
73539.3593 0.0000
73395.4187 0.0000
73147.0642 0.0000
74231.1439 0.0000
73979.5293 0.0000
74458.8878 0.0000
74442.3181 0.0000
74740.4455 0.0000
74856.5854 0.0000
75122.1907 0.0000
74742.0770 0.0000
74802.6259 0.0000
74866.1321 0.0000
75228.1948 0.0000
75447.9049 0.0000
75622.5280 0.0000
75732.8780 0.0000
75369.2491 0.0000
75502.4285 0.0000
75907.1496 0.0000
76021.3398 0.0000
76719.3253 0.0000
77014.1336 0.0000
76239.5032 0.0000
77197.5964 0.0000
78162.6665 0.0000
78364.6416 0.0000
78133.9607 0.0000
78808.8834 0.0000
78777.3429 0.0000
79043.6375 0.0000
78919.3777 0.0000
79159.7089 0.0000
78845.5798 0.0000
79190.8382 0.0000
79403.6950 0.0000
78742.2206 0.0000
78952.0826 0.0000
80097.5089 0.0000
79769.3111 0.0000
80190.8989 0.0000
80647.7052 0.0000
80673.5146 0.0000
80171.8621 0.0000
80698.9438 0.0000
80579.4938 0.0000
80583.7713 0.0000
80745.8161 0.0000
80510.8062 0.0000
81087.1308 0.0000
81435.2813 0.0000
80806.5290 0.0000
81238.9166 0.0000
81220.9491 0.0000
81752.4797 0.0000
82371.5521 0.0000
82021.2401 0.0000
82591.8132 0.0000
82694.4575 0.0000
82717.8226 0.0000
82876.3716 0.0000
82877.1000 0.0000
82543.5507 0.0000
83509.9837 0.0000
83885.5740 0.0000
83860.4273 0.0000
83580.6282 0.0000
83889.1111 0.0000
84311.0473 0.0000
84689.8290 0.0000
84587.6878 0.0000
85159.4415 0.0000
85240.8315 0.0000
85544.2320 0.0000
85654.7542 0.0000
85861.5492 0.0000
85461.7724 0.0000
85811.7884 0.0000
86177.1973 0.0000
85871.1736 0.0000
85174.4244 0.0000
86541.5163 0.0000
85998.8755 0.0000
86466.5934 0.0000
86838.6635 0.0000
86796.2059 0.0000
86624.1393 0.0000
86649.6741 0.0000
87416.0582 0.0000
87452.7483 0.0000
88117.8979 0.0000
88783.0946 0.0000
88526.1362 0.0000
88388.9898 0.0000
88766.6088 0.0000
88796.9908 0.0000
88792.2900 0.0000
88040.8136 0.0000
88919.7691 0.0000
88782.8790 0.0000
89214.6689 0.0000
89971.8671 0.0000
90118.8452 0.0000
89645.6666 0.0000
90591.8692 0.0000
90457.5064 0.0000
90299.9334 0.0000
90534.8704 0.0000
90062.8734 0.0000
90749.9236 0.0000
90338.2507 0.0000
90907.9327 0.0000
90309.6595 0.0000
90743.0157 0.0000
90848.1822 0.0000
90860.2028 0.0000
90333.5465 0.0000
90970.8749 0.0000
92117.9075 0.0000
91176.4038 0.0000
92251.2528 0.0000
92721.4696 0.0000
92613.8532 0.0000
92829.8353 0.0000
92670.8114 0.0000
93189.0414 0.0000
93451.6262 0.0000
93647.6330 0.0000
93892.0018 0.0000
93910.8872 0.0000
93619.4074 0.0000
93504.9848 0.0000
94560.4134 0.0000
94611.0369 0.0000
102613.3222 0.0000
101935.3775 0.0000
102440.2539 0.0000
102105.3861 0.0000
102698.1012 0.0000
102566.6101 0.0000
102231.7270 0.0000
102368.5089 0.0000
102157.3399 0.0000
102509.0045 0.0000
101998.9271 0.0000
100881.0122 0.0000
101478.2622 0.0000
101589.4772 0.0000
101093.8179 0.0000
101605.8453 0.0000
100409.4028 0.0000
100428.3016 0.0000
100958.1547 0.0000
100441.6899 0.0000
99640.9818 0.0000
99176.5715 0.0000
99288.0931 0.0000
99182.7603 0.0000
99759.3618 0.0000
98821.6867 0.0000
64868.8777 0.0000
65062.3701 0.0000
65214.0418 0.0000
65008.3958 0.0000
64986.3683 0.0000
106857.2296 0.0000
106411.9222 0.0000
106472.5314 0.0000
106237.6947 0.0000
106692.1510 0.0000
102693.8772 0.0000
102340.2844 0.0000
102348.7091 0.0000
102441.1703 0.0000
102049.3090 0.0000
102902.0562 0.0000
103001.9277 0.0000
102575.4844 0.0000
102585.0075 0.0000
102575.3721 0.0000
101860.1756 0.0000
102139.9104 0.0000
102032.0226 0.0000
102735.1757 0.0000
101708.7187 0.0000
101713.8854 0.0000
102024.5776 0.0000
101583.0456 0.0000
101316.9818 0.0000
100987.9342 0.0000
100576.7640 0.0000
100294.7316 0.0000
100118.6750 0.0000
100868.8154 0.0000
100344.0116 0.0000
98965.1027 0.0000
99581.7673 0.0000
99958.4867 0.0000
98550.8615 0.0000
99020.8515 0.0000
65161.8369 0.0000
65570.8133 0.0000
64063.6592 0.0000
65090.5298 0.0000
65426.3129 0.0000
111476.0616 0.0000
111413.8716 0.0000
111677.4331 0.0000
111248.3383 0.0000
112538.5082 0.0000
102634.9650 0.0000
103233.2314 0.0000
102699.1741 0.0000
102263.2326 0.0000
102884.6623 0.0000
102873.8404 0.0000
103182.3562 0.0000
103356.8274 0.0000
103323.0554 0.0000
102747.5806 0.0000
102118.4365 0.0000
102487.2329 0.0000
102267.3566 0.0000
102795.3208 0.0000
102308.2393 0.0000
100951.2728 0.0000
101663.7003 0.0000
101287.8008 0.0000
101770.5278 0.0000
101773.6769 0.0000
99627.6343 0.0000
100361.2198 0.0000
100228.6499 0.0000
100039.9086 0.0000
100399.1669 0.0000
98829.6847 0.0000
99252.1336 0.0000
99555.3996 0.0000
98997.8547 0.0000
98891.3364 0.0000
64638.8515 0.0000
63602.1467 0.0000
64819.0294 0.0000
65546.4802 0.0000
65560.4517 0.0000
117871.0204 0.0000
117601.4556 0.0000
117124.0482 0.0000
118022.7038 0.0000
117430.6114 0.0000
102356.5650 0.0000
102285.2948 0.0000
103318.9997 0.0000
101849.0943 0.0000
102733.5779 0.0000
102448.9177 0.0000
103082.0076 0.0000
102695.7997 0.0000
103152.0308 0.0000
102631.6776 0.0000
101966.3323 0.0000
101932.4553 0.0000
102448.0350 0.0000
102275.2030 0.0000
102401.0893 0.0000
102170.3194 0.0000
101297.8084 0.0000
101090.4483 0.0000
101549.3476 0.0000
101726.5073 0.0000
99954.5802 0.0000
100916.0791 0.0000
100456.3415 0.0000
100195.3169 0.0000
100046.8881 0.0000
98564.2273 0.0000
99368.9093 0.0000
99578.9153 0.0000
99722.8777 0.0000
98827.9963 0.0000
64779.7594 0.0000
65369.8082 0.0000
64601.3697 0.0000
65326.0568 0.0000
65494.1691 0.0000
122756.6838 0.0000
123189.5962 0.0000
123234.0357 0.0000
123090.3607 0.0000
123173.8872 0.0000
102866.6499 0.0000
102610.2858 0.0000
102898.5168 0.0000
102376.6330 0.0000
102792.4563 0.0000
102803.1406 0.0000
102256.8218 0.0000
102059.8025 0.0000
103309.8080 0.0000
102099.6459 0.0000
102757.4515 0.0000
101686.3034 0.0000
102366.1565 0.0000
102090.0076 0.0000
102232.8009 0.0000
101098.4856 0.0000
101501.4364 0.0000
101210.5045 0.0000
101458.7516 0.0000
100379.5791 0.0000
100346.6787 0.0000
100383.6847 0.0000
100450.7274 0.0000
100261.5132 0.0000
100038.8086 0.0000
99432.2164 0.0000
99535.7785 0.0000
98812.2038 0.0000
99254.4639 0.0000
98851.6074 0.0000
65353.5982 0.0000
64578.4491 0.0000
64852.5940 0.0000
65329.2405 0.0000
65444.3497 0.0000
128026.4063 0.0000
127536.2195 0.0000
127388.5838 0.0000
127881.3744 0.0000
128382.8929 0.0000
102423.7722 0.0000
102918.8868 0.0000
102688.3660 0.0000
102327.0447 0.0000
102023.0212 0.0000
103207.7009 0.0000
101981.2686 0.0000
103062.6787 0.0000
103358.4342 0.0000
102342.5736 0.0000
102341.1309 0.0000
102053.6327 0.0000
102321.9670 0.0000
101824.4685 0.0000
102652.2652 0.0000
101529.0869 0.0000
101465.2735 0.0000
100730.4844 0.0000
101807.3915 0.0000
102454.2238 0.0000
100723.9536 0.0000
99789.1472 0.0000
100005.5765 0.0000
100286.8682 0.0000
99648.4587 0.0000
99154.3941 0.0000
99298.4174 0.0000
98600.2697 0.0000
99158.4742 0.0000
99744.8272 0.0000
64497.4047 0.0000
65046.0052 0.0000
65190.7915 0.0000
64606.9657 0.0000
65325.2592 0.0000
134148.5330 0.0000
134957.3611 0.0000
135162.0553 0.0000
135000.6841 0.0000
135518.5099 0.0000
102159.6100 0.0000
103277.8594 0.0000
102115.3647 0.0000
103241.9643 0.0000
102401.2070 0.0000
102948.2913 0.0000
101976.5057 0.0000
102808.6124 0.0000
102401.7907 0.0000
103160.1745 0.0000
101792.5037 0.0000
102538.0085 0.0000
102331.3817 0.0000
101791.6946 0.0000
102561.2639 0.0000
101812.4904 0.0000
101286.4197 0.0000
100952.0371 0.0000
101476.7452 0.0000
101563.7785 0.0000
100348.6411 0.0000
100716.8714 0.0000
100368.9801 0.0000
100581.6675 0.0000
100041.2874 0.0000
99582.9031 0.0000
99829.1310 0.0000
99276.2753 0.0000
99303.7611 0.0000
99177.4086 0.0000
64530.9275 0.0000
64590.4840 0.0000
65526.4343 0.0000
64319.2788 0.0000
65015.4649 0.0000
140968.1412 0.0000
140544.8048 0.0000
140676.9430 0.0000
140866.7176 0.0000
140888.7529 0.0000
102441.3450 0.0000
102755.9766 0.0000
102855.0804 0.0000
102273.6967 0.0000
102699.8294 0.0000
102772.6101 0.0000
102100.4103 0.0000
102293.9662 0.0000
102878.5565 0.0000
102548.1240 0.0000
102806.3487 0.0000
101810.9420 0.0000
102185.8961 0.0000
102224.7554 0.0000
101653.9666 0.0000
101422.6583 0.0000
102108.5519 0.0000
101562.1909 0.0000
102004.2245 0.0000
101416.1881 0.0000
100741.9409 0.0000
100692.9247 0.0000
100242.7478 0.0000
100164.0423 0.0000
100699.7651 0.0000
99265.2779 0.0000
98379.0488 0.0000
98560.1001 0.0000
99235.6610 0.0000
99718.9362 0.0000
64918.8564 0.0000
65240.0319 0.0000
64790.1407 0.0000
64734.4167 0.0000
64587.6713 0.0000
146181.4809 0.0000
145989.5009 0.0000
146482.1765 0.0000
146125.2823 0.0000
146061.1351 0.0000
102464.8200 0.0000
101728.3503 0.0000
103964.1828 0.0000
102507.4201 0.0000
103291.2952 0.0000
102908.2714 0.0000
102917.2534 0.0000
102213.1134 0.0000
102389.6371 0.0000
103082.8021 0.0000
102187.9375 0.0000
102098.1631 0.0000
101840.7522 0.0000
102424.7976 0.0000
102121.4010 0.0000
101436.3000 0.0000
101328.7006 0.0000
101415.6970 0.0000
100965.0574 0.0000
101654.3484 0.0000
99766.3996 0.0000
100061.9781 0.0000
101230.1542 0.0000
100393.9619 0.0000
99928.8809 0.0000
99062.1265 0.0000
99275.2618 0.0000
99190.0409 0.0000
99760.8069 0.0000
99664.6015 0.0000
65121.3241 0.0000
64835.5362 0.0000
64757.1315 0.0000
64577.3298 0.0000
65101.5591 0.0000
151242.2964 0.0000
151344.9753 0.0000
151644.0000 0.0000
151764.8663 0.0000
151428.3613 0.0000
102955.3402 0.0000
102832.1681 0.0000
102628.1055 0.0000
102923.6662 0.0000
102801.8220 0.0000
102914.8298 0.0000
102249.5998 0.0000
103423.6081 0.0000
102478.7763 0.0000
103005.5871 0.0000
102205.3428 0.0000
101696.1960 0.0000
101711.5648 0.0000
102579.2719 0.0000
102037.0383 0.0000
101544.9467 0.0000
101107.6999 0.0000
100919.9621 0.0000
101341.8008 0.0000
101546.9496 0.0000
100415.8054 0.0000
99986.0697 0.0000
100459.2650 0.0000
101204.3124 0.0000
100209.9188 0.0000
98845.7668 0.0000
99422.6098 0.0000
99496.4010 0.0000
98606.9591 0.0000
99208.8887 0.0000
65460.1024 0.0000
65064.4501 0.0000
64732.5638 0.0000
65141.6762 0.0000
65093.1956 0.0000
157094.3041 0.0000
157165.8713 0.0000
156971.0449 0.0000
157231.0723 0.0000
157219.3872 0.0000
103291.0230 0.0000
102853.6381 0.0000
103000.6205 0.0000
