-100.0000 -100.0000
429.8381 0.0000
377.3963 0.0000
509.9230 0.0000
667.9695 0.0000
524.1168 0.0000
530.7784 0.0000
1351.1902 0.0000
1596.1482 0.0000
1571.2683 0.0000
1729.4217 0.0000
1599.8550 0.0000
631.7985 0.0000
885.0228 0.0000
1048.6061 0.0000
744.1999 0.0000
1087.9658 0.0000
607.3073 0.0000
918.0533 0.0000
443.0789 0.0000
693.3135 0.0000
1180.8333 0.0000
2203.2707 0.0000
2230.4169 0.0000
2038.8071 0.0000
2304.1553 0.0000
2585.9708 0.0000
1342.5642 0.0000
1042.2101 0.0000
1060.1715 0.0000
1236.5620 0.0000
1584.3805 0.0000
1699.0098 0.0000
1229.5722 0.0000
1365.4865 0.0000
1110.4924 0.0000
1238.1900 0.0000
1408.1197 0.0000
1280.1728 0.0000
1705.7520 0.0000
1419.3947 0.0000
1207.3418 0.0000
3085.8790 0.0000
3192.4990 0.0000
3364.4324 0.0000
3075.7535 0.0000
3668.3770 0.0000
1165.3323 0.0000
1126.9654 0.0000
1128.9274 0.0000
1601.5817 0.0000
1502.3143 0.0000
1141.8539 0.0000
1029.9592 0.0000
1019.8366 0.0000
1712.6570 0.0000
1284.4144 0.0000
1414.8795 0.0000
1193.5850 0.0000
1204.4217 0.0000
952.7973 0.0000
1258.5663 0.0000
1282.9834 0.0000
1159.5875 0.0000
1106.7279 0.0000
1176.4561 0.0000
1218.0196 0.0000
1475.2010 0.0000
1606.1526 0.0000
1164.3618 0.0000
1020.5167 0.0000
1040.9011 0.0000
860.0973 0.0000
1218.6012 0.0000
1087.9921 0.0000
1131.5729 0.0000
1078.6113 0.0000
1356.6799 0.0000
1199.4827 0.0000
1020.3421 0.0000
1062.1500 0.0000
993.3111 0.0000
1610.1840 0.0000
1513.8623 0.0000
1306.1608 0.0000
1493.1846 0.0000
1095.8509 0.0000
1126.3262 0.0000
1246.6923 0.0000
1351.0235 0.0000
1426.4368 0.0000
991.1789 0.0000
1030.5551 0.0000
1523.8054 0.0000
1632.1482 0.0000
1094.9474 0.0000
1283.6732 0.0000
1635.1104 0.0000
853.8500 0.0000
1470.2752 0.0000
1168.9620 0.0000
1411.9336 0.0000
1431.0313 0.0000
983.6723 0.0000
986.4495 0.0000
1261.9299 0.0000
1633.4254 0.0000
1733.4307 0.0000
1329.8456 0.0000
1038.5672 0.0000
1453.7349 0.0000
1064.1306 0.0000
1373.0310 0.0000
1003.3440 0.0000
1098.1871 0.0000
1250.3581 0.0000
1703.8513 0.0000
1652.1666 0.0000
1500.5874 0.0000
1028.0667 0.0000
1472.4321 0.0000
1255.8513 0.0000
1445.4683 0.0000
1176.8482 0.0000
1605.6667 0.0000
1502.2491 0.0000
1254.2891 0.0000
1239.9001 0.0000
1402.4422 0.0000
1081.5855 0.0000
1431.1444 0.0000
1169.5225 0.0000
1464.5906 0.0000
1238.4670 0.0000
1142.9820 0.0000
1147.0792 0.0000
1056.3580 0.0000
1092.9217 0.0000
1519.6040 0.0000
1075.3619 0.0000
1448.5511 0.0000
1411.1108 0.0000
1317.0875 0.0000
890.1921 0.0000
1220.8585 0.0000
1214.2898 0.0000
1775.6143 0.0000
1336.9471 0.0000
1255.0839 0.0000
1123.9199 0.0000
902.6887 0.0000
1559.2488 0.0000
1568.1003 0.0000
979.4703 0.0000
1101.4625 0.0000
1361.0263 0.0000
1340.8671 0.0000
1195.2705 0.0000
1267.8308 0.0000
936.4771 0.0000
1619.9937 0.0000
1410.3415 0.0000
556.2229 0.0000
1333.1457 0.0000
1427.1860 0.0000
1422.8530 0.0000
1185.1776 0.0000
1425.5023 0.0000
821.2043 0.0000
1292.3799 0.0000
1177.0946 0.0000
942.9427 0.0000
701.6657 0.0000
933.2771 0.0000
1426.9367 0.0000
1481.0529 0.0000
1820.7015 0.0000
1758.3380 0.0000
1335.5160 0.0000
1561.2608 0.0000
1194.8002 0.0000
1601.7084 0.0000
1095.8259 0.0000
1531.4806 0.0000
958.6329 0.0000
1377.0364 0.0000
1260.7818 0.0000
954.5825 0.0000
1355.9319 0.0000
1374.2721 0.0000
1184.8930 0.0000
1149.8926 0.0000
1314.8926 0.0000
1450.6412 0.0000
1041.6220 0.0000
840.9077 0.0000
1471.4673 0.0000
1406.8589 0.0000
1242.1663 0.0000
1505.6492 0.0000
1206.2468 0.0000
1411.5445 0.0000
983.1104 0.0000
1195.1373 0.0000
1489.0000 0.0000
1631.5876 0.0000
1584.8255 0.0000
1651.1485 0.0000
1089.1963 0.0000
1566.0416 0.0000
1134.3446 0.0000
1022.7368 0.0000
1170.5796 0.0000
1005.2927 0.0000
1022.2192 0.0000
1272.5680 0.0000
1412.8157 0.0000
1077.5273 0.0000
1674.9829 0.0000
1459.3519 0.0000
1248.0372 0.0000
814.9653 0.0000
1233.4919 0.0000
1461.5213 0.0000
1489.7637 0.0000
1237.3744 0.0000
1212.5531 0.0000
1433.3066 0.0000
937.0540 0.0000
1209.4438 0.0000
1141.8575 0.0000
1376.7330 0.0000
1499.2737 0.0000
1110.1891 0.0000
1280.9575 0.0000
1545.6864 0.0000
1722.3081 0.0000
1319.8056 0.0000
977.1954 0.0000
891.4842 0.0000
1413.9193 0.0000
791.0769 0.0000
985.4367 0.0000
1178.9360 0.0000
1281.5549 0.0000
1366.0269 0.0000
1410.6711 0.0000
1905.4287 0.0000
1079.0603 0.0000
1600.4476 0.0000
803.1113 0.0000
1423.2684 0.0000
1183.9153 0.0000
1751.6723 0.0000
1250.8696 0.0000
677.2198 0.0000
1139.2796 0.0000
3779.9878 0.0000
4296.8349 0.0000
3937.4872 0.0000
4282.8896 0.0000
4288.0522 0.0000
4053.8610 0.0000
3950.5140 0.0000
4651.1153 0.0000
4493.5895 0.0000
4521.6388 0.0000
4480.8162 0.0000
5083.1966 0.0000
4984.1616 0.0000
5121.3583 0.0000
5095.0141 0.0000
5060.4825 0.0000
5204.8916 0.0000
5359.0312 0.0000
5236.0747 0.0000
5465.7724 0.0000
5716.4696 0.0000
5311.4927 0.0000
5591.8153 0.0000
6157.0382 0.0000
5800.0156 0.0000
5968.7307 0.0000
5939.7277 0.0000
6308.0564 0.0000
6454.3817 0.0000
6761.6661 0.0000
6734.4113 0.0000
6965.1019 0.0000
6715.7754 0.0000
6602.5892 0.0000
7001.7187 0.0000
6820.6448 0.0000
6437.6477 0.0000
6822.0516 0.0000
6998.8234 0.0000
7117.6754 0.0000
7390.2309 0.0000
7287.9965 0.0000
7232.4501 0.0000
7173.4427 0.0000
7858.0348 0.0000
8069.9128 0.0000
8126.0354 0.0000
8354.3750 0.0000
8204.2024 0.0000
8632.1721 0.0000
8797.2933 0.0000
8977.3931 0.0000
9000.2246 0.0000
9290.7261 0.0000
8623.6627 0.0000
9393.5561 0.0000
9633.0278 0.0000
9753.8771 0.0000
10238.3319 0.0000
10291.4308 0.0000
10397.5862 0.0000
10012.2362 0.0000
10361.6675 0.0000
10122.8181 0.0000
10946.7348 0.0000
10921.5794 0.0000
10900.4804 0.0000
10750.1522 0.0000
10758.1048 0.0000
11215.6783 0.0000
10965.7056 0.0000
11288.8130 0.0000
11354.6000 0.0000
11351.1225 0.0000
11606.4654 0.0000
11386.9009 0.0000
11912.7739 0.0000
12021.0328 0.0000
11955.7393 0.0000
12197.8439 0.0000
12001.1892 0.0000
12408.8934 0.0000
12261.4977 0.0000
12381.1518 0.0000
12549.8099 0.0000
12706.3262 0.0000
13018.0979 0.0000
12822.7345 0.0000
12972.7064 0.0000
12631.3412 0.0000
13152.0161 0.0000
13130.5514 0.0000
13241.1920 0.0000
13146.4980 0.0000
12982.5450 0.0000
13112.5618 0.0000
13500.1079 0.0000
13148.8305 0.0000
13067.9982 0.0000
13574.9918 0.0000
13641.0783 0.0000
13651.8081 0.0000
13641.6584 0.0000
13781.0736 0.0000
13714.1705 0.0000
14031.8409 0.0000
13868.5383 0.0000
14014.5514 0.0000
14323.1527 0.0000
14778.7439 0.0000
14939.4315 0.0000
14695.3805 0.0000
14941.3707 0.0000
14990.0979 0.0000
14920.6663 0.0000
14775.0413 0.0000
14943.1026 0.0000
15311.5300 0.0000
15260.2201 0.0000
15219.8739 0.0000
15187.5843 0.0000
15412.5133 0.0000
15284.5856 0.0000
15735.4050 0.0000
15502.6977 0.0000
16293.2714 0.0000
15905.5445 0.0000
16725.3902 0.0000
16765.6797 0.0000
16937.5255 0.0000
16832.2211 0.0000
16837.1763 0.0000
16877.6703 0.0000
17112.4698 0.0000
17068.0176 0.0000
16856.7877 0.0000
16667.6209 0.0000
16979.0037 0.0000
17062.8105 0.0000
17021.4507 0.0000
17148.0003 0.0000
16948.9070 0.0000
17436.2257 0.0000
17562.2134 0.0000
17705.7336 0.0000
17486.5641 0.0000
17913.1435 0.0000
17764.3064 0.0000
17770.3827 0.0000
17754.2006 0.0000
17598.7349 0.0000
17548.3598 0.0000
18087.5615 0.0000
17789.6349 0.0000
17864.9644 0.0000
18039.0437 0.0000
17846.1286 0.0000
18343.8375 0.0000
18444.1112 0.0000
18274.0213 0.0000
18301.8865 0.0000
18277.7493 0.0000
18190.0051 0.0000
18425.9449 0.0000
17768.8204 0.0000
18471.1767 0.0000
18537.3972 0.0000
18426.6967 0.0000
18987.3991 0.0000
18814.4138 0.0000
19194.9084 0.0000
19214.1787 0.0000
19565.3400 0.0000
19468.0169 0.0000
19482.1921 0.0000
19284.9777 0.0000
19592.3517 0.0000
19564.2177 0.0000
19486.1683 0.0000
19920.0650 0.0000
19889.8180 0.0000
19924.1788 0.0000
19888.8249 0.0000
19959.8430 0.0000
20224.1334 0.0000
19948.9875 0.0000
20388.9244 0.0000
20154.2609 0.0000
20867.6853 0.0000
21205.9125 0.0000
21454.2314 0.0000
21747.5678 0.0000
21513.2374 0.0000
21733.1691 0.0000
21785.2217 0.0000
21481.2992 0.0000
22082.6390 0.0000
21725.5007 0.0000
22031.2061 0.0000
22178.8712 0.0000
22523.3317 0.0000
23161.5783 0.0000
23457.8877 0.0000
23555.6137 0.0000
23603.2953 0.0000
23788.6299 0.0000
23915.5405 0.0000
24055.1845 0.0000
23845.4961 0.0000
23996.9108 0.0000
24376.0481 0.0000
24285.3712 0.0000
24128.9176 0.0000
24811.8451 0.0000
24653.3378 0.0000
24955.3148 0.0000
24944.8764 0.0000
25132.6850 0.0000
25205.8485 0.0000
25373.1693 0.0000
25133.7128 0.0000
25171.8562 0.0000
25211.8626 0.0000
25439.9478 0.0000
25578.3565 0.0000
25688.3621 0.0000
25757.8783 0.0000
25528.8064 0.0000
25612.7042 0.0000
25867.6625 0.0000
25939.5978 0.0000
26379.3011 0.0000
26565.0187 0.0000
26077.0322 0.0000
26680.5930 0.0000
27288.5491 0.0000
27415.7854 0.0000
27270.4656 0.0000
27695.6402 0.0000
27675.7710 0.0000
27843.5261 0.0000
27765.2473 0.0000
27916.6464 0.0000
27718.7575 0.0000
27936.2567 0.0000
28070.3481 0.0000
27653.6453 0.0000
27785.8501 0.0000
28507.4234 0.0000
28300.6718 0.0000
28566.2555 0.0000
28854.0254 0.0000
28870.2843 0.0000
28554.2630 0.0000
28886.3037 0.0000
28811.0549 0.0000
28813.7496 0.0000
28915.8314 0.0000
28767.7844 0.0000
29130.8462 0.0000
29350.1673 0.0000
28954.0781 0.0000
29226.4652 0.0000
29215.1464 0.0000
29549.9897 0.0000
29939.9809 0.0000
29719.2982 0.0000
30078.7367 0.0000
30143.3985 0.0000
30158.1176 0.0000
30257.9973 0.0000
30258.4561 0.0000
30048.3332 0.0000
30657.1479 0.0000
30893.7549 0.0000
30877.9135 0.0000
30701.6511 0.0000
30895.9831 0.0000
31161.7863 0.0000
31400.4038 0.0000
31336.0589 0.0000
31696.2411 0.0000
31747.5136 0.0000
31938.6440 0.0000
32008.2686 0.0000
32138.5413 0.0000
31886.6977 0.0000
32107.1940 0.0000
32337.3871 0.0000
32144.6043 0.0000
31705.6798 0.0000
32566.8937 0.0000
32225.0515 0.0000
32519.6952 0.0000
32754.0848 0.0000
32727.3381 0.0000
32618.9430 0.0000
32635.0289 0.0000
33117.8206 0.0000
33140.9339 0.0000
33559.9519 0.0000
33978.9995 0.0000
33817.1259 0.0000
33730.7291 0.0000
33968.6141 0.0000
33987.7536 0.0000
33984.7923 0.0000
33511.3918 0.0000
34065.0991 0.0000
33978.8638 0.0000
34250.8743 0.0000
34727.8793 0.0000
34820.4697 0.0000
34522.3859 0.0000
35118.4561 0.0000
35033.8129 0.0000
34934.5481 0.0000
35082.5491 0.0000
34785.2097 0.0000
35218.0242 0.0000
34958.6865 0.0000
35317.5637 0.0000
34940.6752 0.0000
35213.6725 0.0000
35279.9232 0.0000
35287.4957 0.0000
34955.7231 0.0000
35357.2148 0.0000
36079.8000 0.0000
35486.6899 0.0000
36163.8023 0.0000
36460.0204 0.0000
36392.2263 0.0000
36528.2865 0.0000
36428.1077 0.0000
36754.5721 0.0000
36919.9902 0.0000
37043.4667 0.0000
37197.4094 0.0000
37209.3065 0.0000
37025.6857 0.0000
36953.6040 0.0000
37618.4824 0.0000
37650.3731 0.0000
64978.8621 0.0000
103843.3150 0.0000
103845.7414 0.0000
103513.3001 0.0000
104106.0152 0.0000
103974.5242 0.0000
102735.7255 0.0000
102872.5074 0.0000
102661.3384 0.0000
103013.0030 0.0000
102502.9256 0.0000
102219.7480 0.0000
102816.9981 0.0000
102928.2131 0.0000
102432.5538 0.0000
102944.5812 0.0000
102219.1618 0.0000
102238.0607 0.0000
102767.9138 0.0000
102251.4489 0.0000
101450.7408 0.0000
101276.5048 0.0000
101388.0264 0.0000
101282.6936 0.0000
101859.2951 0.0000
100921.6199 0.0000
100189.5803 0.0000
100383.0726 0.0000
100534.7444 0.0000
100329.0983 0.0000
100307.0709 0.0000
99333.4607 0.0000
98814.1246 0.0000
98874.7338 0.0000
98639.8971 0.0000
99094.3534 0.0000
65059.4171 0.0000
64705.8243 0.0000
64714.2489 0.0000
64806.7102 0.0000
64414.8488 0.0000
107141.7397 0.0000
107445.5662 0.0000
107322.9494 0.0000
107332.4725 0.0000
107322.8371 0.0000
102364.1741 0.0000
102643.9090 0.0000
102536.0212 0.0000
103239.1743 0.0000
102212.7172 0.0000
103052.6213 0.0000
103363.3134 0.0000
102921.7815 0.0000
102655.7177 0.0000
102326.6701 0.0000
102386.5231 0.0000
102104.4906 0.0000
101928.4341 0.0000
102678.5744 0.0000
102153.7707 0.0000
101065.0360 0.0000
101681.7006 0.0000
102058.4199 0.0000
100650.7948 0.0000
101120.7848 0.0000
100482.5395 0.0000
100891.5159 0.0000
99384.3618 0.0000
100411.2323 0.0000
100747.0155 0.0000
98687.2215 0.0000
99197.2420 0.0000
99460.8036 0.0000
98830.3372 0.0000
100120.5070 0.0000
65000.5049 0.0000
65598.7713 0.0000
65064.7140 0.0000
64628.7725 0.0000
65250.2022 0.0000
113712.9915 0.0000
114197.2466 0.0000
114855.9728 0.0000
115480.9270 0.0000
115530.4064 0.0000
102622.4350 0.0000
102991.2314 0.0000
102771.3551 0.0000
103299.3193 0.0000
102812.2379 0.0000
102290.0087 0.0000
103002.4361 0.0000
102626.5367 0.0000
103109.2637 0.0000
103112.4128 0.0000
101437.3933 0.0000
102170.9789 0.0000
102038.4089 0.0000
101849.6676 0.0000
102208.9259 0.0000
100929.6179 0.0000
101352.0668 0.0000
101655.3328 0.0000
101097.7879 0.0000
100991.2697 0.0000
99959.5541 0.0000
98922.8492 0.0000
100139.7319 0.0000
100867.1828 0.0000
100881.1543 0.0000
99283.6169 0.0000
98989.8672 0.0000
98512.4598 0.0000
99411.1155 0.0000
98667.3395 0.0000
64722.1049 0.0000
64650.8347 0.0000
65684.5396 0.0000
64214.6341 0.0000
65099.1178 0.0000
118342.6964 0.0000
118726.6029 0.0000
118724.3014 0.0000
119180.5325 0.0000
119114.1090 0.0000
102470.3308 0.0000
102436.4538 0.0000
102952.0335 0.0000
102779.2015 0.0000
102905.0879 0.0000
103509.0553 0.0000
102636.5443 0.0000
102429.1842 0.0000
102888.0835 0.0000
103065.2432 0.0000
101764.3393 0.0000
102725.8381 0.0000
102266.1005 0.0000
102005.0759 0.0000
101856.6471 0.0000
100664.1606 0.0000
101468.8425 0.0000
101678.8485 0.0000
101822.8110 0.0000
100927.9296 0.0000
100100.4620 0.0000
100690.5108 0.0000
99922.0723 0.0000
100646.7594 0.0000
100814.8717 0.0000
99134.2861 0.0000
99692.3444 0.0000
99303.8715 0.0000
99115.7570 0.0000
99199.2835 0.0000
65232.1897 0.0000
64975.8257 0.0000
65264.0567 0.0000
64742.1729 0.0000
65157.9961 0.0000
124056.7315 0.0000
123615.4522 0.0000
123418.4328 0.0000
124668.4383 0.0000
124069.9831 0.0000
103261.4500 0.0000
102190.3020 0.0000
102870.1550 0.0000
102594.0061 0.0000
102736.7994 0.0000
102437.2215 0.0000
102840.1723 0.0000
102549.2403 0.0000
102797.4874 0.0000
101718.3150 0.0000
102156.4377 0.0000
102193.4437 0.0000
102260.4864 0.0000
102071.2722 0.0000
101848.5676 0.0000
101532.1497 0.0000
101635.7117 0.0000
100912.1370 0.0000
101354.3972 0.0000
100951.5407 0.0000
100674.3007 0.0000
99899.1516 0.0000
100173.2965 0.0000
100649.9431 0.0000
100765.0523 0.0000
99686.2544 0.0000
98769.2452 0.0000
98621.6095 0.0000
99114.4002 0.0000
99615.9187 0.0000
64789.3121 0.0000
65284.4267 0.0000
65053.9059 0.0000
64692.5846 0.0000
64388.5611 0.0000
129083.5512 0.0000
128366.7186 0.0000
129448.1287 0.0000
130108.4618 0.0000
129752.9342 0.0000
102845.1294 0.0000
102557.6312 0.0000
102825.9656 0.0000
102328.4670 0.0000
103156.2637 0.0000
102867.8228 0.0000
102804.0094 0.0000
102069.2202 0.0000
103146.1274 0.0000
103792.9596 0.0000
102533.7126 0.0000
101598.9062 0.0000
101815.3355 0.0000
102096.6272 0.0000
101458.2177 0.0000
101254.3274 0.0000
101398.3507 0.0000
100700.2029 0.0000
101258.4074 0.0000
101844.7605 0.0000
99818.1073 0.0000
100366.7078 0.0000
100511.4941 0.0000
99927.6682 0.0000
100645.9617 0.0000
99505.8524 0.0000
100068.2601 0.0000
99464.1262 0.0000
99098.0608 0.0000
99615.8865 0.0000
64525.1499 0.0000
65643.3993 0.0000
64480.9046 0.0000
65607.5042 0.0000
64766.7469 0.0000
136608.1672 0.0000
135886.5718 0.0000
136718.6784 0.0000
136422.3680 0.0000
137180.7517 0.0000
102296.5022 0.0000
103042.0070 0.0000
102835.3802 0.0000
102295.6931 0.0000
103065.2624 0.0000
103151.2263 0.0000
102625.1556 0.0000
102290.7730 0.0000
102815.4811 0.0000
102902.5143 0.0000
102158.4001 0.0000
102526.6304 0.0000
102178.7391 0.0000
102391.4265 0.0000
101851.0464 0.0000
101682.8363 0.0000
101929.0642 0.0000
101376.2086 0.0000
101403.6943 0.0000
101277.3419 0.0000
99851.6301 0.0000
99911.1866 0.0000
100847.1369 0.0000
99639.9813 0.0000
100336.1675 0.0000
99577.5556 0.0000
98836.0955 0.0000
98968.2338 0.0000
99158.0084 0.0000
99180.0436 0.0000
64806.8848 0.0000
65121.5165 0.0000
65220.6203 0.0000
64639.2366 0.0000
65065.3692 0.0000
141341.5928 0.0000
140743.9020 0.0000
140937.4579 0.0000
141522.0482 0.0000
141372.0710 0.0000
103310.3472 0.0000
102314.9405 0.0000
102689.8946 0.0000
102728.7539 0.0000
102157.9652 0.0000
102761.3941 0.0000
103447.2878 0.0000
102900.9268 0.0000
103342.9604 0.0000
102754.9239 0.0000
102551.7000 0.0000
102502.6837 0.0000
102052.5068 0.0000
101973.8013 0.0000
102509.5241 0.0000
101365.2112 0.0000
100478.9820 0.0000
100660.0333 0.0000
101335.5943 0.0000
101818.8695 0.0000
100239.5590 0.0000
100560.7344 0.0000
100110.8433 0.0000
100055.1193 0.0000
99908.3739 0.0000
99410.3972 0.0000
99067.4520 0.0000
99560.1277 0.0000
98902.5378 0.0000
98838.3906 0.0000
64830.3598 0.0000
64093.8901 0.0000
66329.7227 0.0000
64872.9599 0.0000
65656.8351 0.0000
148572.6782 0.0000
148791.8304 0.0000
148306.8427 0.0000
148483.3663 0.0000
149176.5314 0.0000
102691.9361 0.0000
102602.1616 0.0000
102344.7507 0.0000
102928.7961 0.0000
102625.3996 0.0000
102775.0359 0.0000
102667.4364 0.0000
102754.4329 0.0000
102303.7932 0.0000
102993.0843 0.0000
101576.1586 0.0000
101871.7371 0.0000
103039.9132 0.0000
102203.7209 0.0000
101738.6399 0.0000
101162.0598 0.0000
101375.1951 0.0000
101289.9742 0.0000
101860.7401 0.0000
101764.5348 0.0000
100442.0267 0.0000
100156.2388 0.0000
100077.8341 0.0000
99898.0324 0.0000
100422.2617 0.0000
99008.7327 0.0000
99362.1109 0.0000
99558.4567 0.0000
99380.2983 0.0000
98922.9270 0.0000
65320.8801 0.0000
65197.7079 0.0000
64993.6453 0.0000
65289.2060 0.0000
65167.3619 0.0000
153056.0859 0.0000
152607.5845 0.0000
153781.5928 0.0000
153562.2679 0.0000
154089.0787 0.0000
102709.3413 0.0000
102200.1946 0.0000
102215.5634 0.0000
103083.2704 0.0000
102541.0369 0.0000
102883.6826 0.0000
102446.4358 0.0000
102258.6980 0.0000
102680.5366 0.0000
102885.6855 0.0000
102225.5645 0.0000
101795.8287 0.0000
102269.0240 0.0000
103014.0714 0.0000
102019.6778 0.0000
100945.7001 0.0000
101522.5431 0.0000
101596.3343 0.0000
100706.8924 0.0000
101308.8220 0.0000
100780.8050 0.0000
100385.1527 0.0000
100053.2664 0.0000
100462.3788 0.0000
100413.8981 0.0000
99314.3777 0.0000
99330.9992 0.0000
99064.6057 0.0000
99324.6330 0.0000
99247.7469 0.0000
65656.5629 0.0000
65219.1780 0.0000
65366.1604 0.0000
