-100.0000 -100.0000
-468.5315 0.0000
-7.8566 0.0000
332.0321 0.0000
937.3570 0.0000
809.8777 0.0000
849.6397 0.0000
2233.1133 0.0000
2365.4117 0.0000
2433.5771 0.0000
2697.8459 0.0000
2820.8518 0.0000
1073.3801 0.0000
2053.0032 0.0000
2070.8027 0.0000
2202.7819 0.0000
2204.8484 0.0000
1504.8177 0.0000
1481.7964 0.0000
1732.7954 0.0000
2212.3717 0.0000
2259.0024 0.0000
2564.0670 0.0000
3519.5468 0.0000
3617.1605 0.0000
3415.3560 0.0000
3530.2023 0.0000
3434.2297 0.0000
3175.1572 0.0000
3933.5640 0.0000
4294.1935 0.0000
4454.5727 0.0000
4454.1033 0.0000
4886.2171 0.0000
4613.2853 0.0000
5373.7421 0.0000
5616.6973 0.0000
5192.7858 0.0000
5498.7074 0.0000
6130.9356 0.0000
6282.3203 0.0000
5907.7313 0.0000
6315.4074 0.0000
5697.7721 0.0000
6391.4651 0.0000
5632.9359 0.0000
5788.2899 0.0000
5652.5436 0.0000
6018.0618 0.0000
6316.3409 0.0000
6594.4633 0.0000
6422.1400 0.0000
7053.9809 0.0000
7045.7224 0.0000
6973.4090 0.0000
6887.1030 0.0000
6974.6298 0.0000
7865.8974 0.0000
8347.9835 0.0000
8172.8863 0.0000
8215.3100 0.0000
7971.6276 0.0000
8551.8743 0.0000
8077.8027 0.0000
8780.9726 0.0000
8655.6131 0.0000
8695.1144 0.0000
8949.3374 0.0000
8996.4219 0.0000
9208.0717 0.0000
9299.9229 0.0000
8829.6118 0.0000
9570.7185 0.0000
9768.6418 0.0000
9177.7315 0.0000
10277.8646 0.0000
9907.7272 0.0000
10442.1825 0.0000
10500.0030 0.0000
10342.4944 0.0000
10476.6028 0.0000
11311.1463 0.0000
11148.9398 0.0000
10947.8137 0.0000
11259.4261 0.0000
11478.5863 0.0000
11504.8435 0.0000
11001.1296 0.0000
11253.9012 0.0000
12108.3342 0.0000
12018.0178 0.0000
11735.4058 0.0000
11753.3654 0.0000
12432.4881 0.0000
12380.2011 0.0000
13294.4530 0.0000
13407.8648 0.0000
13174.7596 0.0000
13661.6239 0.0000
12904.3019 0.0000
13165.8983 0.0000
12839.4669 0.0000
13908.2891 0.0000
13968.3825 0.0000
13685.7782 0.0000
13418.6232 0.0000
13693.8040 0.0000
13659.9814 0.0000
13791.9359 0.0000
13982.6340 0.0000
13978.1302 0.0000
13804.7074 0.0000
13628.0654 0.0000
14136.2261 0.0000
15115.9046 0.0000
14195.0326 0.0000
14902.2527 0.0000
14912.4996 0.0000
15114.9701 0.0000
14652.3675 0.0000
14458.4552 0.0000
14930.7949 0.0000
15815.6387 0.0000
16211.1946 0.0000
15724.5670 0.0000
16401.9012 0.0000
16151.8226 0.0000
15899.5039 0.0000
16465.6699 0.0000
16147.4469 0.0000
16908.5606 0.0000
16536.7080 0.0000
16582.0941 0.0000
16434.7872 0.0000
16509.5045 0.0000
16935.6786 0.0000
16963.4996 0.0000
17368.9299 0.0000
17812.6368 0.0000
17224.1115 0.0000
17877.5072 0.0000
17233.6305 0.0000
18043.2765 0.0000
17999.7626 0.0000
17999.4963 0.0000
18121.8199 0.0000
17999.8239 0.0000
17989.6793 0.0000
17709.7048 0.0000
17707.7211 0.0000
18435.0995 0.0000
18566.9713 0.0000
18408.7711 0.0000
18546.1813 0.0000
18717.1220 0.0000
18870.9882 0.0000
19073.1230 0.0000
19356.1373 0.0000
19563.2877 0.0000
19990.5180 0.0000
19765.3239 0.0000
20430.9870 0.0000
20549.7674 0.0000
20210.6467 0.0000
20587.1761 0.0000
20587.4252 0.0000
21171.0461 0.0000
21468.6028 0.0000
21725.1873 0.0000
21885.0530 0.0000
22047.2020 0.0000
21654.1148 0.0000
22021.1388 0.0000
22146.9993 0.0000
21597.2925 0.0000
22390.8927 0.0000
22815.5304 0.0000
23105.1669 0.0000
23277.1406 0.0000
23363.3937 0.0000
23378.0066 0.0000
24001.5057 0.0000
23447.4839 0.0000
23969.9002 0.0000
23399.1021 0.0000
24151.9576 0.0000
23809.9828 0.0000
24162.7427 0.0000
23972.8533 0.0000
24351.9293 0.0000
24801.0881 0.0000
25421.7784 0.0000
25208.8135 0.0000
25120.8038 0.0000
25268.3585 0.0000
25766.6248 0.0000
25923.7912 0.0000
25959.5750 0.0000
25738.1717 0.0000
25607.2099 0.0000
25932.7539 0.0000
25726.9854 0.0000
25753.3144 0.0000
26261.3630 0.0000
26074.4312 0.0000
25830.4012 0.0000
25989.3857 0.0000
26467.1854 0.0000
25904.5836 0.0000
26334.0102 0.0000
26027.8819 0.0000
26452.4870 0.0000
26569.8953 0.0000
26484.7914 0.0000
26894.4334 0.0000
26789.3399 0.0000
26589.7586 0.0000
26769.0514 0.0000
26933.2467 0.0000
27367.1931 0.0000
26948.4948 0.0000
26924.5899 0.0000
27294.7544 0.0000
27532.5806 0.0000
27694.4657 0.0000
27482.1965 0.0000
27848.4568 0.0000
27360.1852 0.0000
26704.4871 0.0000
27742.2157 0.0000
28429.8270 0.0000
28549.1313 0.0000
28704.0139 0.0000
28585.4401 0.0000
28447.2655 0.0000
28131.1800 0.0000
28217.8686 0.0000
28597.1900 0.0000
29496.9995 0.0000
29875.5425 0.0000
30246.5277 0.0000
29745.4948 0.0000
30086.8236 0.0000
30323.2022 0.0000
30444.5162 0.0000
30107.2332 0.0000
30455.7855 0.0000
30462.6437 0.0000
30492.1787 0.0000
30016.9980 0.0000
30375.3589 0.0000
30143.2905 0.0000
30694.2107 0.0000
30783.8391 0.0000
30658.7486 0.0000
30433.6196 0.0000
30794.1582 0.0000
31136.5898 0.0000
31441.0982 0.0000
31549.0184 0.0000
31396.7971 0.0000
31652.5562 0.0000
31625.0503 0.0000
30989.5926 0.0000
31906.4717 0.0000
31711.8135 0.0000
31961.0667 0.0000
31811.7257 0.0000
31967.3462 0.0000
31524.6778 0.0000
32693.4522 0.0000
32929.8379 0.0000
32951.3918 0.0000
32622.2748 0.0000
32458.2895 0.0000
33161.9031 0.0000
33770.6122 0.0000
34084.4967 0.0000
34010.7880 0.0000
34468.6797 0.0000
34729.5608 0.0000
33798.8280 0.0000
34812.3139 0.0000
34922.9695 0.0000
34572.5391 0.0000
35687.3522 0.0000
36105.2112 0.0000
36664.9805 0.0000
36943.6319 0.0000
36715.2798 0.0000
37155.7217 0.0000
37578.1461 0.0000
37939.3024 0.0000
37206.7593 0.0000
37791.7757 0.0000
38033.8234 0.0000
38006.1200 0.0000
38219.2639 0.0000
38458.7246 0.0000
38801.9462 0.0000
38672.3759 0.0000
38516.9658 0.0000
38810.8422 0.0000
38531.5141 0.0000
38772.0069 0.0000
38516.7244 0.0000
39196.1770 0.0000
39352.5310 0.0000
39526.0903 0.0000
39091.4426 0.0000
39625.4712 0.0000
39788.8666 0.0000
39838.5816 0.0000
39873.5791 0.0000
39518.5804 0.0000
39840.3689 0.0000
39498.2536 0.0000
39780.7146 0.0000
39744.3672 0.0000
39960.2948 0.0000
39090.9955 0.0000
39725.8608 0.0000
40128.0353 0.0000
40055.8273 0.0000
40072.3920 0.0000
40200.8859 0.0000
39881.0501 0.0000
39646.4193 0.0000
40653.4567 0.0000
40365.1338 0.0000
40118.5908 0.0000
40434.5908 0.0000
40413.2125 0.0000
40866.9810 0.0000
40070.6699 0.0000
41254.9044 0.0000
41155.5618 0.0000
41271.6856 0.0000
41561.0019 0.0000
41559.0566 0.0000
40474.3771 0.0000
42145.5366 0.0000
42605.4867 0.0000
42463.3923 0.0000
42823.2235 0.0000
42673.0231 0.0000
42508.2976 0.0000
42816.1472 0.0000
42860.0598 0.0000
43149.1010 0.0000
43221.5982 0.0000
43054.2705 0.0000
42992.0463 0.0000
43239.0908 0.0000
43095.8147 0.0000
43654.2622 0.0000
43859.6518 0.0000
43627.5053 0.0000
44130.3437 0.0000
44325.9656 0.0000
44214.0792 0.0000
44045.1947 0.0000
44029.2713 0.0000
43481.0259 0.0000
44545.2025 0.0000
45083.1901 0.0000
45461.3882 0.0000
45183.6208 0.0000
45352.1565 0.0000
44974.9043 0.0000
45391.6036 0.0000
45267.3473 0.0000
45399.4337 0.0000
45368.9871 0.0000
45034.6924 0.0000
45150.8386 0.0000
45421.5306 0.0000
45719.5586 0.0000
45698.0123 0.0000
46061.5306 0.0000
46110.0930 0.0000
46063.1711 0.0000
45637.4784 0.0000
46103.8558 0.0000
46458.6159 0.0000
46228.4174 0.0000
46844.7735 0.0000
47084.8373 0.0000
46796.8945 0.0000
47120.6123 0.0000
47712.4985 0.0000
47646.0401 0.0000
47352.2168 0.0000
47252.8950 0.0000
47446.2906 0.0000
47230.4822 0.0000
48136.7444 0.0000
47756.2852 0.0000
47894.3420 0.0000
47595.9601 0.0000
48540.7551 0.0000
48281.4506 0.0000
48549.8430 0.0000
48478.6172 0.0000
47897.0954 0.0000
48584.5382 0.0000
48866.2448 0.0000
48469.4502 0.0000
49009.8194 0.0000
49103.8808 0.0000
49096.3417 0.0000
49262.7148 0.0000
49168.0557 0.0000
49333.9557 0.0000
49340.4115 0.0000
49562.4872 0.0000
49323.6427 0.0000
49954.4307 0.0000
49884.4502 0.0000
49470.6304 0.0000
50507.7997 0.0000
50179.6825 0.0000
49929.9084 0.0000
50462.3147 0.0000
50356.4290 0.0000
50340.2686 0.0000
51299.6910 0.0000
51583.7273 0.0000
51557.5980 0.0000
51522.8806 0.0000
51741.2195 0.0000
51837.6531 0.0000
51917.3289 0.0000
52105.1466 0.0000
52252.3607 0.0000
51687.2906 0.0000
52320.4606 0.0000
51880.3265 0.0000
52650.3055 0.0000
53298.1396 0.0000
53716.3146 0.0000
53777.5177 0.0000
53361.8777 0.0000
54147.2140 0.0000
53687.4774 0.0000
53787.5703 0.0000
53908.4542 0.0000
54030.9025 0.0000
54675.9030 0.0000
54291.6149 0.0000
54654.3665 0.0000
53981.0034 0.0000
54877.6265 0.0000
54765.8237 0.0000
54419.8244 0.0000
55189.4345 0.0000
56028.7953 0.0000
55848.7439 0.0000
56050.5449 0.0000
55678.4933 0.0000
56007.2060 0.0000
56256.7116 0.0000
56095.0768 0.0000
57005.4053 0.0000
57116.0492 0.0000
57022.9553 0.0000
56889.8095 0.0000
57041.3365 0.0000
56704.9862 0.0000
56747.7420 0.0000
57048.5116 0.0000
57197.5215 0.0000
57094.0538 0.0000
56876.4364 0.0000
57068.7899 0.0000
57421.1311 0.0000
56893.1675 0.0000
57558.1991 0.0000
57903.5331 0.0000
57935.7254 0.0000
57635.5023 0.0000
58277.2380 0.0000
58749.3019 0.0000
58315.3137 0.0000
58602.0890 0.0000
59157.8018 0.0000
58873.3642 0.0000
59536.2249 0.0000
59107.0189 0.0000
59710.4866 0.0000
59621.2413 0.0000
60016.0623 0.0000
60135.9053 0.0000
59559.9071 0.0000
60099.0667 0.0000
60155.7760 0.0000
59756.0887 0.0000
59276.1823 0.0000
60413.4409 0.0000
60679.1998 0.0000
60769.2863 0.0000
60915.2290 0.0000
61037.4355 0.0000
61103.5054 0.0000
61526.7850 0.0000
60967.4364 0.0000
61345.1379 0.0000
61238.3672 0.0000
62187.1439 0.0000
62033.7106 0.0000
62505.1671 0.0000
62499.4084 0.0000
62945.6789 0.0000
62441.9325 0.0000
62821.8181 0.0000
63410.6598 0.0000
63473.8443 0.0000
63577.9552 0.0000
63815.8280 0.0000
64011.6778 0.0000
63571.1246 0.0000
64043.2937 0.0000
63599.9436 0.0000
64194.9156 0.0000
63887.8123 0.0000
64038.9807 0.0000
63824.0511 0.0000
64726.2958 0.0000
64839.8236 0.0000
64431.2262 0.0000
64692.1376 0.0000
63909.4380 0.0000
64604.9709 0.0000
64382.6363 0.0000
64371.1088 0.0000
64910.3055 0.0000
64960.2745 0.0000
64863.7390 0.0000
64553.3914 0.0000
64823.6099 0.0000
64521.7364 0.0000
64723.1627 0.0000
64809.7197 0.0000
65079.4173 0.0000
65459.9234 0.0000
65749.1756 0.0000
65893.8581 0.0000
65208.3816 0.0000
65862.8480 0.0000
65866.0850 0.0000
65863.7318 0.0000
66092.3635 0.0000
65686.2762 0.0000
66501.6623 0.0000
66469.5681 0.0000
66913.2790 0.0000
67056.8495 0.0000
67505.9445 0.0000
67558.9399 0.0000
67539.8316 0.0000
67170.6589 0.0000
67296.2530 0.0000
67363.3790 0.0000
66714.7954 0.0000
67371.6304 0.0000
67400.0986 0.0000
67350.1731 0.0000
67874.6529 0.0000
67853.2236 0.0000
67912.6894 0.0000
67718.3556 0.0000
67907.6620 0.0000
67632.1760 0.0000
67886.0866 0.0000
68415.0787 0.0000
68354.7269 0.0000
68847.7495 0.0000
69320.1069 0.0000
69132.6566 0.0000
68811.1550 0.0000
69382.8156 0.0000
69697.4034 0.0000
70016.1749 0.0000
70440.8448 0.0000
70435.4123 0.0000
70088.8649 0.0000
70373.6062 0.0000
71053.7039 0.0000
71084.1969 0.0000
71106.6104 0.0000
71355.4180 0.0000
70849.4097 0.0000
71377.0205 0.0000
70801.0760 0.0000
72060.1286 0.0000
71956.0918 0.0000
71728.6975 0.0000
71407.5957 0.0000
72211.6981 0.0000
72890.5490 0.0000
72498.3362 0.0000
84577.4060 0.0000
84068.4021 0.0000
84610.0327 0.0000
84451.8609 0.0000
84686.0138 0.0000
83907.2571 0.0000
80099.3319 0.0000
79956.4325 0.0000
79524.2478 0.0000
79536.3245 0.0000
79735.4973 0.0000
78821.0452 0.0000
79540.4426 0.0000
79066.7846 0.0000
80003.2928 0.0000
78824.4049 0.0000
75755.9566 0.0000
76707.7022 0.0000
76354.0409 0.0000
76035.4883 0.0000
77015.9726 0.0000
85978.6927 0.0000
86355.3778 0.0000
86454.0688 0.0000
86485.8831 0.0000
87114.9114 0.0000
87723.7009 0.0000
87807.0381 0.0000
87533.0639 0.0000
88104.4344 0.0000
88188.0451 0.0000
89113.2459 0.0000
88606.7269 0.0000
89291.0987 0.0000
89341.8822 0.0000
89486.6986 0.0000
88696.6708 0.0000
88418.9343 0.0000
88244.5020 0.0000
88875.5977 0.0000
88432.7790 0.0000
79166.1279 0.0000
79520.2047 0.0000
79340.7912 0.0000
79649.2452 0.0000
79076.0523 0.0000
79783.6578 0.0000
79950.2660 0.0000
79547.8855 0.0000
79713.0697 0.0000
80536.2595 0.0000
76247.8537 0.0000
76125.5874 0.0000
77049.3516 0.0000
77255.2064 0.0000
76978.9348 0.0000
93169.9264 0.0000
92923.6619 0.0000
93330.4804 0.0000
93696.7806 0.0000
93978.8501 0.0000
95873.8283 0.0000
95779.7803 0.0000
95524.5408 0.0000
95737.1648 0.0000
95611.0447 0.0000
96228.5004 0.0000
94924.0534 0.0000
96237.2924 0.0000
96386.8576 0.0000
96389.7877 0.0000
88315.2856 0.0000
88243.9455 0.0000
88212.2678 0.0000
88672.5128 0.0000
88457.3376 0.0000
79582.9463 0.0000
79699.3753 0.0000
79689.0350 0.0000
79522.5614 0.0000
79640.4153 0.0000
79420.1013 0.0000
79592.5176 0.0000
79215.1616 0.0000
79427.9987 0.0000
78851.4924 0.0000
76044.3182 0.0000
76260.6449 0.0000
76321.0654 0.0000
75690.9171 0.0000
77152.9385 0.0000
97236.0484 0.0000
97503.8015 0.0000
97416.6142 0.0000
97517.4783 0.0000
97616.5279 0.0000
97704.6184 0.0000
97680.4204 0.0000
97665.4935 0.0000
97590.6792 0.0000
97927.5863 0.0000
98984.9826 0.0000
98605.6007 0.0000
98419.3746 0.0000
99624.6342 0.0000
99537.0866 0.0000
88028.4156 0.0000
88150.0942 0.0000
88413.9672 0.0000
87717.9108 0.0000
88945.7335 0.0000
79238.8329 0.0000
80472.5314 0.0000
80062.8826 0.0000
79339.4707 0.0000
79399.4306 0.0000
78996.9955 0.0000
80224.4926 0.0000
79467.2631 0.0000
79853.6060 0.0000
79837.5027 0.0000
75986.9892 0.0000
76419.5674 0.0000
76687.4432 0.0000
75941.2314 0.0000
76381.8941 0.0000
101350.1279 0.0000
101126.4886 0.0000
101393.6562 0.0000
101337.9268 0.0000
101595.3928 0.0000
102330.4473 0.0000
101678.2957 0.0000
102609.5672 0.0000
102288.8824 0.0000
102913.1255 0.0000
102997.0009 0.0000
102583.8003 0.0000
102934.4312 0.0000
102713.7009 0.0000
102761.5120 0.0000
88608.1507 0.0000
88245.0384 0.0000
87886.6781 0.0000
88624.1886 0.0000
88900.5964 0.0000
79270.8810 0.0000
79500.1953 0.0000
79005.5981 0.0000
79614.3997 0.0000
79631.0251 0.0000
79290.1571 0.0000
79734.1149 0.0000
79741.6766 0.0000
79225.4318 0.0000
79250.4510 0.0000
76699.0980 0.0000
76110.5313 0.0000
76041.8367 0.0000
76169.0440 0.0000
76339.1506 0.0000
102336.1234 0.0000
102163.7436 0.0000
102058.6783 0.0000
101633.5850 0.0000
101664.8552 0.0000
104438.0730 0.0000
104637.3850 0.0000
105359.8092 0.0000
106254.7508 0.0000
106640.9537 0.0000
107776.6474 0.0000
108021.4585 0.0000
107535.5481 0.0000
107886.6829 0.0000
107706.6815 0.0000
87933.8948 0.0000
87410.8604 0.0000
88339.9976 0.0000
88736.3424 0.0000
88193.3311 0.0000
79829.3907 0.0000
79341.1264 0.0000
79534.7110 0.0000
79637.9978 0.0000
79219.5070 0.0000
78922.8892 0.0000
79360.8013 0.0000
79757.3239 0.0000
79227.1712 0.0000
79386.0172 0.0000
76251.0565 0.0000
77072.6453 0.0000
76369.1456 0.0000
76005.8736 0.0000
75635.5759 0.0000
101833.4537 0.0000
102033.7563 0.0000
101754.4524 0.0000
101798.1356 0.0000
101756.3711 0.0000
107344.9580 0.0000
107285.7021 0.0000
108261.7600 0.0000
108316.5408 0.0000
108314.9839 0.0000
108983.0261 0.0000
108347.1080 0.0000
109292.8911 0.0000
109057.3440 0.0000
108734.5631 0.0000
88571.5017 0.0000
88154.7768 0.0000
88325.7516 0.0000
87224.3362 0.0000
88294.0931 0.0000
79491.4019 0.0000
79818.7142 0.0000
79476.3983 0.0000
79648.2718 0.0000
79618.8849 0.0000
79409.4724 0.0000
79634.0828 0.0000
79048.6129 0.0000
79685.3911 0.0000
79482.8162 0.0000
76897.3397 0.0000
76070.3034 0.0000
76041.4799 0.0000
76564.2146 0.0000
76071.8625 0.0000
100964.5360 0.0000
101488.7944 0.0000
101679.9444 0.0000
101783.2925 0.0000
102434.3504 0.0000
110548.9857 0.0000
110733.4262 0.0000
110849.3912 0.0000
111305.4272 0.0000
111850.6455 0.0000
112723.7097 0.0000
112696.4004 0.0000
112739.4316 0.0000
112988.7682 0.0000
113129.8118 0.0000
88687.7765 0.0000
88513.3414 0.0000
88619.5465 0.0000
88414.0605 0.0000
88224.9063 0.0000
79819.6800 0.0000
79246.0785 0.0000
79981.5424 0.0000
79902.6703 0.0000
79211.8067 0.0000
79447.4559 0.0000
79239.2079 0.0000
79818.8592 0.0000
80225.2234 0.0000
79750.9984 0.0000
75880.6067 0.0000
76399.7154 0.0000
76263.1953 0.0000
76530.5575 0.0000
76744.8345 0.0000
101457.5188 0.0000
101905.5079 0.0000
101111.1250 0.0000
101585.2615 0.0000
101944.9120 0.0000
115837.1519 0.0000
116573.0672 0.0000
116095.2570 0.0000
116586.9728 0.0000
115698.5171 0.0000
117261.7036 0.0000
117415.4654 0.0000
117164.7306 0.0000
117329.2388 0.0000
117197.6022 0.0000
88627.0883 0.0000
87432.8375 0.0000
87515.4783 0.0000
87978.1047 0.0000
88160.8616 0.0000
79363.6333 0.0000
79936.5596 0.0000
79249.8017 0.0000
80203.1729 0.0000
79817.1754 0.0000
79257.8563 0.0000
79797.3648 0.0000
78907.1240 0.0000
79439.5721 0.0000
79869.1415 0.0000
76022.1965 0.0000
76740.2936 0.0000
75949.4066 0.0000
76930.6415 0.0000
76866.6930 0.0000
101228.3724 0.0000
101947.4684 0.0000
101619.7667 0.0000
102217.8723 0.0000
101336.0321 0.0000
119866.6370 0.0000
119716.9026 0.0000
119775.5522 0.0000
119480.1254 0.0000
119579.8875 0.0000
120093.2853 0.0000
120318.1397 0.0000
120381.1739 0.0000
120779.9110 0.0000
120911.1725 0.0000
87951.4125 0.0000
88212.1970 0.0000
87868.8417 0.0000
87920.7170 0.0000
88842.5382 0.0000
79782.3498 0.0000
79920.4604 0.0000
80110.3848 0.0000
80596.6123 0.0000
79884.6394 0.0000
79223.3693 0.0000
79141.2106 0.0000
79593.6911 0.0000
79492.1944 0.0000
79772.9957 0.0000
76423.3295 0.0000
76381.4280 0.0000
76592.4530 0.0000
76217.1345 0.0000
76900.0542 0.0000
102066.7425 0.0000
101830.4655 0.0000
101499.3854 0.0000
102006.1953 0.0000
101915.8398 0.0000
124316.9934 0.0000
124429.5139 0.0000
124547.9608 0.0000
125423.3107 0.0000
125160.3404 0.0000
126810.5687 0.0000
126690.7871 0.0000
126379.4016 0.0000
126694.0621 0.0000
126750.2946 0.0000
88426.2639 0.0000
88155.9040 0.0000
87864.0782 0.0000
88328.0679 0.0000
88416.6528 0.0000
80314.2856 0.0000
79633.1713 0.0000
79396.1855 0.0000
79929.2101 0.0000
79969.7742 0.0000
79201.1204 0.0000
79794.8253 0.0000
79764.0609 0.0000
79084.1066 0.0000
80457.8081 0.0000
76541.6208 0.0000
76140.0185 0.0000
77033.6684 0.0000
76146.5994 0.0000
76557.4451 0.0000
101683.6142 0.0000
102174.5785 0.0000
101838.9257 0.0000
102012.2212 0.0000
101602.7224 0.0000
129914.5252 0.0000
130262.2642 0.0000
129887.5913 0.0000
130421.2879 0.0000
131196.7618 0.0000
132721.3173 0.0000
131792.5720 0.0000
132836.7584 0.0000
132741.1138 0.0000
132418.5122 0.0000
87708.2261 0.0000
88660.7446 0.0000
88545.7355 0.0000
88485.7047 0.0000
89073.6645 0.0000
79638.2364 0.0000
79630.4718 0.0000
79167.9825 0.0000
79582.4760 0.0000
80022.4836 0.0000
80031.9837 0.0000
79545.4813 0.0000
79458.1556 0.0000
