-100.0000 -100.0000
732.9831 0.0000
666.7127 0.0000
833.8746 0.0000
1032.5731 0.0000
852.0890 0.0000
860.5137 0.0000
1435.5336 0.0000
1745.1321 0.0000
1713.7078 0.0000
1913.6077 0.0000
1749.9137 0.0000
1542.4593 0.0000
1860.9151 0.0000
2066.7554 0.0000
2079.4564 0.0000
2505.6281 0.0000
2352.2752 0.0000
2742.0098 0.0000
2377.4147 0.0000
2690.0778 0.0000
3296.9625 0.0000
3641.1155 0.0000
3675.2730 0.0000
3434.4206 0.0000
3767.8771 0.0000
4122.2835 0.0000
3765.5022 0.0000
3391.8880 0.0000
3413.7043 0.0000
3633.4626 0.0000
4067.4900 0.0000
4210.7373 0.0000
4158.8165 0.0000
4327.8718 0.0000
4127.9545 0.0000
4286.3503 0.0000
4558.4899 0.0000
4562.0717 0.0000
5100.1443 0.0000
5284.2755 0.0000
5204.7871 0.0000
5353.4292 0.0000
5487.6150 0.0000
5704.0062 0.0000
5340.6635 0.0000
6086.6802 0.0000
5947.2976 0.0000
5906.9932 0.0000
5909.7888 0.0000
6497.9520 0.0000
6785.4601 0.0000
6624.5991 0.0000
6485.6296 0.0000
6473.0633 0.0000
7335.4565 0.0000
7351.5130 0.0000
7529.7347 0.0000
7432.7612 0.0000
7446.3635 0.0000
7134.1529 0.0000
7513.7730 0.0000
7544.0464 0.0000
7405.1968 0.0000
7339.7011 0.0000
7426.5142 0.0000
7477.6710 0.0000
7797.8546 0.0000
8214.8182 0.0000
8081.6827 0.0000
7903.5783 0.0000
7920.1894 0.0000
7704.9949 0.0000
8149.2005 0.0000
7987.3115 0.0000
8041.4066 0.0000
7975.7959 0.0000
8321.0853 0.0000
8231.5743 0.0000
8009.3459 0.0000
8061.2889 0.0000
7976.0858 0.0000
8743.1224 0.0000
9044.7246 0.0000
9088.0991 0.0000
9364.4058 0.0000
9146.2874 0.0000
9184.2781 0.0000
9333.7982 0.0000
9463.4703 0.0000
9656.4799 0.0000
9308.6304 0.0000
9357.3701 0.0000
9970.8709 0.0000
10420.2544 0.0000
10201.0556 0.0000
10435.9371 0.0000
10888.7992 0.0000
10370.9634 0.0000
11130.4323 0.0000
10761.5811 0.0000
11063.4459 0.0000
11443.8744 0.0000
11086.6140 0.0000
11090.0441 0.0000
11432.2860 0.0000
11894.9514 0.0000
12470.7434 0.0000
12543.3189 0.0000
12254.1013 0.0000
12764.5703 0.0000
12507.1626 0.0000
12890.9467 0.0000
12558.6418 0.0000
12675.6924 0.0000
12864.6658 0.0000
13429.7534 0.0000
13903.9412 0.0000
14189.0244 0.0000
13886.9594 0.0000
14439.2554 0.0000
14420.0688 0.0000
14655.9633 0.0000
14538.6850 0.0000
15072.2165 0.0000
15359.6815 0.0000
15338.4139 0.0000
15320.6646 0.0000
15522.6475 0.0000
15286.6883 0.0000
15715.7038 0.0000
15588.9261 0.0000
15956.3564 0.0000
15908.8177 0.0000
15796.8690 0.0000
15802.0781 0.0000
15689.3753 0.0000
15735.0280 0.0000
16265.4407 0.0000
16021.9214 0.0000
16485.9516 0.0000
16660.0075 0.0000
16716.7747 0.0000
16244.1310 0.0000
16653.9198 0.0000
16645.5039 0.0000
17345.0597 0.0000
17426.3900 0.0000
17406.4565 0.0000
17243.2102 0.0000
16968.9476 0.0000
17785.0053 0.0000
18154.4384 0.0000
17792.1700 0.0000
17943.6106 0.0000
18265.9537 0.0000
18352.2149 0.0000
18257.4703 0.0000
18347.6705 0.0000
17936.8325 0.0000
18781.3258 0.0000
18954.1164 0.0000
18069.5949 0.0000
19031.0390 0.0000
19225.1102 0.0000
19407.7430 0.0000
19300.7635 0.0000
19599.3808 0.0000
19041.5685 0.0000
19625.5313 0.0000
19501.3253 0.0000
19218.2831 0.0000
18919.5662 0.0000
19206.1570 0.0000
19819.2698 0.0000
20080.0136 0.0000
20764.6618 0.0000
21371.4143 0.0000
21451.2898 0.0000
21812.3423 0.0000
21709.9282 0.0000
22223.5885 0.0000
22005.5667 0.0000
22547.2749 0.0000
22159.3214 0.0000
22678.8199 0.0000
22665.5937 0.0000
22286.0075 0.0000
22784.0962 0.0000
22912.0754 0.0000
22804.5706 0.0000
22761.2346 0.0000
22966.1426 0.0000
23189.4263 0.0000
22904.1913 0.0000
22655.8178 0.0000
23438.3133 0.0000
23606.8970 0.0000
23570.9681 0.0000
23898.3564 0.0000
23817.6082 0.0000
24072.7371 0.0000
23715.0384 0.0000
23970.8852 0.0000
24343.4009 0.0000
24791.9675 0.0000
25182.1972 0.0000
25655.2004 0.0000
25428.7493 0.0000
26016.8249 0.0000
25846.6082 0.0000
25708.1669 0.0000
25891.5606 0.0000
25677.8526 0.0000
25707.7593 0.0000
26018.0775 0.0000
26193.9437 0.0000
25953.1650 0.0000
26696.7448 0.0000
26930.6638 0.0000
26901.6494 0.0000
26365.0717 0.0000
26876.6335 0.0000
27167.2264 0.0000
27439.0022 0.0000
27396.7148 0.0000
27365.7605 0.0000
27640.5729 0.0000
27225.4575 0.0000
27563.9068 0.0000
27479.7545 0.0000
27771.4951 0.0000
28054.9436 0.0000
27854.7506 0.0000
28067.0553 0.0000
28408.4026 0.0000
28970.1206 0.0000
29030.2198 0.0000
28665.3354 0.0000
28559.2843 0.0000
29207.5168 0.0000
28611.9771 0.0000
28844.0022 0.0000
29092.6169 0.0000
29220.2542 0.0000
29338.1196 0.0000
29511.5700 0.0000
30302.1893 0.0000
30063.3766 0.0000
30711.9855 0.0000
30131.5943 0.0000
30900.5343 0.0000
30784.4787 0.0000
31499.1089 0.0000
31473.4045 0.0000
30763.3320 0.0000
31327.0002 0.0000
31209.6264 0.0000
32149.3419 0.0000
31696.8742 0.0000
32131.7847 0.0000
32138.2952 0.0000
31843.3980 0.0000
31713.2724 0.0000
32595.4999 0.0000
32397.1288 0.0000
32432.4345 0.0000
32381.0270 0.0000
33139.6955 0.0000
33014.9476 0.0000
33187.7652 0.0000
33154.5925 0.0000
33111.0905 0.0000
33292.9744 0.0000
33487.1169 0.0000
33332.2255 0.0000
33621.5818 0.0000
33937.3777 0.0000
33427.2447 0.0000
33780.3400 0.0000
34492.3852 0.0000
34042.5647 0.0000
34255.1609 0.0000
34218.6203 0.0000
34682.6344 0.0000
34866.9740 0.0000
35254.0752 0.0000
35219.7385 0.0000
35510.3763 0.0000
35196.2577 0.0000
35053.6581 0.0000
35556.5085 0.0000
35328.3794 0.0000
34845.8170 0.0000
35330.1524 0.0000
35552.8608 0.0000
35702.5997 0.0000
36045.9868 0.0000
35917.1827 0.0000
35847.2005 0.0000
35772.8590 0.0000
36635.3698 0.0000
36902.3149 0.0000
36973.0241 0.0000
37260.7101 0.0000
37071.5075 0.0000
37610.7084 0.0000
37818.7424 0.0000
38045.6526 0.0000
38074.4184 0.0000
38440.4263 0.0000
37599.9827 0.0000
38569.9835 0.0000
38871.6982 0.0000
39023.9584 0.0000
39634.3323 0.0000
39701.2325 0.0000
39834.9797 0.0000
39349.4686 0.0000
39789.7250 0.0000
39488.7940 0.0000
40526.8629 0.0000
40495.1691 0.0000
40468.5861 0.0000
40279.1845 0.0000
40289.2043 0.0000
40865.7102 0.0000
40550.7646 0.0000
40957.8541 0.0000
41040.7405 0.0000
41036.3592 0.0000
41358.0709 0.0000
41081.4368 0.0000
41743.9953 0.0000
41880.3928 0.0000
41798.1282 0.0000
42103.1608 0.0000
41855.3915 0.0000
42369.0665 0.0000
42183.3595 0.0000
42334.1143 0.0000
42546.6101 0.0000
42743.8082 0.0000
43136.6159 0.0000
42890.4736 0.0000
43079.4262 0.0000
42649.3332 0.0000
43305.3422 0.0000
43278.2985 0.0000
43417.6968 0.0000
43298.3899 0.0000
43091.8221 0.0000
43255.6329 0.0000
43743.9104 0.0000
43301.3286 0.0000
43199.4863 0.0000
43838.2582 0.0000
43921.5220 0.0000
43935.0407 0.0000
43922.2529 0.0000
44097.9049 0.0000
44013.6124 0.0000
44413.8520 0.0000
44208.1036 0.0000
44392.0686 0.0000
44780.8818 0.0000
45354.8908 0.0000
45557.3445 0.0000
45249.8595 0.0000
45559.7878 0.0000
45621.1801 0.0000
45533.7018 0.0000
45350.2258 0.0000
45561.9698 0.0000
46026.1592 0.0000
45961.5127 0.0000
45910.6797 0.0000
45869.9974 0.0000
46153.3902 0.0000
45992.2114 0.0000
46560.2082 0.0000
46267.0154 0.0000
47263.0758 0.0000
46774.5705 0.0000
47807.5114 0.0000
47858.2730 0.0000
48074.7851 0.0000
47942.1099 0.0000
47948.3531 0.0000
47999.3723 0.0000
48295.2012 0.0000
48239.1949 0.0000
47973.0618 0.0000
47734.7266 0.0000
48127.0444 0.0000
48232.6343 0.0000
48180.5242 0.0000
48339.9667 0.0000
48089.1249 0.0000
48703.1081 0.0000
48861.8426 0.0000
49042.6666 0.0000
48766.5304 0.0000
49303.9868 0.0000
49116.4638 0.0000
49124.1194 0.0000
49103.7313 0.0000
48907.8568 0.0000
48844.3882 0.0000
49523.7397 0.0000
49148.3757 0.0000
49243.2850 0.0000
49462.6111 0.0000
49219.5533 0.0000
49846.6272 0.0000
49972.9642 0.0000
49758.6643 0.0000
49793.7723 0.0000
49763.3613 0.0000
49652.8105 0.0000
49950.0761 0.0000
49122.1510 0.0000
50007.0646 0.0000
50090.4971 0.0000
49951.0233 0.0000
50657.4640 0.0000
50439.5162 0.0000
50918.9094 0.0000
50943.1884 0.0000
51385.6239 0.0000
51263.0045 0.0000
51280.8641 0.0000
51032.3895 0.0000
51419.6566 0.0000
51384.2099 0.0000
51285.8739 0.0000
51832.5494 0.0000
51794.4405 0.0000
51837.7325 0.0000
51793.1893 0.0000
51882.6666 0.0000
52215.6516 0.0000
51868.9895 0.0000
52423.2752 0.0000
52127.6178 0.0000
53026.4762 0.0000
53452.6157 0.0000
53765.4780 0.0000
54135.0586 0.0000
53839.8209 0.0000
54116.9175 0.0000
54182.4996 0.0000
53799.5813 0.0000
54557.2219 0.0000
54107.2559 0.0000
54492.4205 0.0000
54678.4669 0.0000
55112.4599 0.0000
55916.6003 0.0000
56289.9267 0.0000
56413.0538 0.0000
56473.1288 0.0000
56706.6357 0.0000
56866.5331 0.0000
57042.4736 0.0000
56778.2827 0.0000
56969.0533 0.0000
57446.7363 0.0000
57332.4906 0.0000
57135.3715 0.0000
57995.8061 0.0000
57796.0995 0.0000
58176.5666 0.0000
58163.4151 0.0000
58400.0391 0.0000
58492.2193 0.0000
58703.0304 0.0000
58401.3340 0.0000
58449.3917 0.0000
58499.7966 0.0000
58787.1659 0.0000
58961.5500 0.0000
59100.1484 0.0000
59187.7333 0.0000
58899.1208 0.0000
59004.8254 0.0000
59326.0527 0.0000
59416.6855 0.0000
59970.6770 0.0000
60204.6665 0.0000
59589.8420 0.0000
60350.2810 0.0000
61116.2576 0.0000
61276.5654 0.0000
61093.4739 0.0000
61629.1603 0.0000
61604.1267 0.0000
61815.4848 0.0000
61716.8597 0.0000
61907.6107 0.0000
61658.2863 0.0000
61932.3181 0.0000
62101.2626 0.0000
61576.2500 0.0000
61742.8176 0.0000
62651.9431 0.0000
62391.4523 0.0000
62726.0668 0.0000
63088.6342 0.0000
63109.1191 0.0000
62710.9572 0.0000
63129.3023 0.0000
63034.4948 0.0000
63037.8898 0.0000
63166.5049 0.0000
62979.9774 0.0000
63437.4065 0.0000
63713.7338 0.0000
63214.6927 0.0000
63557.8790 0.0000
63543.6182 0.0000
63965.4943 0.0000
64456.8524 0.0000
64178.8096 0.0000
64631.6737 0.0000
64713.1426 0.0000
64731.6875 0.0000
64857.5279 0.0000
64858.1060 0.0000
64593.3677 0.0000
65360.4261 0.0000
65658.5324 0.0000
65638.5734 0.0000
65416.4967 0.0000
65661.3397 0.0000
65996.2307 0.0000
66296.8699 0.0000
66215.8004 0.0000
66669.6016 0.0000
66734.2009 0.0000
66975.0101 0.0000
67062.7316 0.0000
67226.8649 0.0000
66909.5619 0.0000
67187.3697 0.0000
67477.3950 0.0000
67234.5038 0.0000
66681.4936 0.0000
67766.5551 0.0000
67335.8609 0.0000
67707.0888 0.0000
68002.4011 0.0000
67968.7024 0.0000
67832.1331 0.0000
67852.4000 0.0000
68460.6795 0.0000
68489.8004 0.0000
69017.7301 0.0000
69545.6970 0.0000
69341.7490 0.0000
69232.8958 0.0000
69532.6122 0.0000
69556.7265 0.0000
69552.9954 0.0000
68956.5482 0.0000
69654.1757 0.0000
69545.5259 0.0000
69888.2378 0.0000
70489.2264 0.0000
70605.8829 0.0000
70230.3209 0.0000
70981.3224 0.0000
70874.6785 0.0000
70749.6128 0.0000
70936.0824 0.0000
70561.4581 0.0000
71106.7703 0.0000
70780.0252 0.0000
71232.1821 0.0000
70757.3324 0.0000
71101.2874 0.0000
71184.7581 0.0000
71194.2989 0.0000
70776.2915 0.0000
71282.1394 0.0000
72192.5397 0.0000
71445.2678 0.0000
72298.3760 0.0000
72671.5874 0.0000
72586.1721 0.0000
72757.5973 0.0000
72631.3799 0.0000
73042.6993 0.0000
73251.1130 0.0000
73406.6837 0.0000
73600.6393 0.0000
73615.6287 0.0000
73384.2810 0.0000
73293.4638 0.0000
74131.1580 0.0000
74171.3379 0.0000
101359.3653 0.0000
99797.1147 0.0000
100301.9911 0.0000
99967.1233 0.0000
100559.8384 0.0000
100168.0736 0.0000
99381.8353 0.0000
99518.6172 0.0000
99307.4483 0.0000
99659.1129 0.0000
99149.0354 0.0000
64500.5089 0.0000
65097.7590 0.0000
65208.9740 0.0000
64713.3147 0.0000
65225.3421 0.0000
105162.2748 0.0000
105291.0118 0.0000
105949.6019 0.0000
106091.7271 0.0000
105433.1443 0.0000
102530.4617 0.0000
102641.9833 0.0000
102536.6505 0.0000
103113.2520 0.0000
102175.5768 0.0000
102588.1168 0.0000
102781.6092 0.0000
102933.2809 0.0000
102727.6349 0.0000
102705.6074 0.0000
102183.3524 0.0000
101664.0163 0.0000
101724.6255 0.0000
101489.7887 0.0000
101944.2450 0.0000
101439.9203 0.0000
101086.3275 0.0000
101094.7522 0.0000
101187.2134 0.0000
100795.3521 0.0000
100503.5197 0.0000
100603.3911 0.0000
100176.9479 0.0000
100186.4710 0.0000
100176.8356 0.0000
99010.2839 0.0000
99290.0188 0.0000
99182.1310 0.0000
99885.2841 0.0000
98858.8271 0.0000
65333.3822 0.0000
65644.0743 0.0000
65202.5424 0.0000
64936.4786 0.0000
64607.4310 0.0000
109373.4691 0.0000
109368.6360 0.0000
109192.5795 0.0000
109942.7198 0.0000
109987.1668 0.0000
102318.9929 0.0000
102935.6575 0.0000
103312.3768 0.0000
101904.7517 0.0000
102374.7417 0.0000
102881.0761 0.0000
103290.0524 0.0000
101782.8983 0.0000
102809.7689 0.0000
103145.5520 0.0000
101537.1131 0.0000
102047.1337 0.0000
102310.6952 0.0000
101680.2288 0.0000
102970.3987 0.0000
101381.0081 0.0000
101979.2745 0.0000
101445.2172 0.0000
101009.2757 0.0000
101630.7054 0.0000
100475.3039 0.0000
100783.8197 0.0000
100958.2909 0.0000
100924.5188 0.0000
100349.0441 0.0000
99268.5449 0.0000
99637.3412 0.0000
99417.4650 0.0000
99945.4292 0.0000
99458.3477 0.0000
64570.7696 0.0000
65283.1970 0.0000
64907.2976 0.0000
65390.0246 0.0000
65393.1737 0.0000
117010.1605 0.0000
117071.8158 0.0000
117000.9010 0.0000
116812.1597 0.0000
117171.4180 0.0000
102183.5749 0.0000
102606.0237 0.0000
102909.2898 0.0000
102351.7448 0.0000
102245.2266 0.0000
102358.0906 0.0000
101321.3858 0.0000
102538.2685 0.0000
103265.7193 0.0000
103279.6908 0.0000
102133.5086 0.0000
101839.7588 0.0000
101362.3515 0.0000
102261.0071 0.0000
101517.2312 0.0000
101102.6081 0.0000
101031.3379 0.0000
102065.0428 0.0000
100595.1374 0.0000
101479.6210 0.0000
100050.3811 0.0000
100683.4711 0.0000
100297.2632 0.0000
100753.4943 0.0000
100233.1411 0.0000
99116.4406 0.0000
99082.5636 0.0000
99598.1433 0.0000
99425.3113 0.0000
99551.1977 0.0000
65789.8162 0.0000
64917.3052 0.0000
64709.9451 0.0000
65168.8444 0.0000
65346.0041 0.0000
120856.9916 0.0000
121473.5061 0.0000
121630.2829 0.0000
121526.0352 0.0000
121377.6064 0.0000
101918.1175 0.0000
102722.7995 0.0000
102932.8054 0.0000
103076.7679 0.0000
102181.8865 0.0000
102498.9985 0.0000
103089.0473 0.0000
102320.6088 0.0000
103045.2959 0.0000
103213.4082 0.0000
101984.1777 0.0000
102542.2360 0.0000
102153.7632 0.0000
101965.6487 0.0000
102049.1752 0.0000
101612.6929 0.0000
101356.3289 0.0000
101644.5599 0.0000
101122.6761 0.0000
101538.4994 0.0000
100404.6040 0.0000
99858.2853 0.0000
99661.2659 0.0000
100911.2714 0.0000
99701.1094 0.0000
99907.5598 0.0000
98836.4118 0.0000
99516.2648 0.0000
99240.1159 0.0000
99382.9092 0.0000
64717.9824 0.0000
65120.9332 0.0000
64830.0012 0.0000
65078.2483 0.0000
63999.0759 0.0000
125724.5679 0.0000
125808.6880 0.0000
125959.8507 0.0000
125921.7993 0.0000
125699.0947 0.0000
102786.1066 0.0000
102889.6686 0.0000
102166.0939 0.0000
102608.3541 0.0000
102205.4976 0.0000
103072.8373 0.0000
102297.6882 0.0000
102571.8331 0.0000
103048.4797 0.0000
103163.5889 0.0000
102536.1460 0.0000
101619.1369 0.0000
101471.5012 0.0000
101964.2918 0.0000
102465.8103 0.0000
101169.8153 0.0000
101664.9299 0.0000
101434.4091 0.0000
101073.0878 0.0000
100769.0643 0.0000
100809.1644 0.0000
99582.7320 0.0000
100664.1422 0.0000
100959.8977 0.0000
99944.0370 0.0000
99491.2392 0.0000
99203.7410 0.0000
99472.0754 0.0000
98974.5769 0.0000
99802.3735 0.0000
65148.5837 0.0000
65084.7703 0.0000
64349.9811 0.0000
65426.8883 0.0000
66073.7205 0.0000
133338.7575 0.0000
132828.3401 0.0000
133044.7694 0.0000
133326.0611 0.0000
132687.6516 0.0000
102508.2843 0.0000
102652.3076 0.0000
101954.1598 0.0000
102512.3643 0.0000
103098.7174 0.0000
102216.6438 0.0000
102765.2443 0.0000
102910.0306 0.0000
102326.2048 0.0000
103044.4983 0.0000
102355.7441 0.0000
102918.1518 0.0000
102314.0179 0.0000
101947.9525 0.0000
102465.7782 0.0000
100905.6531 0.0000
102023.9025 0.0000
100861.4078 0.0000
101988.0074 0.0000
101147.2501 0.0000
100549.7548 0.0000
99577.9692 0.0000
100410.0759 0.0000
100003.2542 0.0000
100761.6380 0.0000
98942.6121 0.0000
99688.1168 0.0000
99481.4901 0.0000
98941.8029 0.0000
99711.3722 0.0000
65431.9872 0.0000
64905.9165 0.0000
64571.5339 0.0000
65096.2420 0.0000
65183.2752 0.0000
138790.6096 0.0000
139207.9163 0.0000
139277.3317 0.0000
139559.4346 0.0000
139301.1574 0.0000
102936.7933 0.0000
103183.0211 0.0000
102630.1655 0.0000
102657.6512 0.0000
102531.2988 0.0000
102250.1666 0.0000
102309.7231 0.0000
103245.6734 0.0000
102038.5179 0.0000
102734.7040 0.0000
102427.4473 0.0000
101685.9872 0.0000
101818.1254 0.0000
102007.9000 0.0000
102029.9353 0.0000
101187.3881 0.0000
101502.0197 0.0000
101601.1235 0.0000
101019.7398 0.0000
101445.8725 0.0000
100374.0736 0.0000
99701.8738 0.0000
99895.4297 0.0000
100480.0200 0.0000
100149.5875 0.0000
99956.4570 0.0000
98961.0503 0.0000
99336.0045 0.0000
99374.8637 0.0000
98804.0750 0.0000
65042.1550 0.0000
65728.0487 0.0000
65181.6877 0.0000
65623.7213 0.0000
65035.6848 0.0000
144570.4409 0.0000
144963.8010 0.0000
144906.9841 0.0000
144828.2786 0.0000
145364.0014 0.0000
102619.1681 0.0000
101732.9390 0.0000
101913.9902 0.0000
102589.5512 0.0000
103072.8264 0.0000
102638.0955 0.0000
102959.2710 0.0000
102509.3798 0.0000
102453.6558 0.0000
102306.9104 0.0000
102260.2888 0.0000
101917.3437 0.0000
102410.0193 0.0000
101752.4294 0.0000
101688.2823 0.0000
101210.8631 0.0000
100474.3934 0.0000
102710.2259 0.0000
101253.4631 0.0000
102037.3383 0.0000
100509.7349 0.0000
100518.7168 0.0000
99814.5769 0.0000
99991.1005 0.0000
100684.2656 0.0000
99338.0459 0.0000
99248.2714 0.0000
98990.8606 0.0000
99574.9059 0.0000
99271.5094 0.0000
65055.7968 0.0000
64948.1973 0.0000
65035.1938 0.0000
64584.5541 0.0000
65273.8452 0.0000
149477.7811 0.0000
149240.1945 0.0000
150408.3706 0.0000
150502.7679 0.0000
150132.0841 0.0000
102416.0167 0.0000
102629.1520 0.0000
102543.9311 0.0000
103114.6971 0.0000
103018.4917 0.0000
102840.5632 0.0000
102554.7753 0.0000
102476.3706 0.0000
102296.5689 0.0000
102820.7982 0.0000
101858.6244 0.0000
102212.0026 0.0000
102408.3483 0.0000
102230.1900 0.0000
101772.8186 0.0000
101701.3833 0.0000
101578.2111 0.0000
101374.1486 0.0000
101669.7092 0.0000
101547.8651 0.0000
100516.2932 0.0000
99851.0632 0.0000
101025.0715 0.0000
100080.2398 0.0000
100607.0505 0.0000
99355.4512 0.0000
98846.3044 0.0000
98861.6732 0.0000
99729.3802 0.0000
99187.1467 0.0000
65164.4435 0.0000
64727.1967 0.0000
64539.4589 0.0000
64961.2975 0.0000
65166.4464 0.0000
155144.4527 0.0000
154830.9577 0.0000
155304.1530 0.0000
156208.9008 0.0000
156119.2550 0.0000
102199.6570 0.0000
102776.5000 0.0000
102850.2912 0.0000
101960.8493 0.0000
102562.7789 0.0000
103179.3415 0.0000
102783.6892 0.0000
102451.8029 0.0000
102860.9153 0.0000
102812.4347 0.0000
102164.2693 0.0000
102180.8908 0.0000
101914.4973 0.0000
102174.5247 0.0000
102097.6386 0.0000
102037.0661 0.0000
101599.6812 0.0000
101746.6636 0.0000
