-100.0000 -100.0000
515.8965 0.0000
846.5542 0.0000
1092.2202 0.0000
1530.1153 0.0000
1437.6501 0.0000
1466.8080 0.0000
1575.4436 0.0000
1672.8646 0.0000
1723.0640 0.0000
1917.4988 0.0000
2007.9603 0.0000
1310.4194 0.0000
2025.9246 0.0000
2144.4826 0.0000
2359.3917 0.0000
2575.5347 0.0000
1051.1857 0.0000
1033.7418 0.0000
1218.5469 0.0000
1570.8600 0.0000
1605.0125 0.0000
816.4359 0.0000
1524.2906 0.0000
1475.0950 0.0000
1253.2209 0.0000
1338.5910 0.0000
1873.1908 0.0000
1686.5047 0.0000
2240.7037 0.0000
2273.4122 0.0000
2126.0277 0.0000
1849.0453 0.0000
2167.2616 0.0000
1806.9187 0.0000
2368.4481 0.0000
2186.8444 0.0000
1755.4290 0.0000
1980.6496 0.0000
2446.0376 0.0000
2119.3871 0.0000
1732.0411 0.0000
2032.3781 0.0000
1552.9159 0.0000
2063.9351 0.0000
1448.9302 0.0000
1563.3710 0.0000
1463.3414 0.0000
1732.7993 0.0000
1952.6320 0.0000
2157.4436 0.0000
1880.9710 0.0000
2346.3104 0.0000
2001.9057 0.0000
1948.5853 0.0000
1885.0056 0.0000
1949.5151 0.0000
2605.7579 0.0000
2961.1191 0.0000
2832.3406 0.0000
2863.5386 0.0000
2684.4083 0.0000
3104.0342 0.0000
2754.6380 0.0000
3272.7589 0.0000
3180.4345 0.0000
3209.5792 0.0000
1529.2625 0.0000
1439.4473 0.0000
1594.6315 0.0000
1471.1479 0.0000
1053.7567 0.0000
1603.4082 0.0000
1549.4785 0.0000
963.9735 0.0000
1780.0269 0.0000
1130.3734 0.0000
1524.5067 0.0000
1445.7206 0.0000
1285.7929 0.0000
1385.3558 0.0000
2004.2135 0.0000
1282.2083 0.0000
1133.2789 0.0000
1364.3794 0.0000
1526.8276 0.0000
1423.8510 0.0000
3170.3199 0.0000
3356.2108 0.0000
3819.3934 0.0000
3752.9352 0.0000
3545.1247 0.0000
3558.3053 0.0000
4057.7796 0.0000
4019.3521 0.0000
4691.5149 0.0000
4774.8791 0.0000
4603.5111 0.0000
4961.4135 0.0000
4404.9791 0.0000
4596.9974 0.0000
4357.0018 0.0000
5142.7332 0.0000
5187.0674 0.0000
4935.0007 0.0000
4738.6022 0.0000
4940.8938 0.0000
4916.0354 0.0000
5013.0340 0.0000
5153.2127 0.0000
5149.9091 0.0000
5019.1285 0.0000
4889.2762 0.0000
5262.7980 0.0000
5982.8551 0.0000
5305.9980 0.0000
5825.8359 0.0000
5833.3582 0.0000
5982.2515 0.0000
5642.1679 0.0000
5499.6298 0.0000
5846.8031 0.0000
6497.1318 0.0000
6787.8785 0.0000
6430.2516 0.0000
6928.0257 0.0000
6744.2435 0.0000
6558.8133 0.0000
6974.8849 0.0000
6741.0227 0.0000
7300.3598 0.0000
7027.1167 0.0000
7060.4437 0.0000
6952.1863 0.0000
7007.0979 0.0000
7320.3085 0.0000
7320.8035 0.0000
7618.7486 0.0000
7944.8218 0.0000
7512.3225 0.0000
7992.4943 0.0000
7519.3210 0.0000
8114.3144 0.0000
8082.3373 0.0000
8082.1417 0.0000
8172.0352 0.0000
8082.3822 0.0000
8074.9273 0.0000
7869.1793 0.0000
7867.7218 0.0000
8402.2670 0.0000
8499.1754 0.0000
8382.9191 0.0000
8483.8972 0.0000
8609.5170 0.0000
8722.5890 0.0000
8871.1338 0.0000
9079.1123 0.0000
9231.3405 0.0000
9545.2986 0.0000
9379.8106 0.0000
9868.9852 0.0000
9956.2732 0.0000
9707.0642 0.0000
9983.7637 0.0000
9983.9466 0.0000
10412.8309 0.0000
10631.4956 0.0000
10820.0513 0.0000
10937.5314 0.0000
11056.6894 0.0000
10767.8224 0.0000
11037.5365 0.0000
11130.0272 0.0000
10726.0656 0.0000
11309.2567 0.0000
11621.3091 0.0000
11834.1535 0.0000
11960.5313 0.0000
12023.9160 0.0000
12034.6545 0.0000
12492.8436 0.0000
12085.7111 0.0000
12469.6178 0.0000
12050.1569 0.0000
12603.4058 0.0000
12352.0997 0.0000
12611.3314 0.0000
12471.7879 0.0000
12750.3584 0.0000
13080.4305 0.0000
13536.5555 0.0000
13380.0546 0.0000
13315.3791 0.0000
13423.8123 0.0000
13789.9719 0.0000
13905.4683 0.0000
13931.7646 0.0000
13769.0626 0.0000
13672.8230 0.0000
13912.0547 0.0000
13760.8422 0.0000
13780.1905 0.0000
14153.5388 0.0000
14016.1687 0.0000
13836.8390 0.0000
13953.6716 0.0000
14304.7909 0.0000
13891.3532 0.0000
14206.9247 0.0000
13981.9611 0.0000
14293.9895 0.0000
14380.2690 0.0000
14317.7290 0.0000
14618.7615 0.0000
14541.5317 0.0000
14394.8659 0.0000
14526.6224 0.0000
14647.2840 0.0000
14966.1771 0.0000
14658.4894 0.0000
14640.9224 0.0000
14912.9443 0.0000
15087.7149 0.0000
15206.6790 0.0000
15050.6893 0.0000
15319.8420 0.0000
14961.0272 0.0000
14479.1762 0.0000
15241.7689 0.0000
15747.0719 0.0000
15834.7447 0.0000
15948.5628 0.0000
15861.4269 0.0000
15759.8869 0.0000
15527.6060 0.0000
15591.3106 0.0000
15870.0615 0.0000
16531.3020 0.0000
16809.4809 0.0000
17082.1057 0.0000
16713.9131 0.0000
16964.7445 0.0000
17138.4513 0.0000
17227.6010 0.0000
16979.7428 0.0000
17235.8825 0.0000
17240.9223 0.0000
17262.6267 0.0000
16913.4319 0.0000
17176.7796 0.0000
17006.2401 0.0000
17411.0933 0.0000
17476.9583 0.0000
17385.0334 0.0000
17219.5934 0.0000
17484.5415 0.0000
17736.1833 0.0000
17959.9565 0.0000
18039.2635 0.0000
17927.4010 0.0000
18115.3500 0.0000
18095.1368 0.0000
17628.1598 0.0000
18301.9443 0.0000
18158.8963 0.0000
18342.0643 0.0000
18232.3185 0.0000
18346.6789 0.0000
18021.3764 0.0000
18880.2704 0.0000
19053.9826 0.0000
19069.8218 0.0000
18827.9645 0.0000
18707.4571 0.0000
19224.5197 0.0000
19671.8400 0.0000
19902.5035 0.0000
19848.3374 0.0000
20184.8270 0.0000
20376.5400 0.0000
19692.5749 0.0000
20437.3525 0.0000
20518.6697 0.0000
20261.1498 0.0000
21080.3895 0.0000
21387.4604 0.0000
21798.8165 0.0000
22003.5882 0.0000
21835.7798 0.0000
22159.4461 0.0000
22469.8719 0.0000
22735.2739 0.0000
22196.9520 0.0000
22626.8614 0.0000
22804.7343 0.0000
22784.3760 0.0000
22941.0085 0.0000
23116.9803 0.0000
23369.2026 0.0000
23273.9856 0.0000
23159.7798 0.0000
23375.7399 0.0000
23170.4709 0.0000
23347.2012 0.0000
23159.6024 0.0000
23658.9099 0.0000
23773.8093 0.0000
23901.3523 0.0000
23581.9440 0.0000
23974.3841 0.0000
24094.4581 0.0000
24130.9920 0.0000
24156.7105 0.0000
23895.8336 0.0000
24132.3054 0.0000
23880.8961 0.0000
24088.4675 0.0000
24061.7569 0.0000
24220.4350 0.0000
23581.6155 0.0000
24048.1572 0.0000
24343.7020 0.0000
24290.6388 0.0000
24302.8116 0.0000
24397.2376 0.0000
24162.2007 0.0000
23989.7782 0.0000
24729.8170 0.0000
24517.9379 0.0000
24336.7616 0.0000
24568.9796 0.0000
24553.2694 0.0000
24886.7291 0.0000
24301.5461 0.0000
25171.8012 0.0000
25098.7976 0.0000
25184.1332 0.0000
25396.7422 0.0000
25395.3127 0.0000
24596.7878 0.0000
25824.8681 0.0000
26162.8704 0.0000
26058.4499 0.0000
26322.8780 0.0000
26212.5007 0.0000
26091.4493 0.0000
26317.6779 0.0000
26349.9478 0.0000
26562.3547 0.0000
26615.6306 0.0000
26492.6669 0.0000
26446.9404 0.0000
26628.4853 0.0000
26523.1964 0.0000
26933.5812 0.0000
27084.5152 0.0000
26913.9184 0.0000
27283.4379 0.0000
27427.1940 0.0000
27344.9724 0.0000
27220.8647 0.0000
27209.1630 0.0000
26806.2755 0.0000
27588.3040 0.0000
27983.6534 0.0000
28261.5789 0.0000
28057.4567 0.0000
28181.3080 0.0000
27904.0778 0.0000
28210.2965 0.0000
28118.9846 0.0000
28216.0505 0.0000
28193.6763 0.0000
27948.0141 0.0000
28033.3661 0.0000
28232.2888 0.0000
28451.2999 0.0000
28435.4662 0.0000
28702.6039 0.0000
28738.2908 0.0000
28703.8094 0.0000
28390.9818 0.0000
28733.7073 0.0000
28994.4089 0.0000
28825.2435 0.0000
29278.1834 0.0000
29454.5984 0.0000
29242.9987 0.0000
29480.8883 0.0000
29915.8461 0.0000
29867.0080 0.0000
29651.0869 0.0000
29578.0986 0.0000
29720.2186 0.0000
29561.6281 0.0000
30227.6105 0.0000
29948.0235 0.0000
30049.4770 0.0000
29830.2058 0.0000
30524.5047 0.0000
30333.9503 0.0000
30531.1832 0.0000
30478.8416 0.0000
30051.5003 0.0000
30556.6795 0.0000
30763.6964 0.0000
30472.1051 0.0000
30869.2048 0.0000
30938.3274 0.0000
30932.7872 0.0000
31055.0493 0.0000
30985.4874 0.0000
31107.4019 0.0000
31112.1460 0.0000
31275.3422 0.0000
31099.8232 0.0000
31563.3686 0.0000
31511.9422 0.0000
31207.8397 0.0000
31970.0214 0.0000
31728.8988 0.0000
31545.3480 0.0000
31936.5959 0.0000
31858.7841 0.0000
31846.9082 0.0000
32551.9564 0.0000
32760.6854 0.0000
32741.4838 0.0000
32715.9711 0.0000
32876.4212 0.0000
32947.2871 0.0000
33005.8382 0.0000
33143.8593 0.0000
33252.0421 0.0000
32836.7906 0.0000
33302.0865 0.0000
32978.6464 0.0000
33544.4787 0.0000
34020.5508 0.0000
34327.8539 0.0000
34372.8300 0.0000
34067.3898 0.0000
34644.5077 0.0000
34306.6624 0.0000
34380.2174 0.0000
34469.0510 0.0000
34559.0343 0.0000
35033.0240 0.0000
34750.6232 0.0000
35017.1975 0.0000
34522.3650 0.0000
35181.2639 0.0000
35099.1038 0.0000
34844.8402 0.0000
35410.4015 0.0000
36027.2202 0.0000
35894.9063 0.0000
36043.2033 0.0000
35769.7948 0.0000
36011.3549 0.0000
36194.7085 0.0000
36075.9283 0.0000
36744.8989 0.0000
36826.2075 0.0000
36757.7958 0.0000
36659.9514 0.0000
36771.3036 0.0000
36524.1308 0.0000
36555.5506 0.0000
36776.5763 0.0000
36886.0788 0.0000
36810.0438 0.0000
36650.1239 0.0000
36791.4782 0.0000
37050.4022 0.0000
36662.4190 0.0000
37151.1290 0.0000
37404.9036 0.0000
37428.5607 0.0000
37207.9366 0.0000
37679.5271 0.0000
38026.4314 0.0000
37707.5077 0.0000
37918.2495 0.0000
38326.6246 0.0000
38117.6007 0.0000
38604.7154 0.0000
38289.3059 0.0000
38732.7746 0.0000
38667.1911 0.0000
38957.3322 0.0000
39045.4008 0.0000
38622.1186 0.0000
39018.3294 0.0000
39060.0032 0.0000
38766.2861 0.0000
38413.6186 0.0000
39249.3527 0.0000
39444.6502 0.0000
39510.8518 0.0000
39618.1003 0.0000
39707.9059 0.0000
39756.4585 0.0000
40067.5128 0.0000
39656.4658 0.0000
39934.0263 0.0000
39855.5639 0.0000
40552.7889 0.0000
40440.0358 0.0000
40786.4938 0.0000
40782.2619 0.0000
41110.2114 0.0000
40740.0247 0.0000
41019.1902 0.0000
41451.9106 0.0000
41498.3429 0.0000
41574.8506 0.0000
41749.6555 0.0000
41893.5791 0.0000
41569.8310 0.0000
41916.8126 0.0000
41591.0091 0.0000
42028.2345 0.0000
41802.5544 0.0000
41913.6431 0.0000
41755.6984 0.0000
42418.7285 0.0000
42502.1563 0.0000
42201.8915 0.0000
42393.6267 0.0000
41818.4464 0.0000
42329.5708 0.0000
42166.1844 0.0000
42157.7132 0.0000
42553.9511 0.0000
42590.6718 0.0000
42519.7310 0.0000
42291.6667 0.0000
42490.2414 0.0000
42268.4045 0.0000
42416.4260 0.0000
42480.0340 0.0000
42678.2259 0.0000
42957.8474 0.0000
43170.4094 0.0000
43276.7318 0.0000
42772.9975 0.0000
43253.9434 0.0000
43256.3222 0.0000
43254.5929 0.0000
43422.6069 0.0000
43124.1866 0.0000
43723.3872 0.0000
43699.8021 0.0000
44025.8708 0.0000
44131.3760 0.0000
44461.4013 0.0000
44500.3458 0.0000
44486.3037 0.0000
44215.0108 0.0000
44307.3058 0.0000
44356.6346 0.0000
43880.0117 0.0000
44362.6982 0.0000
44383.6186 0.0000
44346.9300 0.0000
44732.3530 0.0000
44716.6053 0.0000
44760.3048 0.0000
44617.4952 0.0000
44756.6103 0.0000
44554.1646 0.0000
44740.7552 0.0000
45129.4942 0.0000
45085.1436 0.0000
45447.4498 0.0000
45794.5698 0.0000
45656.8187 0.0000
45420.5577 0.0000
45840.6523 0.0000
46071.8326 0.0000
46306.0874 0.0000
46618.1634 0.0000
46614.1712 0.0000
46359.5048 0.0000
46568.7519 0.0000
47068.5334 0.0000
47090.9418 0.0000
47107.4127 0.0000
47290.2533 0.0000
46918.4043 0.0000
47306.1282 0.0000
46882.8854 0.0000
47808.1220 0.0000
47731.6687 0.0000
47564.5641 0.0000
47328.5969 0.0000
47919.5054 0.0000
48418.3707 0.0000
48130.1464 0.0000
76407.8365 0.0000
84360.5550 0.0000
84550.0840 0.0000
84391.9122 0.0000
84626.0651 0.0000
83847.3084 0.0000
85366.3221 0.0000
85696.0771 0.0000
85593.6472 0.0000
85605.7240 0.0000
85804.8967 0.0000
85143.3924 0.0000
85862.7899 0.0000
85497.7767 0.0000
86434.2849 0.0000
85826.8920 0.0000
85516.8578 0.0000
86468.6034 0.0000
86414.8077 0.0000
86096.2551 0.0000
87076.7394 0.0000
79742.5673 0.0000
80003.3627 0.0000
79725.3686 0.0000
79658.4920 0.0000
80255.7058 0.0000
79162.2320 0.0000
79515.1351 0.0000
79157.8235 0.0000
79729.1941 0.0000
79515.4085 0.0000
76731.9090 0.0000
75901.3176 0.0000
76585.6894 0.0000
76458.6200 0.0000
76552.6529 0.0000
88490.9278 0.0000
88696.9041 0.0000
88728.4480 0.0000
89391.0876 0.0000
89610.9085 0.0000
90028.7141 0.0000
89922.2412 0.0000
89742.8277 0.0000
90051.2817 0.0000
89500.6564 0.0000
91004.2699 0.0000
91522.7381 0.0000
91638.8258 0.0000
91920.0977 0.0000
93024.5593 0.0000
88052.9752 0.0000
87930.7089 0.0000
88854.4732 0.0000
89060.3280 0.0000
88784.0563 0.0000
79351.5279 0.0000
79380.4131 0.0000
79787.2316 0.0000
79992.9778 0.0000
79908.7472 0.0000
80448.4206 0.0000
79337.7498 0.0000
79082.5104 0.0000
79295.1343 0.0000
79169.0143 0.0000
76161.3805 0.0000
75103.3895 0.0000
76416.6285 0.0000
76557.4018 0.0000
76410.7666 0.0000
95012.6316 0.0000
95043.6191 0.0000
95042.9288 0.0000
95503.1738 0.0000
95747.5534 0.0000
96581.4871 0.0000
96654.1849 0.0000
96716.5422 0.0000
96612.4260 0.0000
96730.2799 0.0000
97319.7116 0.0000
97480.4314 0.0000
97263.7952 0.0000
97476.6323 0.0000
96900.1259 0.0000
87849.4397 0.0000
88065.7665 0.0000
88126.1869 0.0000
87496.0387 0.0000
88958.0601 0.0000
80115.9859 0.0000
79894.4308 0.0000
79539.4903 0.0000
79640.3544 0.0000
79725.7272 0.0000
79005.7416 0.0000
79407.5998 0.0000
79392.6729 0.0000
79317.8586 0.0000
79654.7657 0.0000
76864.1047 0.0000
76028.4546 0.0000
75842.2285 0.0000
77047.4881 0.0000
76320.2889 0.0000
98726.6751 0.0000
98663.8112 0.0000
98927.6842 0.0000
98432.6369 0.0000
99660.4596 0.0000
99506.5820 0.0000
100740.2805 0.0000
101176.4854 0.0000
100889.2785 0.0000
100949.2384 0.0000
100833.2880 0.0000
102060.7851 0.0000
102096.2504 0.0000
102518.0586 0.0000
102923.7634 0.0000
87792.1107 0.0000
88224.6889 0.0000
88492.5648 0.0000
87746.3529 0.0000
88187.0157 0.0000
79330.7709 0.0000
79403.0383 0.0000
79670.2059 0.0000
79570.9483 0.0000
79828.4142 0.0000
79545.0405 0.0000
78779.6462 0.0000
79710.9178 0.0000
79111.1130 0.0000
79735.3561 0.0000
75965.3047 0.0000
75994.6360 0.0000
76345.2669 0.0000
76124.5365 0.0000
76172.3476 0.0000
102243.9745 0.0000
101880.8623 0.0000
101522.5019 0.0000
102260.0124 0.0000
102536.4202 0.0000
103640.9389 0.0000
103514.4566 0.0000
103019.8594 0.0000
103628.6610 0.0000
103645.2863 0.0000
104030.0528 0.0000
104332.3699 0.0000
104642.2487 0.0000
104435.8827 0.0000
104460.9018 0.0000
88504.2196 0.0000
87915.6528 0.0000
87846.9582 0.0000
87974.1655 0.0000
88144.2722 0.0000
80114.0191 0.0000
79941.6393 0.0000
79836.5740 0.0000
79411.4807 0.0000
79442.7509 0.0000
78450.5683 0.0000
79631.1098 0.0000
80154.2220 0.0000
80326.7395 0.0000
79818.0007 0.0000
76035.8935 0.0000
76652.6476 0.0000
75921.9261 0.0000
76273.0610 0.0000
76093.0595 0.0000
101569.7186 0.0000
101046.6842 0.0000
101975.8215 0.0000
102372.1662 0.0000
101829.1549 0.0000
107087.8955 0.0000
106802.3442 0.0000
106995.9288 0.0000
107099.2156 0.0000
106692.0451 0.0000
108097.9438 0.0000
108026.9473 0.0000
108423.4699 0.0000
108218.8432 0.0000
108377.6892 0.0000
88056.1781 0.0000
88877.7668 0.0000
88174.2672 0.0000
87810.9951 0.0000
87440.6974 0.0000
79611.3494 0.0000
79811.6520 0.0000
79532.3481 0.0000
79576.0313 0.0000
79534.2669 0.0000
79352.8939 0.0000
79293.6380 0.0000
80269.6959 0.0000
79486.5786 0.0000
79430.2409 0.0000
75475.9429 0.0000
75771.9185 0.0000
76717.7015 0.0000
76172.2894 0.0000
75849.5086 0.0000
102207.3256 0.0000
101790.6006 0.0000
101961.5755 0.0000
100860.1600 0.0000
101929.9169 0.0000
109043.6023 0.0000
109235.6389 0.0000
109085.3596 0.0000
109257.2331 0.0000
109249.4403 0.0000
109901.3929 0.0000
110103.6779 0.0000
109720.4930 0.0000
110357.2712 0.0000
110408.2896 0.0000
88702.4612 0.0000
87875.4250 0.0000
87846.6015 0.0000
88369.3361 0.0000
87876.9840 0.0000
78742.4317 0.0000
79266.6901 0.0000
79457.8401 0.0000
79561.1882 0.0000
80212.2461 0.0000
79367.5171 0.0000
79616.2383 0.0000
79547.7628 0.0000
79887.8338 0.0000
79977.0161 0.0000
76614.4155 0.0000
76380.5272 0.0000
76423.5584 0.0000
76657.1731 0.0000
76548.8801 0.0000
102323.6003 0.0000
102149.1653 0.0000
102255.3704 0.0000
102049.8843 0.0000
101860.7301 0.0000
114051.1697 0.0000
113670.5706 0.0000
114406.0345 0.0000
114682.0271 0.0000
114267.1562 0.0000
115364.1705 0.0000
115171.5806 0.0000
115751.2320 0.0000
116544.6575 0.0000
116863.8581 0.0000
87685.7282 0.0000
88204.8370 0.0000
88068.3168 0.0000
88335.6790 0.0000
88549.9560 0.0000
79235.4145 0.0000
79683.4037 0.0000
78889.0207 0.0000
79363.1572 0.0000
79722.8077 0.0000
79377.4949 0.0000
80167.7132 0.0000
78953.9875 0.0000
79445.7034 0.0000
78543.3420 0.0000
76416.0820 0.0000
76561.5983 0.0000
76157.1018 0.0000
76321.6100 0.0000
76189.9734 0.0000
102262.9121 0.0000
101068.6613 0.0000
101151.3022 0.0000
101613.9285 0.0000
101796.6854 0.0000
116900.0660 0.0000
117209.9479 0.0000
116833.0720 0.0000
117786.4433 0.0000
117976.9410 0.0000
118469.4849 0.0000
118835.0518 0.0000
118310.3780 0.0000
118842.8262 0.0000
119280.1699 0.0000
87827.3181 0.0000
88545.4152 0.0000
87754.5281 0.0000
88735.7631 0.0000
88671.8145 0.0000
79006.2681 0.0000
79725.3641 0.0000
79397.6624 0.0000
79995.7680 0.0000
79113.9279 0.0000
79908.9043 0.0000
79282.0634 0.0000
79340.7130 0.0000
79045.2862 0.0000
79145.0484 0.0000
75967.9995 0.0000
76632.6909 0.0000
76470.8707 0.0000
76806.5736 0.0000
76539.0981 0.0000
101587.2363 0.0000
101848.0209 0.0000
101504.6655 0.0000
101556.5408 0.0000
102478.3621 0.0000
120767.6329 0.0000
121061.4157 0.0000
121545.1228 0.0000
122515.0575 0.0000
122773.0192 0.0000
123231.0761 0.0000
122940.4888 0.0000
123392.9694 0.0000
123453.3660 0.0000
123794.5639 0.0000
88228.4510 0.0000
88186.5495 0.0000
88397.5745 0.0000
88022.2561 0.0000
88705.1758 0.0000
79844.6383 0.0000
79608.3612 0.0000
79277.2811 0.0000
79784.0910 0.0000
79693.7355 0.0000
79485.9537 0.0000
79544.3183 0.0000
79550.2447 0.0000
80307.1478 0.0000
79168.8274 0.0000
77128.6092 0.0000
76288.0549 0.0000
75976.6694 0.0000
76291.3299 0.0000
76347.5624 0.0000
102062.0878 0.0000
101791.7278 0.0000
101499.9020 0.0000
101963.8917 0.0000
102052.4767 0.0000
127363.8019 0.0000
127370.2955 0.0000
127139.8034 0.0000
127672.8280 0.0000
128015.9246 0.0000
128451.7325 0.0000
128814.7600 0.0000
129147.0230 0.0000
128799.3318 0.0000
130173.0333 0.0000
88346.7424 0.0000
87945.1400 0.0000
88838.7899 0.0000
87951.7209 0.0000
88362.5667 0.0000
79461.5099 0.0000
79952.4742 0.0000
79616.8214 0.0000
79790.1169 0.0000
79380.6181 0.0000
78606.4822 0.0000
79779.5368 0.0000
79057.1249 0.0000
79590.8215 0.0000
80207.2717 0.0000
76440.5910 0.0000
75479.0913 0.0000
76523.2777 0.0000
76312.1920 0.0000
75989.5903 0.0000
101344.0500 0.0000
102296.5684 0.0000
102181.5594 0.0000
102121.5285 0.0000
102709.4883 0.0000
132765.8013 0.0000
132769.5955 0.0000
132310.9004 0.0000
132725.3939 0.0000
133165.4015 0.0000
135257.3884 0.0000
135371.0718 0.0000
135397.4296 0.0000
