
0.104346 0.093756 0.088138 0.092677 0.097755 0.096674 0.096350 0.085653 0.075280 0.081764
0.088138 0.092677 0.097755 0.096674 0.096350 0.085653 0.075280 0.081764 0.074632 0.075605
0.097755 0.096674 0.096350 0.085653 0.075280 0.081764 0.074632 0.075605 0.078413 0.082088
0.096350 0.085653 0.075280 0.081764 0.074632 0.075605 0.078413 0.082088 0.081440 0.079494
0.075280 0.081764 0.074632 0.075605 0.078413 0.082088 0.081440 0.079494 0.082195 0.085221
0.074632 0.075605 0.078413 0.082088 0.081440 0.079494 0.082195 0.085221 0.085221 0.082844
0.078413 0.082088 0.081440 0.079494 0.082195 0.085221 0.085221 0.082844 0.087382 0.087274
0.081440 0.079494 0.082195 0.085221 0.085221 0.082844 0.087382 0.087274 0.086841 0.090191
0.082195 0.085221 0.085221 0.082844 0.087382 0.087274 0.086841 0.090191 0.091596 0.093432
0.085221 0.082844 0.087382 0.087274 0.086841 0.090191 0.091596 0.093432 0.092677 0.091813
0.087382 0.087274 0.086841 0.090191 0.091596 0.093432 0.092677 0.091813 0.092892 0.093865
0.086841 0.090191 0.091596 0.093432 0.092677 0.091813 0.092892 0.093865 0.096566 0.098728
0.091596 0.093432 0.092677 0.091813 0.092892 0.093865 0.096566 0.098728 0.099483 0.100348
0.092677 0.091813 0.092892 0.093865 0.096566 0.098728 0.099483 0.100348 0.097863 0.095809
0.092892 0.093865 0.096566 0.098728 0.099483 0.100348 0.097863 0.095809 0.096350 0.100457
0.096566 0.098728 0.099483 0.100348 0.097863 0.095809 0.096350 0.100457 0.100564 0.098078
0.099483 0.100348 0.097863 0.095809 0.096350 0.100457 0.100564 0.098078 0.100348 0.101969
0.097863 0.095809 0.096350 0.100457 0.100564 0.098078 0.100348 0.101969 0.104886 0.106832
0.096350 0.100457 0.100564 0.098078 0.100348 0.101969 0.104886 0.106832 0.106182 0.097863
0.100564 0.098078 0.100348 0.101969 0.104886 0.106832 0.106182 0.097863 0.091487 0.094621
0.100348 0.101969 0.104886 0.106832 0.106182 0.097863 0.091487 0.094621 0.095918 0.090515
0.104886 0.106832 0.106182 0.097863 0.091487 0.094621 0.095918 0.090515 0.089110 0.089327
0.106182 0.097863 0.091487 0.094621 0.095918 0.090515 0.089110 0.089327 0.086626 0.087058
0.091487 0.094621 0.095918 0.090515 0.089110 0.089327 0.086626 0.087058 0.090299 0.083059
0.095918 0.090515 0.089110 0.089327 0.086626 0.087058 0.090299 0.083059 0.077765 0.077765
0.089110 0.089327 0.086626 0.087058 0.090299 0.083059 0.077765 0.077765 0.083492 0.082412
0.086626 0.087058 0.090299 0.083059 0.077765 0.077765 0.083492 0.082412 0.079494 0.080683
0.090299 0.083059 0.077765 0.077765 0.083492 0.082412 0.079494 0.080683 0.082520 0.089651
0.077765 0.077765 0.083492 0.082412 0.079494 0.080683 0.082520 0.089651 0.086626 0.083276
0.083492 0.082412 0.079494 0.080683 0.082520 0.089651 0.086626 0.083276 0.083383 0.085977
0.079494 0.080683 0.082520 0.089651 0.086626 0.083276 0.083383 0.085977 0.086734 0.088786
0.082520 0.089651 0.086626 0.083276 0.083383 0.085977 0.086734 0.088786 0.092568 0.085545
0.086626 0.083276 0.083383 0.085977 0.086734 0.088786 0.092568 0.085545 0.085545 0.092352
0.083383 0.085977 0.086734 0.088786 0.092568 0.085545 0.085545 0.092352 0.089758 0.091920
0.086734 0.088786 0.092568 0.085545 0.085545 0.092352 0.089758 0.091920 0.092784 0.094513
0.092568 0.085545 0.085545 0.092352 0.089758 0.091920 0.092784 0.094513 0.095702 0.093217
0.085545 0.092352 0.089758 0.091920 0.092784 0.094513 0.095702 0.093217 0.094082 0.091056
0.089758 0.091920 0.092784 0.094513 0.095702 0.093217 0.094082 0.091056 0.086841 0.086410
0.092784 0.094513 0.095702 0.093217 0.094082 0.091056 0.086841 0.086410 0.086302 0.083924
0.095702 0.093217 0.094082 0.091056 0.086841 0.086410 0.086302 0.083924 0.085112 0.081223
0.094082 0.091056 0.086841 0.086410 0.086302 0.083924 0.085112 0.081223 0.079818 0.051162
0.086841 0.086410 0.086302 0.083924 0.085112 0.081223 0.079818 0.051162 0.049015 0.049611
0.086302 0.083924 0.085112 0.081223 0.079818 0.051162 0.049015 0.049611 0.046869 0.046630
0.085112 0.081223 0.079818 0.051162 0.049015 0.049611 0.046869 0.046630 0.048777 0.051757
0.079818 0.051162 0.049015 0.049611 0.046869 0.046630 0.048777 0.051757 0.052354 0.050922
0.049015 0.049611 0.046869 0.046630 0.048777 0.051757 0.052354 0.050922 0.046510 0.046033
0.046869 0.046630 0.048777 0.051757 0.052354 0.050922 0.046510 0.046033 0.046153 0.043410
0.048777 0.051757 0.052354 0.050922 0.046510 0.046033 0.046153 0.043410 0.042814 0.052831
0.052354 0.050922 0.046510 0.046033 0.046153 0.043410 0.042814 0.052831 0.054023 0.054620
0.046510 0.046033 0.046153 0.043410 0.042814 0.052831 0.054023 0.054620 0.054263 0.052116
0.046153 0.043410 0.042814 0.052831 0.054023 0.054620 0.054263 0.052116 0.049611 0.045198
0.042814 0.052831 0.054023 0.054620 0.054263 0.052116 0.049611 0.045198 0.046033 0.043290
0.054023 0.054620 0.054263 0.052116 0.049611 0.045198 0.046033 0.043290 0.041024 0.039355
0.054263 0.052116 0.049611 0.045198 0.046033 0.043290 0.041024 0.039355 0.038878 0.040070
0.049611 0.045198 0.046033 0.043290 0.041024 0.039355 0.038878 0.040070 0.041740 0.039116
0.046033 0.043290 0.041024 0.039355 0.038878 0.040070 0.041740 0.039116 0.038163 0.040310
0.041024 0.039355 0.038878 0.040070 0.041740 0.039116 0.038163 0.040310 0.034465 0.035062
0.038878 0.040070 0.041740 0.039116 0.038163 0.040310 0.034465 0.035062 0.031007 0.028622
0.041740 0.039116 0.038163 0.040310 0.034465 0.035062 0.031007 0.028622 0.029218 0.031484
0.038163 0.040310 0.034465 0.035062 0.031007 0.028622 0.029218 0.031484 0.031126 0.025521
0.034465 0.035062 0.031007 0.028622 0.029218 0.031484 0.031126 0.025521 0.025283 0.026952
0.031007 0.028622 0.029218 0.031484 0.031126 0.025521 0.025283 0.026952 0.027668 0.025163
0.029218 0.031484 0.031126 0.025521 0.025283 0.026952 0.027668 0.025163 0.022540 0.022301
0.031126 0.025521 0.025283 0.026952 0.027668 0.025163 0.022540 0.022301 0.020989 0.021228
0.025283 0.026952 0.027668 0.025163 0.022540 0.022301 0.020989 0.021228 0.022659 0.021228
0.027668 0.025163 0.022540 0.022301 0.020989 0.021228 0.022659 0.021228 0.021347 0.023374
0.022540 0.022301 0.020989 0.021228 0.022659 0.021228 0.021347 0.023374 0.021824 0.023494
0.020989 0.021228 0.022659 0.021228 0.021347 0.023374 0.021824 0.023494 0.026714 0.029814
0.022659 0.021228 0.021347 0.023374 0.021824 0.023494 0.026714 0.029814 0.028503 0.028741
0.021347 0.023374 0.021824 0.023494 0.026714 0.029814 0.028503 0.028741 0.029457 0.025402
0.021824 0.023494 0.026714 0.029814 0.028503 0.028741 0.029457 0.025402 0.016935 0.015861
0.026714 0.029814 0.028503 0.028741 0.029457 0.025402 0.016935 0.015861 0.015861 0.013715
0.028503 0.028741 0.029457 0.025402 0.016935 0.015861 0.015861 0.013715 0.013595 0.015861
0.029457 0.025402 0.016935 0.015861 0.015861 0.013715 0.013595 0.015861 0.014072 0.013715
0.016935 0.015861 0.015861 0.013715 0.013595 0.015861 0.014072 0.013715 0.012880 0.008944
0.015861 0.013715 0.013595 0.015861 0.014072 0.013715 0.012880 0.008944 0.010137 0.008944
0.013595 0.015861 0.014072 0.013715 0.012880 0.008944 0.010137 0.008944 0.008229 0.007513
0.014072 0.013715 0.012880 0.008944 0.010137 0.008944 0.008229 0.007513 0.009064 0.010137
0.012880 0.008944 0.010137 0.008944 0.008229 0.007513 0.009064 0.010137 0.012999 0.013238
0.010137 0.008944 0.008229 0.007513 0.009064 0.010137 0.012999 0.013238 0.017173 0.022897
0.008229 0.007513 0.009064 0.010137 0.012999 0.013238 0.017173 0.022897 0.025283 0.030411
0.009064 0.010137 0.012999 0.013238 0.017173 0.022897 0.025283 0.030411 0.038282 0.033870
0.012999 0.013238 0.017173 0.022897 0.025283 0.030411 0.038282 0.033870 0.028622 0.025283
0.017173 0.022897 0.025283 0.030411 0.038282 0.033870 0.028622 0.025283 0.027191 0.021347
0.025283 0.030411 0.038282 0.033870 0.028622 0.025283 0.027191 0.021347 0.013238 0.016815
0.038282 0.033870 0.028622 0.025283 0.027191 0.021347 0.013238 0.016815 0.017412 0.014072
0.028622 0.025283 0.027191 0.021347 0.013238 0.016815 0.017412 0.014072 0.016458 0.019081
0.027191 0.021347 0.013238 0.016815 0.017412 0.014072 0.016458 0.019081 0.022659 0.025044
0.013238 0.016815 0.017412 0.014072 0.016458 0.019081 0.022659 0.025044 0.025283 0.020274
0.017412 0.014072 0.016458 0.019081 0.022659 0.025044 0.025283 0.020274 0.019916 0.019558
0.016458 0.019081 0.022659 0.025044 0.025283 0.020274 0.019916 0.019558 0.023732 0.022778
0.022659 0.025044 0.025283 0.020274 0.019916 0.019558 0.023732 0.022778 0.023732 0.024567
0.025283 0.020274 0.019916 0.019558 0.023732 0.022778 0.023732 0.024567 0.024448 0.021586
0.019916 0.019558 0.023732 0.022778 0.023732 0.024567 0.024448 0.021586 0.021824 0.025163
0.023732 0.022778 0.023732 0.024567 0.024448 0.021586 0.021824 0.025163 0.020154 0.015980
0.023732 0.024567 0.024448 0.021586 0.021824 0.025163 0.020154 0.015980 0.015146 0.012880
0.024448 0.021586 0.021824 0.025163 0.020154 0.015980 0.015146 0.012880 0.016338 0.016935
0.021824 0.025163 0.020154 0.015980 0.015146 0.012880 0.016338 0.016935 0.020870 0.019320
0.020154 0.015980 0.015146 0.012880 0.016338 0.016935 0.020870 0.019320 0.019678 0.013476
0.015146 0.012880 0.016338 0.016935 0.020870 0.019320 0.019678 0.013476 0.014788 0.017531
0.016338 0.016935 0.020870 0.019320 0.019678 0.013476 0.014788 0.017531 0.013834 0.014192
0.020870 0.019320 0.019678 0.013476 0.014788 0.017531 0.013834 0.014192 0.011329 0.009898
0.019678 0.013476 0.014788 0.017531 0.013834 0.014192 0.011329 0.009898 0.010853 0.009779
0.014788 0.017531 0.013834 0.014192 0.011329 0.009898 0.010853 0.009779 0.011568 0.010375
0.013834 0.014192 0.011329 0.009898 0.010853 0.009779 0.011568 0.010375 0.010495 0.009779
0.011329 0.009898 0.010853 0.009779 0.011568 0.010375 0.010495 0.009779 0.005605 0.001431
0.010853 0.009779 0.011568 0.010375 0.010495 0.009779 0.005605 0.001431 0.000000 0.010375
0.011568 0.010375 0.010495 0.009779 0.005605 0.001431 0.000000 0.010375 0.005724 0.010614
0.010495 0.009779 0.005605 0.001431 0.000000 0.010375 0.005724 0.010614 0.013834 0.013118
0.005605 0.001431 0.000000 0.010375 0.005724 0.010614 0.013834 0.013118 0.014430 0.015742
0.000000 0.010375 0.005724 0.010614 0.013834 0.013118 0.014430 0.015742 0.016458 0.014788
0.005724 0.010614 0.013834 0.013118 0.014430 0.015742 0.016458 0.014788 0.012641 0.017292
0.013834 0.013118 0.014430 0.015742 0.016458 0.014788 0.012641 0.017292 0.018723 0.018247
0.014430 0.015742 0.016458 0.014788 0.012641 0.017292 0.018723 0.018247 0.022659 0.025163
0.016458 0.014788 0.012641 0.017292 0.018723 0.018247 0.022659 0.025163 0.026117 0.024567
0.012641 0.017292 0.018723 0.018247 0.022659 0.025163 0.026117 0.024567 0.026714 0.032080
0.018723 0.018247 0.022659 0.025163 0.026117 0.024567 0.026714 0.032080 0.029218 0.036493
0.022659 0.025163 0.026117 0.024567 0.026714 0.032080 0.029218 0.036493 0.037447 0.034346
0.026117 0.024567 0.026714 0.032080 0.029218 0.036493 0.037447 0.034346 0.039951 0.050684
0.026714 0.032080 0.029218 0.036493 0.037447 0.034346 0.039951 0.050684 0.048299 0.049253
0.029218 0.036493 0.037447 0.034346 0.039951 0.050684 0.048299 0.049253 0.059987 0.076802
0.037447 0.034346 0.039951 0.050684 0.048299 0.049253 0.059987 0.076802 0.081810 0.100892
0.039951 0.050684 0.048299 0.049253 0.059987 0.076802 0.081810 0.100892 0.080022 0.077876
0.048299 0.049253 0.059987 0.076802 0.081810 0.100892 0.080022 0.077876 0.073940 0.066546
0.059987 0.076802 0.081810 0.100892 0.080022 0.077876 0.073940 0.066546 0.074059 0.077040
0.081810 0.100892 0.080022 0.077876 0.073940 0.066546 0.074059 0.077040 0.069408 0.074894
0.080022 0.077876 0.073940 0.066546 0.074059 0.077040 0.069408 0.074894 0.075967 0.083480
0.073940 0.066546 0.074059 0.077040 0.069408 0.074894 0.075967 0.083480 0.077040 0.076444
0.074059 0.077040 0.069408 0.074894 0.075967 0.083480 0.077040 0.076444 0.076921 0.074297
0.069408 0.074894 0.075967 0.083480 0.077040 0.076444 0.076921 0.074297 0.074656 0.077279
0.075967 0.083480 0.077040 0.076444 0.076921 0.074297 0.074656 0.077279 0.076802 0.082526
0.077040 0.076444 0.076921 0.074297 0.074656 0.077279 0.076802 0.082526 0.080856 0.084435
0.076921 0.074297 0.074656 0.077279 0.076802 0.082526 0.080856 0.084435 0.075610 0.077040
0.074656 0.077279 0.076802 0.082526 0.080856 0.084435 0.075610 0.077040 0.078590 0.079425
0.076802 0.082526 0.080856 0.084435 0.075610 0.077040 0.078590 0.079425 0.086700 0.091710
0.080856 0.084435 0.075610 0.077040 0.078590 0.079425 0.086700 0.091710 0.096956 0.098149
0.075610 0.077040 0.078590 0.079425 0.086700 0.091710 0.096956 0.098149 0.097672 0.093378
0.078590 0.079425 0.086700 0.091710 0.096956 0.098149 0.097672 0.093378 0.084554 0.084911
0.086700 0.091710 0.096956 0.098149 0.097672 0.093378 0.084554 0.084911 0.085030 0.076683
0.096956 0.098149 0.097672 0.093378 0.084554 0.084911 0.085030 0.076683 0.071793 0.073940
0.097672 0.093378 0.084554 0.084911 0.085030 0.076683 0.071793 0.073940 0.077756 0.072390
0.084554 0.084911 0.085030 0.076683 0.071793 0.073940 0.077756 0.072390 0.074416 0.080380
0.085030 0.076683 0.071793 0.073940 0.077756 0.072390 0.074416 0.080380 0.084076 0.082526
0.071793 0.073940 0.077756 0.072390 0.074416 0.080380 0.084076 0.082526 0.083480 0.080022
0.077756 0.072390 0.074416 0.080380 0.084076 0.082526 0.083480 0.080022 0.084196 0.076921
0.074416 0.080380 0.084076 0.082526 0.083480 0.080022 0.084196 0.076921 0.074894 0.082883
0.084076 0.082526 0.083480 0.080022 0.084196 0.076921 0.074894 0.082883 0.080022 0.087681
0.083480 0.080022 0.084196 0.076921 0.074894 0.082883 0.080022 0.087681 0.095492 0.093087
0.084196 0.076921 0.074894 0.082883 0.080022 0.087681 0.095492 0.093087 0.092367 0.086841
0.074894 0.082883 0.080022 0.087681 0.095492 0.093087 0.092367 0.086841 0.083477 0.076147
0.080022 0.087681 0.095492 0.093087 0.092367 0.086841 0.083477 0.076147 0.078190 0.078670
0.095492 0.093087 0.092367 0.086841 0.083477 0.076147 0.078190 0.078670 0.077468 0.081192
0.092367 0.086841 0.083477 0.076147 0.078190 0.078670 0.077468 0.081192 0.084678 0.078550
0.083477 0.076147 0.078190 0.078670 0.077468 0.081192 0.084678 0.078550 0.080353 0.077348
0.078190 0.078670 0.077468 0.081192 0.084678 0.078550 0.080353 0.077348 0.073984 0.064372
0.077468 0.081192 0.084678 0.078550 0.080353 0.077348 0.073984 0.064372 0.068698 0.073503
0.084678 0.078550 0.080353 0.077348 0.073984 0.064372 0.068698 0.073503 0.071460 0.072903
0.080353 0.077348 0.073984 0.064372 0.068698 0.073503 0.071460 0.072903 0.076027 0.074826
0.073984 0.064372 0.068698 0.073503 0.071460 0.072903 0.076027 0.074826 0.084558 0.079751
0.068698 0.073503 0.071460 0.072903 0.076027 0.074826 0.084558 0.079751 0.082875 0.086841
0.071460 0.072903 0.076027 0.074826 0.084558 0.079751 0.082875 0.086841 0.090925 0.095130
0.076027 0.074826 0.084558 0.079751 0.082875 0.086841 0.090925 0.095130 0.115196 0.104742
0.084558 0.079751 0.082875 0.086841 0.090925 0.095130 0.115196 0.104742 0.120483 0.124207
0.082875 0.086841 0.090925 0.095130 0.115196 0.104742 0.120483 0.124207 0.122044 0.116637
0.090925 0.095130 0.115196 0.104742 0.120483 0.124207 0.122044 0.116637 0.116277 0.117599
0.115196 0.104742 0.120483 0.124207 0.122044 0.116637 0.116277 0.117599 0.109068 0.123967
0.120483 0.124207 0.122044 0.116637 0.116277 0.117599 0.109068 0.123967 0.125168 0.117599
0.122044 0.116637 0.116277 0.117599 0.109068 0.123967 0.125168 0.117599 0.115316 0.101258
0.116277 0.117599 0.109068 0.123967 0.125168 0.117599 0.115316 0.101258 0.096933 0.095372
0.109068 0.123967 0.125168 0.117599 0.115316 0.101258 0.096933 0.095372 0.093449 0.096453
0.125168 0.117599 0.115316 0.101258 0.096933 0.095372 0.093449 0.096453 0.089363 0.081554
0.115316 0.101258 0.096933 0.095372 0.093449 0.096453 0.089363 0.081554 0.074344 0.060167
0.096933 0.095372 0.093449 0.096453 0.089363 0.081554 0.074344 0.060167 0.070860 0.071340
0.093449 0.096453 0.089363 0.081554 0.074344 0.060167 0.070860 0.071340 0.065094 0.061970
0.089363 0.081554 0.074344 0.060167 0.070860 0.071340 0.065094 0.061970 0.066775 0.075546
0.074344 0.060167 0.070860 0.071340 0.065094 0.061970 0.066775 0.075546 0.073383 0.078190
0.070860 0.071340 0.065094 0.061970 0.066775 0.075546 0.073383 0.078190 0.075907 0.063051
0.065094 0.061970 0.066775 0.075546 0.073383 0.078190 0.075907 0.063051 0.066775 0.070019
0.066775 0.075546 0.073383 0.078190 0.075907 0.063051 0.066775 0.070019 0.074704 0.070500
0.073383 0.078190 0.075907 0.063051 0.066775 0.070019 0.074704 0.070500 0.075907 0.083235
0.075907 0.063051 0.066775 0.070019 0.074704 0.070500 0.075907 0.083235 0.081674 0.082395
0.066775 0.070019 0.074704 0.070500 0.075907 0.083235 0.081674 0.082395 0.072302 0.074584
0.074704 0.070500 0.075907 0.083235 0.081674 0.082395 0.072302 0.074584 0.078310 0.082154
0.075907 0.083235 0.081674 0.082395 0.072302 0.074584 0.078310 0.082154 0.077228 0.072903
0.081674 0.082395 0.072302 0.074584 0.078310 0.082154 0.077228 0.072903 0.068578 0.069298
0.072302 0.074584 0.078310 0.082154 0.077228 0.072903 0.068578 0.069298 0.071220 0.075186
0.078310 0.082154 0.077228 0.072903 0.068578 0.069298 0.071220 0.075186 0.078190 0.076147
0.077228 0.072903 0.068578 0.069298 0.071220 0.075186 0.078190 0.076147 0.076147 0.076147
0.068578 0.069298 0.071220 0.075186 0.078190 0.076147 0.076147 0.076147 0.076147 0.076147
0.071220 0.075186 0.078190 0.076147 0.076147 0.076147 0.076147 0.076147 0.076147 0.076147
0.078190 0.076147 0.076147 0.076147 0.076147 0.076147 0.076147 0.076147 0.079774 0.078644
0.076147 0.076147 0.076147 0.076147 0.076147 0.076147 0.079774 0.078644 0.076950 0.078503
0.076147 0.076147 0.076147 0.076147 0.079774 0.078644 0.076950 0.078503 0.078786 0.076386
0.076147 0.076147 0.079774 0.078644 0.076950 0.078503 0.078786 0.076386 0.073986 0.075256
0.079774 0.078644 0.076950 0.078503 0.078786 0.076386 0.073986 0.075256 0.076809 0.081468
0.076950 0.078503 0.078786 0.076386 0.073986 0.075256 0.076809 0.081468 0.095867 0.088244
0.078786 0.076386 0.073986 0.075256 0.076809 0.081468 0.095867 0.088244 0.086409 0.090644
0.073986 0.075256 0.076809 0.081468 0.095867 0.088244 0.086409 0.090644 0.091350 0.097702
0.076809 0.081468 0.095867 0.088244 0.086409 0.090644 0.091350 0.097702 0.096714 0.103490
0.095867 0.088244 0.086409 0.090644 0.091350 0.097702 0.096714 0.103490 0.106737 0.106737
0.086409 0.090644 0.091350 0.097702 0.096714 0.103490 0.106737 0.106737 0.096149 0.096008
0.091350 0.097702 0.096714 0.103490 0.106737 0.106737 0.096149 0.096008 0.094738 0.094738
0.096714 0.103490 0.106737 0.106737 0.096149 0.096008 0.094738 0.094738 0.093326 0.095161
0.106737 0.106737 0.096149 0.096008 0.094738 0.094738 0.093326 0.095161 0.098832 0.096291
0.096149 0.096008 0.094738 0.094738 0.093326 0.095161 0.098832 0.096291 0.101090 0.101937
0.094738 0.094738 0.093326 0.095161 0.098832 0.096291 0.101090 0.101937 0.095867 0.093044
0.093326 0.095161 0.098832 0.096291 0.101090 0.101937 0.095867 0.093044 0.099255 0.104620
0.098832 0.096291 0.101090 0.101937 0.095867 0.093044 0.099255 0.104620 0.107443 0.111537
0.101090 0.101937 0.095867 0.093044 0.099255 0.104620 0.107443 0.111537 0.110266 0.107161
0.095867 0.093044 0.099255 0.104620 0.107443 0.111537 0.110266 0.107161 0.099537 0.105890
0.099255 0.104620 0.107443 0.111537 0.110266 0.107161 0.099537 0.105890 0.108855 0.110972
0.107443 0.111537 0.110266 0.107161 0.099537 0.105890 0.108855 0.110972 0.106596 0.100384
0.110266 0.107161 0.099537 0.105890 0.108855 0.110972 0.106596 0.100384 0.099255 0.095161
0.099537 0.105890 0.108855 0.110972 0.106596 0.100384 0.099255 0.095161 0.099961 0.095161
0.108855 0.110972 0.106596 0.100384 0.099255 0.095161 0.099961 0.095161 0.103208 0.105467
0.106596 0.100384 0.099255 0.095161 0.099961 0.095161 0.103208 0.105467 0.103349 0.103208
0.099255 0.095161 0.099961 0.095161 0.103208 0.105467 0.103349 0.103208 0.102078 0.106031
0.099961 0.095161 0.103208 0.105467 0.103349 0.103208 0.102078 0.106031 0.100526 0.099820
0.103208 0.105467 0.103349 0.103208 0.102078 0.106031 0.100526 0.099820 0.099396 0.100102
0.103349 0.103208 0.102078 0.106031 0.100526 0.099820 0.099396 0.100102 0.101373 0.122407
0.102078 0.106031 0.100526 0.099820 0.099396 0.100102 0.101373 0.122407 0.140900 0.148805
0.100526 0.099820 0.099396 0.100102 0.101373 0.122407 0.140900 0.148805 0.144570 0.157558
0.099396 0.100102 0.101373 0.122407 0.140900 0.148805 0.144570 0.157558 0.146547 0.149652
0.101373 0.122407 0.140900 0.148805 0.144570 0.157558 0.146547 0.149652 0.156146 0.160381
0.140900 0.148805 0.144570 0.157558 0.146547 0.149652 0.156146 0.160381 0.187204 0.178169
0.144570 0.157558 0.146547 0.149652 0.156146 0.160381 0.187204 0.178169 0.184521 0.155299
0.146547 0.149652 0.156146 0.160381 0.187204 0.178169 0.184521 0.155299 0.165181 0.170404
0.156146 0.160381 0.187204 0.178169 0.184521 0.155299 0.165181 0.170404 0.163487 0.155582
0.187204 0.178169 0.184521 0.155299 0.165181 0.170404 0.163487 0.155582 0.157558 0.148805
0.184521 0.155299 0.165181 0.170404 0.163487 0.155582 0.157558 0.148805 0.148241 0.147535
0.165181 0.170404 0.163487 0.155582 0.157558 0.148805 0.148241 0.147535 0.149511 0.139347
0.163487 0.155582 0.157558 0.148805 0.148241 0.147535 0.149511 0.139347 0.147111 0.141888
0.157558 0.148805 0.148241 0.147535 0.149511 0.139347 0.147111 0.141888 0.139488 0.134547
0.148241 0.147535 0.149511 0.139347 0.147111 0.141888 0.139488 0.134547 0.142453 0.148523
0.149511 0.139347 0.147111 0.141888 0.139488 0.134547 0.142453 0.148523 0.151064 0.145559
0.147111 0.141888 0.139488 0.134547 0.142453 0.148523 0.151064 0.145559 0.157417 0.158405
0.139488 0.134547 0.142453 0.148523 0.151064 0.145559 0.157417 0.158405 0.153182 0.156852
0.142453 0.148523 0.151064 0.145559 0.157417 0.158405 0.153182 0.156852 0.147535 0.137088
0.151064 0.145559 0.157417 0.158405 0.153182 0.156852 0.147535 0.137088 0.141041 0.148664
0.157417 0.158405 0.153182 0.156852 0.147535 0.137088 0.141041 0.148664 0.142876 0.139912
0.153182 0.156852 0.147535 0.137088 0.141041 0.148664 0.142876 0.139912 0.141324 0.143582
0.147535 0.137088 0.141041 0.148664 0.142876 0.139912 0.141324 0.143582 0.152052 0.152476
0.141041 0.148664 0.142876 0.139912 0.141324 0.143582 0.152052 0.152476 0.147817 0.150500
0.142876 0.139912 0.141324 0.143582 0.152052 0.152476 0.147817 0.150500 0.153888 0.158687
0.141324 0.143582 0.152052 0.152476 0.147817 0.150500 0.153888 0.158687 0.157699 0.159958
0.152052 0.152476 0.147817 0.150500 0.153888 0.158687 0.157699 0.159958 0.152758 0.149652
0.147817 0.150500 0.153888 0.158687 0.157699 0.159958 0.152758 0.149652 0.155864 0.160805
0.153888 0.158687 0.157699 0.159958 0.152758 0.149652 0.155864 0.160805 0.181980 0.188051
0.157699 0.159958 0.152758 0.149652 0.155864 0.160805 0.181980 0.188051 0.183674 0.182827
0.152758 0.149652 0.155864 0.160805 0.181980 0.188051 0.183674 0.182827 0.169416 0.171675
0.155864 0.160805 0.181980 0.188051 0.183674 0.182827 0.169416 0.171675 0.182827 0.183251
0.181980 0.188051 0.183674 0.182827 0.169416 0.171675 0.182827 0.183251 0.176475 0.168146
0.183674 0.182827 0.169416 0.171675 0.182827 0.183251 0.176475 0.168146 0.165463 0.167581
0.169416 0.171675 0.182827 0.183251 0.176475 0.168146 0.165463 0.167581 0.147958 0.149370
0.182827 0.183251 0.176475 0.168146 0.165463 0.167581 0.147958 0.149370 0.149511 0.151629
0.176475 0.168146 0.165463 0.167581 0.147958 0.149370 0.149511 0.151629 0.159393 0.162217
0.165463 0.167581 0.147958 0.149370 0.149511 0.151629 0.159393 0.162217 0.157417 0.155440
0.147958 0.149370 0.149511 0.151629 0.159393 0.162217 0.157417 0.155440 0.152335 0.141324
0.149511 0.151629 0.159393 0.162217 0.157417 0.155440 0.152335 0.141324 0.142029 0.139912
0.159393 0.162217 0.157417 0.155440 0.152335 0.141324 0.142029 0.139912 0.148100 0.142453
0.157417 0.155440 0.152335 0.141324 0.142029 0.139912 0.148100 0.142453 0.147958 0.148805
0.152335 0.141324 0.142029 0.139912 0.148100 0.142453 0.147958 0.148805 0.145700 0.131724
0.142029 0.139912 0.148100 0.142453 0.147958 0.148805 0.145700 0.131724 0.136241 0.135818
0.148100 0.142453 0.147958 0.148805 0.145700 0.131724 0.136241 0.135818 0.137230 0.134689
0.147958 0.148805 0.145700 0.131724 0.136241 0.135818 0.137230 0.134689 0.129889 0.120289
0.145700 0.131724 0.136241 0.135818 0.137230 0.134689 0.129889 0.120289 0.123395 0.124242
0.136241 0.135818 0.137230 0.134689 0.129889 0.120289 0.123395 0.124242 0.121842 0.123819
0.137230 0.134689 0.129889 0.120289 0.123395 0.124242 0.121842 0.123819 0.128195 0.137371
0.129889 0.120289 0.123395 0.124242 0.121842 0.123819 0.128195 0.137371 0.135112 0.136100
0.123395 0.124242 0.121842 0.123819 0.128195 0.137371 0.135112 0.136100 0.134265 0.136241
0.121842 0.123819 0.128195 0.137371 0.135112 0.136100 0.134265 0.136241 0.136524 0.137088
0.128195 0.137371 0.135112 0.136100 0.134265 0.136241 0.136524 0.137088 0.134971 0.134971
0.135112 0.136100 0.134265 0.136241 0.136524 0.137088 0.134971 0.134971 0.125936 0.124524
0.134265 0.136241 0.136524 0.137088 0.134971 0.134971 0.125936 0.124524 0.133277 0.129606
0.136524 0.137088 0.134971 0.134971 0.125936 0.124524 0.133277 0.129606 0.125230 0.116478
0.134971 0.134971 0.125936 0.124524 0.133277 0.129606 0.125230 0.116478 0.119725 0.119866
0.125936 0.124524 0.133277 0.129606 0.125230 0.116478 0.119725 0.119866 0.122830 0.124807
0.133277 0.129606 0.125230 0.116478 0.119725 0.119866 0.122830 0.124807 0.121701 0.122548
0.125230 0.116478 0.119725 0.119866 0.122830 0.124807 0.121701 0.122548 0.121560 0.127489
0.119725 0.119866 0.122830 0.124807 0.121701 0.122548 0.121560 0.127489 0.128336 0.125936
0.122830 0.124807 0.121701 0.122548 0.121560 0.127489 0.128336 0.125936 0.124101 0.125230
0.121701 0.122548 0.121560 0.127489 0.128336 0.125936 0.124101 0.125230 0.124666 0.130312
0.121560 0.127489 0.128336 0.125936 0.124101 0.125230 0.124666 0.130312 0.130454 0.130454
0.128336 0.125936 0.124101 0.125230 0.124666 0.130312 0.130454 0.130454 0.129889 0.130736
0.124101 0.125230 0.124666 0.130312 0.130454 0.130454 0.129889 0.130736 0.127489 0.130877
0.124666 0.130312 0.130454 0.130454 0.129889 0.130736 0.127489 0.130877 0.126218 0.140618
0.130454 0.130454 0.129889 0.130736 0.127489 0.130877 0.126218 0.140618 0.139488 0.135394
0.129889 0.130736 0.127489 0.130877 0.126218 0.140618 0.139488 0.135394 0.137935 0.133983
0.127489 0.130877 0.126218 0.140618 0.139488 0.135394 0.137935 0.133983 0.133983 0.137371
0.126218 0.140618 0.139488 0.135394 0.137935 0.133983 0.133983 0.137371 0.136383 0.136947
0.139488 0.135394 0.137935 0.133983 0.133983 0.137371 0.136383 0.136947 0.138218 0.141888
0.137935 0.133983 0.133983 0.137371 0.136383 0.136947 0.138218 0.141888 0.136806 0.136947
0.133983 0.137371 0.136383 0.136947 0.138218 0.141888 0.136806 0.136947 0.128618 0.130037
0.136383 0.136947 0.138218 0.141888 0.136806 0.136947 0.128618 0.130037 0.129186 0.134150
0.138218 0.141888 0.136806 0.136947 0.128618 0.130037 0.129186 0.134150 0.133015 0.134150
0.136806 0.136947 0.128618 0.130037 0.129186 0.134150 0.133015 0.134150 0.136136 0.153725
0.128618 0.130037 0.129186 0.134150 0.133015 0.134150 0.136136 0.153725 0.149186 0.154576
0.129186 0.134150 0.133015 0.134150 0.136136 0.153725 0.149186 0.154576 0.151881 0.148760
0.133015 0.134150 0.136136 0.153725 0.149186 0.154576 0.151881 0.148760 0.158548 0.163512
0.136136 0.153725 0.149186 0.154576 0.151881 0.148760 0.158548 0.163512 0.168902 0.163228
0.149186 0.154576 0.151881 0.148760 0.158548 0.163512 0.168902 0.163228 0.170037 0.166633
0.151881 0.148760 0.158548 0.163512 0.168902 0.163228 0.170037 0.166633 0.166633 0.151455
0.158548 0.163512 0.168902 0.163228 0.170037 0.166633 0.166633 0.151455 0.151881 0.151881
0.168902 0.163228 0.170037 0.166633 0.166633 0.151455 0.151881 0.151881 0.155285 0.153016
0.170037 0.166633 0.166633 0.151455 0.151881 0.151881 0.155285 0.153016 0.155285 0.151597
0.166633 0.151455 0.151881 0.151881 0.155285 0.153016 0.155285 0.151597 0.151881 0.162377
0.151881 0.151881 0.155285 0.153016 0.155285 0.151597 0.151881 0.162377 0.166207 0.173299
0.155285 0.153016 0.155285 0.151597 0.151881 0.162377 0.166207 0.173299 0.171314 0.162236
0.155285 0.151597 0.151881 0.162377 0.166207 0.173299 0.171314 0.162236 0.165640 0.167768
0.151881 0.162377 0.166207 0.173299 0.171314 0.162236 0.165640 0.167768 0.173725 0.168193
0.166207 0.173299 0.171314 0.162236 0.165640 0.167768 0.173725 0.168193 0.172165 0.177129
0.171314 0.162236 0.165640 0.167768 0.173725 0.168193 0.172165 0.177129 0.181101 0.174292
0.165640 0.167768 0.173725 0.168193 0.172165 0.177129 0.181101 0.174292 0.169753 0.174576
0.173725 0.168193 0.172165 0.177129 0.181101 0.174292 0.169753 0.174576 0.175711 0.176846
0.172165 0.177129 0.181101 0.174292 0.169753 0.174576 0.175711 0.176846 0.172165 0.173158
0.181101 0.174292 0.169753 0.174576 0.175711 0.176846 0.172165 0.173158 0.169612 0.166916
0.169753 0.174576 0.175711 0.176846 0.172165 0.173158 0.169612 0.166916 0.161952 0.168335
0.175711 0.176846 0.172165 0.173158 0.169612 0.166916 0.161952 0.168335 0.161952 0.169044
0.172165 0.173158 0.169612 0.166916 0.161952 0.168335 0.161952 0.169044 0.174434 0.202661
0.169612 0.166916 0.161952 0.168335 0.161952 0.169044 0.174434 0.202661 0.211456 0.213867
0.161952 0.168335 0.161952 0.169044 0.174434 0.202661 0.211456 0.213867 0.214576 0.222520
0.161952 0.169044 0.174434 0.202661 0.211456 0.213867 0.214576 0.222520 0.219967 0.226633
0.174434 0.202661 0.211456 0.213867 0.214576 0.222520 0.219967 0.226633 0.240109 0.236988
0.211456 0.213867 0.214576 0.222520 0.219967 0.226633 0.240109 0.236988 0.218548 0.216988
0.214576 0.222520 0.219967 0.226633 0.240109 0.236988 0.218548 0.216988 0.216137 0.227059
0.219967 0.226633 0.240109 0.236988 0.218548 0.216988 0.216137 0.227059 0.218123 0.225640
0.240109 0.236988 0.218548 0.216988 0.216137 0.227059 0.218123 0.225640 0.236279 0.241385
0.218548 0.216988 0.216137 0.227059 0.218123 0.225640 0.236279 0.241385 0.233867 0.236846
0.216137 0.227059 0.218123 0.225640 0.236279 0.241385 0.233867 0.236846 0.231882 0.235995
0.218123 0.225640 0.236279 0.241385 0.233867 0.236846 0.231882 0.235995 0.227768 0.233584
0.236279 0.241385 0.233867 0.236846 0.231882 0.235995 0.227768 0.233584 0.230747 0.232165
0.233867 0.236846 0.231882 0.235995 0.227768 0.233584 0.230747 0.232165 0.225073 0.217981
0.231882 0.235995 0.227768 0.233584 0.230747 0.232165 0.225073 0.217981 0.212165 0.215286
0.227768 0.233584 0.230747 0.232165 0.225073 0.217981 0.212165 0.215286 0.206775 0.210605
0.230747 0.232165 0.225073 0.217981 0.212165 0.215286 0.206775 0.210605 0.214435 0.209328
0.225073 0.217981 0.212165 0.215286 0.206775 0.210605 0.214435 0.209328 0.211881 0.226633
0.212165 0.215286 0.206775 0.210605 0.214435 0.209328 0.211881 0.226633 0.227342 0.221952
0.206775 0.210605 0.214435 0.209328 0.211881 0.226633 0.227342 0.221952 0.218264 0.218548
0.214435 0.209328 0.211881 0.226633 0.227342 0.221952 0.218264 0.218548 0.215144 0.215286
0.211881 0.226633 0.227342 0.221952 0.218264 0.218548 0.215144 0.215286 0.213016 0.210747
0.227342 0.221952 0.218264 0.218548 0.215144 0.215286 0.213016 0.210747 0.217697 0.214151
0.218264 0.218548 0.215144 0.215286 0.213016 0.210747 0.217697 0.214151 0.215144 0.193016
0.215144 0.215286 0.213016 0.210747 0.217697 0.214151 0.215144 0.193016 0.192449 0.192590
0.213016 0.210747 0.217697 0.214151 0.215144 0.193016 0.192449 0.192590 0.190605 0.192165
0.217697 0.214151 0.215144 0.193016 0.192449 0.192590 0.190605 0.192165 0.187200 0.189895
0.215144 0.193016 0.192449 0.192590 0.190605 0.192165 0.187200 0.189895 0.199683 0.202520
0.192449 0.192590 0.190605 0.192165 0.187200 0.189895 0.199683 0.202520 0.202803 0.202945
0.190605 0.192165 0.187200 0.189895 0.199683 0.202520 0.202803 0.202945 0.200676 0.191314
0.187200 0.189895 0.199683 0.202520 0.202803 0.202945 0.200676 0.191314 0.195569 0.215286
0.199683 0.202520 0.202803 0.202945 0.200676 0.191314 0.195569 0.215286 0.220676 0.253584
0.202803 0.202945 0.200676 0.191314 0.195569 0.215286 0.220676 0.253584 0.283655 0.244506
0.200676 0.191314 0.195569 0.215286 0.220676 0.253584 0.283655 0.244506 0.259399 0.254719
0.195569 0.215286 0.220676 0.253584 0.283655 0.244506 0.259399 0.254719 0.257555 0.294151
0.220676 0.253584 0.283655 0.244506 0.259399 0.254719 0.257555 0.294151 0.301386 0.305357
0.283655 0.244506 0.259399 0.254719 0.257555 0.294151 0.301386 0.305357 0.341811 0.338833
0.259399 0.254719 0.257555 0.294151 0.301386 0.305357 0.341811 0.338833 0.331315 0.296988
0.257555 0.294151 0.301386 0.305357 0.341811 0.338833 0.331315 0.296988 0.302946 0.321811
0.301386 0.305357 0.341811 0.338833 0.331315 0.296988 0.302946 0.321811 0.318833 0.306776
0.341811 0.338833 0.331315 0.296988 0.302946 0.321811 0.318833 0.306776 0.289329 0.295570
0.331315 0.296988 0.302946 0.321811 0.318833 0.306776 0.289329 0.295570 0.301669 0.321811
0.302946 0.321811 0.318833 0.306776 0.289329 0.295570 0.301669 0.321811 0.309329 0.301669
0.318833 0.306776 0.289329 0.295570 0.301669 0.321811 0.309329 0.301669 0.289329 0.268052
0.289329 0.295570 0.301669 0.321811 0.309329 0.301669 0.289329 0.268052 0.269329 0.273017
0.301669 0.321811 0.309329 0.301669 0.289329 0.268052 0.269329 0.273017 0.277272 0.282520
0.309329 0.301669 0.289329 0.268052 0.269329 0.273017 0.277272 0.282520 0.271031 0.289896
0.289329 0.268052 0.269329 0.273017 0.277272 0.282520 0.271031 0.289896 0.307769 0.341102
0.269329 0.273017 0.277272 0.282520 0.271031 0.289896 0.307769 0.341102 0.322804 0.339542
0.277272 0.282520 0.271031 0.289896 0.307769 0.341102 0.322804 0.339542 0.340393 0.324790
0.271031 0.289896 0.307769 0.341102 0.322804 0.339542 0.340393 0.324790 0.313159 0.309329
0.307769 0.341102 0.322804 0.339542 0.340393 0.324790 0.313159 0.309329 0.310606 0.310464
0.322804 0.339542 0.340393 0.324790 0.313159 0.309329 0.310606 0.310464 0.318123 0.303939
0.340393 0.324790 0.313159 0.309329 0.310606 0.310464 0.318123 0.303939 0.286917 0.286776
0.313159 0.309329 0.310606 0.310464 0.318123 0.303939 0.286917 0.286776 0.296563 0.301244
0.310606 0.310464 0.318123 0.303939 0.286917 0.286776 0.296563 0.301244 0.295996 0.300960
0.318123 0.303939 0.286917 0.286776 0.296563 0.301244 0.295996 0.300960 0.307343 0.305783
0.286917 0.286776 0.296563 0.301244 0.295996 0.300960 0.307343 0.305783 0.315428 0.320393
0.296563 0.301244 0.295996 0.300960 0.307343 0.305783 0.315428 0.320393 0.342521 0.348336
0.295996 0.300960 0.307343 0.305783 0.315428 0.320393 0.342521 0.348336 0.351031 0.346209
0.307343 0.305783 0.315428 0.320393 0.342521 0.348336 0.351031 0.346209 0.334435 0.336847
0.315428 0.320393 0.342521 0.348336 0.351031 0.346209 0.334435 0.336847 0.337840 0.332592
0.342521 0.348336 0.351031 0.346209 0.334435 0.336847 0.337840 0.332592 0.324081 0.328620
0.351031 0.346209 0.334435 0.336847 0.337840 0.332592 0.324081 0.328620 0.332875 0.346918
0.334435 0.336847 0.337840 0.332592 0.324081 0.328620 0.332875 0.346918 0.365216 0.363514
0.337840 0.332592 0.324081 0.328620 0.332875 0.346918 0.365216 0.363514 0.369188 0.366634
0.324081 0.328620 0.332875 0.346918 0.365216 0.363514 0.369188 0.366634 0.370464 0.385642
0.332875 0.346918 0.365216 0.363514 0.369188 0.366634 0.370464 0.385642 0.378691 0.374578
0.365216 0.363514 0.369188 0.366634 0.370464 0.385642 0.378691 0.374578 0.366209 0.381244
0.369188 0.366634 0.370464 0.385642 0.378691 0.374578 0.366209 0.381244 0.382947 0.383656
0.370464 0.385642 0.378691 0.374578 0.366209 0.381244 0.382947 0.383656 0.385074 0.395571
0.378691 0.374578 0.366209 0.381244 0.382947 0.383656 0.385074 0.395571 0.392308 0.372592
0.366209 0.381244 0.382947 0.383656 0.385074 0.395571 0.392308 0.372592 0.358975 0.378691
0.382947 0.383656 0.385074 0.395571 0.392308 0.372592 0.358975 0.378691 0.379826 0.382237
0.385074 0.395571 0.392308 0.372592 0.358975 0.378691 0.379826 0.382237 0.358549 0.367769
0.392308 0.372592 0.358975 0.378691 0.379826 0.382237 0.358549 0.367769 0.399542 0.418408
0.358975 0.378691 0.379826 0.382237 0.358549 0.367769 0.399542 0.418408 0.430039 0.431316
0.379826 0.382237 0.358549 0.367769 0.399542 0.418408 0.430039 0.431316 0.422096 0.426351
0.358549 0.367769 0.399542 0.418408 0.430039 0.431316 0.422096 0.426351 0.479827 0.502096
0.399542 0.418408 0.430039 0.431316 0.422096 0.426351 0.479827 0.502096 0.563090 0.572877
0.430039 0.431316 0.422096 0.426351 0.479827 0.502096 0.563090 0.572877 0.615005 0.654580
0.422096 0.426351 0.479827 0.502096 0.563090 0.572877 0.615005 0.654580 0.620679 0.547770
0.479827 0.502096 0.563090 0.572877 0.615005 0.654580 0.620679 0.547770 0.573444 0.615573
0.563090 0.572877 0.615005 0.654580 0.620679 0.547770 0.573444 0.615573 0.687913 0.708481
0.615005 0.654580 0.620679 0.547770 0.573444 0.615573 0.687913 0.708481 0.704793 0.761531
0.620679 0.547770 0.573444 0.615573 0.687913 0.708481 0.704793 0.761531 0.762241 0.757554
0.573444 0.615573 0.687913 0.708481 0.704793 0.761531 0.762241 0.757554 0.772041 0.769627
0.687913 0.708481 0.704793 0.761531 0.762241 0.757554 0.772041 0.769627 0.779569 0.868338
0.704793 0.761531 0.762241 0.757554 0.772041 0.769627 0.779569 0.868338 0.966055 1.000000
0.762241 0.757554 0.772041 0.769627 0.779569 0.868338 0.966055 1.000000 0.897312 0.935234
0.772041 0.769627 0.779569 0.868338 0.966055 1.000000 0.897312 0.935234 0.979548 0.989064
0.779569 0.868338 0.966055 1.000000 0.897312 0.935234 0.979548 0.989064 0.935518 0.915776
0.966055 1.000000 0.897312 0.935234 0.979548 0.989064 0.935518 0.915776 0.934666 0.882115
0.897312 0.935234 0.979548 0.989064 0.935518 0.915776 0.934666 0.882115 0.892625 0.898448
0.979548 0.989064 0.935518 0.915776 0.934666 0.882115 0.892625 0.898448 0.909527 0.952988
0.935518 0.915776 0.934666 0.882115 0.892625 0.898448 0.909527 0.952988 0.913077 0.829280
0.934666 0.882115 0.892625 0.898448 0.909527 0.952988 0.913077 0.829280 0.835103 0.783404
0.892625 0.898448 0.909527 0.952988 0.913077 0.829280 0.835103 0.783404 0.736108 0.816071
0.909527 0.952988 0.913077 0.829280 0.835103 0.783404 0.736108 0.816071 0.837375 0.801868
0.913077 0.829280 0.835103 0.783404 0.736108 0.816071 0.837375 0.801868 0.710826 0.636118
0.835103 0.783404 0.736108 0.816071 0.837375 0.801868 0.710826 0.636118 0.700600 0.640521
0.736108 0.816071 0.837375 0.801868 0.710826 0.636118 0.700600 0.640521 0.565671 0.498207
0.837375 0.801868 0.710826 0.636118 0.700600 0.640521 0.565671 0.498207 0.443383 0.388275
0.710826 0.636118 0.700600 0.640521 0.565671 0.498207 0.443383 0.388275 0.338565 0.383304
0.700600 0.640521 0.565671 0.498207 0.443383 0.388275 0.338565 0.383304 0.432447 0.486560
0.565671 0.498207 0.443383 0.388275 0.338565 0.383304 0.432447 0.486560 0.546071 0.480595
0.443383 0.388275 0.338565 0.383304 0.432447 0.486560 0.546071 0.480595 0.526045 0.589532
0.338565 0.383304 0.432447 0.486560 0.546071 0.480595 0.526045 0.589532 0.637823 0.627170
0.432447 0.486560 0.546071 0.480595 0.526045 0.589532 0.637823 0.627170 0.688669 0.709548
0.546071 0.480595 0.526045 0.589532 0.637823 0.627170 0.688669 0.709548 0.741363 0.670774
0.526045 0.589532 0.637823 0.627170 0.688669 0.709548 0.741363 0.670774 0.730711 0.814224
0.637823 0.627170 0.688669 0.709548 0.741363 0.670774 0.730711 0.814224 0.836097 0.736960
0.688669 0.709548 0.741363 0.670774 0.730711 0.814224 0.836097 0.736960 0.652452 0.728580
0.741363 0.670774 0.730711 0.814224 0.836097 0.736960 0.652452 0.728580 0.708980 0.665661
0.730711 0.814224 0.836097 0.736960 0.652452 0.728580 0.708980 0.665661 0.692646 0.772751
0.836097 0.736960 0.652452 0.728580 0.708980 0.665661 0.692646 0.772751 0.760253 0.757554
0.652452 0.728580 0.708980 0.665661 0.692646 0.772751 0.760253 0.757554 0.769627 0.752299
0.708980 0.665661 0.692646 0.772751 0.760253 0.757554 0.769627 0.752299 0.775166 0.686823
0.692646 0.772751 0.760253 0.757554 0.769627 0.752299 0.775166 0.686823 0.706281 0.662962
0.760253 0.757554 0.769627 0.752299 0.775166 0.686823 0.706281 0.662962 0.638817 0.564109
0.769627 0.752299 0.775166 0.686823 0.706281 0.662962 0.638817 0.564109 0.496929 0.436424
0.775166 0.686823 0.706281 0.662962 0.638817 0.564109 0.496929 0.436424 0.467386 0.524909
0.706281 0.662962 0.638817 0.564109 0.496929 0.436424 0.467386 0.524909 0.526187 0.464546
0.638817 0.564109 0.496929 0.436424 0.467386 0.524909 0.526187 0.464546 0.407307 0.381742
0.496929 0.436424 0.467386 0.524909 0.526187 0.464546 0.407307 0.381742 0.396087 0.420516
0.467386 0.524909 0.526187 0.464546 0.407307 0.381742 0.396087 0.420516 0.420374 0.417249
0.526187 0.464546 0.407307 0.381742 0.396087 0.420516 0.420374 0.417249 0.372368 0.324362
0.407307 0.381742 0.396087 0.420516 0.420374 0.417249 0.372368 0.324362 0.367681 0.353194
0.396087 0.420516 0.420374 0.417249 0.372368 0.324362 0.367681 0.353194 0.354330 0.400632
0.420374 0.417249 0.372368 0.324362 0.367681 0.353194 0.354330 0.400632 0.418386 0.411284
0.372368 0.324362 0.367681 0.353194 0.354330 0.400632 0.418386 0.411284 0.416965 0.405603
0.367681 0.353194 0.354330 0.400632 0.418386 0.411284 0.416965 0.405603 0.401626 0.374356
0.354330 0.400632 0.418386 0.411284 0.416965 0.405603 0.401626 0.374356 0.399780 0.441963
0.418386 0.411284 0.416965 0.405603 0.401626 0.374356 0.399780 0.441963 0.470795 0.470795
0.416965 0.405603 0.401626 0.374356 0.399780 0.441963 0.470795 0.470795 0.492242 0.473636
0.401626 0.374356 0.399780 0.441963 0.470795 0.470795 0.492242 0.473636 0.500195 0.509853
0.399780 0.441963 0.470795 0.470795 0.492242 0.473636 0.500195 0.509853 0.487981 0.515961
0.470795 0.470795 0.492242 0.473636 0.500195 0.509853 0.487981 0.515961 0.456450 0.487555
0.492242 0.473636 0.500195 0.509853 0.487981 0.515961 0.456450 0.487555 0.492099 0.520222
0.500195 0.509853 0.487981 0.515961 0.456450 0.487555 0.492099 0.520222 0.583141 0.561410
0.487981 0.515961 0.456450 0.487555 0.492099 0.520222 0.583141 0.561410 0.589390 0.594219
0.456450 0.487555 0.492099 0.520222 0.583141 0.561410 0.589390 0.594219 0.551610 0.540248
0.492099 0.520222 0.583141 0.561410 0.589390 0.594219 0.551610 0.540248 0.583993 0.594503
0.583141 0.561410 0.589390 0.594219 0.551610 0.540248 0.583993 0.594503 0.632994 0.632994
0.589390 0.594219 0.551610 0.540248 0.583993 0.594503 0.632994 0.632994 0.609274 0.609843
0.551610 0.540248 0.583993 0.594503 0.632994 0.632994 0.609274 0.609843 0.612825 0.577176
0.583993 0.594503 0.632994 0.632994 0.609274 0.609843 0.612825 0.577176 0.576750 0.585555
0.632994 0.632994 0.609274 0.609843 0.612825 0.577176 0.576750 0.585555 0.559138 0.584419
0.609274 0.609843 0.612825 0.577176 0.576750 0.585555 0.559138 0.584419 0.608564 0.597770
0.612825 0.577176 0.576750 0.585555 0.559138 0.584419 0.608564 0.597770 0.587118 0.596492
0.576750 0.585555 0.559138 0.584419 0.608564 0.597770 0.587118 0.596492 0.596208 0.537265
0.559138 0.584419 0.608564 0.597770 0.587118 0.596492 0.596208 0.537265 0.518375 0.512552
0.608564 0.597770 0.587118 0.596492 0.596208 0.537265 0.518375 0.512552 0.519937 0.530448
0.587118 0.596492 0.596208 0.537265 0.518375 0.512552 0.519937 0.530448 0.521358 0.515819
0.596208 0.537265 0.518375 0.512552 0.519937 0.530448 0.521358 0.515819 0.497923 0.502326
0.518375 0.512552 0.519937 0.530448 0.521358 0.515819 0.497923 0.502326 0.487555 0.486986
0.519937 0.530448 0.521358 0.515819 0.497923 0.502326 0.487555 0.486986 0.506445 0.505876
0.521358 0.515819 0.497923 0.502326 0.487555 0.486986 0.506445 0.505876 0.506445 0.517523
0.497923 0.502326 0.487555 0.486986 0.506445 0.505876 0.506445 0.517523 0.514540 0.517807
0.487555 0.486986 0.506445 0.505876 0.506445 0.517523 0.514540 0.517807 0.521926 0.511416
0.506445 0.505876 0.506445 0.517523 0.514540 0.517807 0.521926 0.511416 0.494088 0.499769
0.506445 0.517523 0.514540 0.517807 0.521926 0.511416 0.494088 0.499769 0.486844 0.492952
0.514540 0.517807 0.521926 0.511416 0.494088 0.499769 0.486844 0.492952 0.499627 0.495792
0.521926 0.511416 0.494088 0.499769 0.486844 0.492952 0.499627 0.495792 0.448212 0.464972
0.494088 0.499769 0.486844 0.492952 0.499627 0.495792 0.448212 0.464972 0.477328 0.421510
0.486844 0.492952 0.499627 0.495792 0.448212 0.464972 0.477328 0.421510 0.410290 0.358449
0.499627 0.495792 0.448212 0.464972 0.477328 0.421510 0.410290 0.358449 0.356603 0.324220
0.448212 0.464972 0.477328 0.421510 0.410290 0.358449 0.356603 0.324220 0.366545 0.362142
0.477328 0.421510 0.410290 0.358449 0.356603 0.324220 0.366545 0.362142 0.370095 0.390122
0.410290 0.358449 0.356603 0.324220 0.366545 0.362142 0.370095 0.390122 0.373930 0.345808
0.356603 0.324220 0.366545 0.362142 0.370095 0.390122 0.373930 0.345808 0.353620 0.359869
0.366545 0.362142 0.370095 0.390122 0.373930 0.345808 0.353620 0.359869 0.336008 0.342968
0.370095 0.390122 0.373930 0.345808 0.353620 0.359869 0.336008 0.342968 0.306466 0.322657
0.373930 0.345808 0.353620 0.359869 0.336008 0.342968 0.306466 0.322657 0.310727 0.328907
0.353620 0.359869 0.336008 0.342968 0.306466 0.322657 0.310727 0.328907 0.332599 0.345950
0.336008 0.342968 0.306466 0.322657 0.310727 0.328907 0.332599 0.345950 0.347229 0.357171
0.306466 0.322657 0.310727 0.328907 0.332599 0.345950 0.347229 0.357171 0.372226 0.385719
0.310727 0.328907 0.332599 0.345950 0.347229 0.357171 0.372226 0.385719 0.374214 0.376913
0.332599 0.345950 0.347229 0.357171 0.372226 0.385719 0.374214 0.376913 0.381600 0.377197
0.347229 0.357171 0.372226 0.385719 0.374214 0.376913 0.381600 0.377197 0.379753 0.330895
0.372226 0.385719 0.374214 0.376913 0.381600 0.377197 0.379753 0.330895 0.331321 0.306750
0.374214 0.376913 0.381600 0.377197 0.379753 0.330895 0.331321 0.306750 0.319391 0.342258
0.381600 0.377197 0.379753 0.330895 0.331321 0.306750 0.319391 0.342258 0.342258 0.327202
0.379753 0.330895 0.331321 0.306750 0.319391 0.342258 0.342258 0.327202 0.339701 0.334588
0.331321 0.306750 0.319391 0.342258 0.342258 0.327202 0.339701 0.334588 0.333594 0.323936
0.319391 0.342258 0.342258 0.327202 0.339701 0.334588 0.333594 0.323936 0.325356 0.338565
0.342258 0.327202 0.339701 0.334588 0.333594 0.323936 0.325356 0.338565 0.331605 0.327202
0.339701 0.334588 0.333594 0.323936 0.325356 0.338565 0.331605 0.327202 0.340553 0.361148
0.333594 0.323936 0.325356 0.338565 0.331605 0.327202 0.340553 0.361148 0.378191 0.407591
0.325356 0.338565 0.331605 0.327202 0.340553 0.361148 0.378191 0.407591 0.406029 0.399496
0.331605 0.327202 0.340553 0.361148 0.378191 0.407591 0.406029 0.399496 0.394809 0.394099
0.340553 0.361148 0.378191 0.407591 0.406029 0.399496 0.394809 0.394099 0.378901 0.402194
0.378191 0.407591 0.406029 0.399496 0.394809 0.394099 0.378901 0.402194 0.398644 0.390832
0.406029 0.399496 0.394809 0.394099 0.378901 0.402194 0.398644 0.390832 0.401768 0.403757
0.394809 0.394099 0.378901 0.402194 0.398644 0.390832 0.401768 0.403757 0.387849 0.377197
0.378901 0.402194 0.398644 0.390832 0.401768 0.403757 0.387849 0.377197 0.386855 0.377623
0.398644 0.390832 0.401768 0.403757 0.387849 0.377197 0.386855 0.377623 0.387991 0.390974
0.401768 0.403757 0.387849 0.377197 0.386855 0.377623 0.387991 0.390974 0.390832 0.378617
0.387849 0.377197 0.386855 0.377623 0.387991 0.390974 0.390832 0.378617 0.382736 0.365408
0.386855 0.377623 0.387991 0.390974 0.390832 0.378617 0.382736 0.365408 0.355750 0.363988
0.387991 0.390974 0.390832 0.378617 0.382736 0.365408 0.355750 0.363988 0.364556 0.364982
0.390832 0.378617 0.382736 0.365408 0.355750 0.363988 0.364556 0.364982 0.357313 0.350779
0.382736 0.365408 0.355750 0.363988 0.364556 0.364982 0.357313 0.350779 0.350211 0.362852
0.355750 0.363988 0.364556 0.364982 0.357313 0.350779 0.350211 0.362852 0.359301 0.362284
0.364556 0.364982 0.357313 0.350779 0.350211 0.362852 0.359301 0.362284 0.343252 0.322657
0.357313 0.350779 0.350211 0.362852 0.359301 0.362284 0.343252 0.322657 0.324504 0.322799
0.350211 0.362852 0.359301 0.362284 0.343252 0.322657 0.324504 0.322799 0.326208 0.325072
0.359301 0.362284 0.343252 0.322657 0.324504 0.322799 0.326208 0.325072 0.328054 0.326634
0.343252 0.322657 0.324504 0.322799 0.326208 0.325072 0.328054 0.326634 0.317544 0.319112
0.324504 0.322799 0.326208 0.325072 0.328054 0.326634 0.317544 0.319112 0.328232 0.330227
0.326208 0.325072 0.328054 0.326634 0.317544 0.319112 0.328232 0.330227 0.322532 0.320109
0.328054 0.326634 0.317544 0.319112 0.328232 0.330227 0.322532 0.320109 0.319682 0.328802
0.317544 0.319112 0.328232 0.330227 0.322532 0.320109 0.319682 0.328802 0.324242 0.345190
0.328232 0.330227 0.322532 0.320109 0.319682 0.328802 0.324242 0.345190 0.344478 0.344478
0.322532 0.320109 0.319682 0.328802 0.324242 0.345190 0.344478 0.344478 0.343908 0.340773
0.319682 0.328802 0.324242 0.345190 0.344478 0.344478 0.343908 0.340773 0.344763 0.354168
0.324242 0.345190 0.344478 0.344478 0.343908 0.340773 0.344763 0.354168 0.339490 0.333077
0.344478 0.344478 0.343908 0.340773 0.344763 0.354168 0.339490 0.333077 0.346473 0.347755
0.343908 0.340773 0.344763 0.354168 0.339490 0.333077 0.346473 0.347755 0.348183 0.344335
0.344763 0.354168 0.339490 0.333077 0.346473 0.347755 0.348183 0.344335 0.340630 0.350605
0.339490 0.333077 0.346473 0.347755 0.348183 0.344335 0.340630 0.350605 0.360723 0.347755
0.346473 0.347755 0.348183 0.344335 0.340630 0.350605 0.360723 0.347755 0.375971 0.371696
0.348183 0.344335 0.340630 0.350605 0.360723 0.347755 0.375971 0.371696 0.369844 0.370414
0.340630 0.350605 0.360723 0.347755 0.375971 0.371696 0.369844 0.370414 0.373834 0.402193
0.360723 0.347755 0.375971 0.371696 0.369844 0.370414 0.373834 0.402193 0.400767 0.400767
0.375971 0.371696 0.369844 0.370414 0.373834 0.402193 0.400767 0.400767 0.389937 0.392075
0.369844 0.370414 0.373834 0.402193 0.400767 0.400767 0.389937 0.392075 0.399342 0.416728
0.373834 0.402193 0.400767 0.400767 0.389937 0.392075 0.399342 0.416728 0.408890 0.409603
0.400767 0.400767 0.389937 0.392075 0.399342 0.416728 0.408890 0.409603 0.395780 0.390935
0.389937 0.392075 0.399342 0.416728 0.408890 0.409603 0.395780 0.390935 0.392930 0.393072
0.399342 0.416728 0.408890 0.409603 0.395780 0.390935 0.392930 0.393072 0.392075 0.392502
0.408890 0.409603 0.395780 0.390935 0.392930 0.393072 0.392075 0.392502 0.383524 0.390650
0.395780 0.390935 0.392930 0.393072 0.392075 0.392502 0.383524 0.390650 0.370984 0.375971
0.392930 0.393072 0.392075 0.392502 0.383524 0.390650 0.370984 0.375971 0.365996 0.353598
0.392075 0.392502 0.383524 0.390650 0.370984 0.375971 0.365996 0.353598 0.356733 0.359583
0.383524 0.390650 0.370984 0.375971 0.365996 0.353598 0.356733 0.359583 0.365996 0.360723
0.370984 0.375971 0.365996 0.353598 0.356733 0.359583 0.365996 0.360723 0.380104 0.375259
0.365996 0.353598 0.356733 0.359583 0.365996 0.360723 0.380104 0.375259 0.375829 0.365854
0.356733 0.359583 0.365996 0.360723 0.380104 0.375259 0.375829 0.365854 0.370699 0.386374
0.365996 0.360723 0.380104 0.375259 0.375829 0.365854 0.370699 0.386374 0.387657 0.389652
0.380104 0.375259 0.375829 0.365854 0.370699 0.386374 0.387657 0.389652 0.384379 0.385377
0.375829 0.365854 0.370699 0.386374 0.387657 0.389652 0.384379 0.385377 0.374689 0.375829
0.370699 0.386374 0.387657 0.389652 0.384379 0.385377 0.374689 0.375829 0.376541 0.367279
0.387657 0.389652 0.384379 0.385377 0.374689 0.375829 0.376541 0.367279 0.368276 0.368134
0.384379 0.385377 0.374689 0.375829 0.376541 0.367279 0.368276 0.368134 0.371554 0.371981
0.374689 0.375829 0.376541 0.367279 0.368276 0.368134 0.371554 0.371981 0.371269 0.363716
0.376541 0.367279 0.368276 0.368134 0.371554 0.371981 0.371269 0.363716 0.364571 0.368989
0.368276 0.368134 0.371554 0.371981 0.371269 0.363716 0.364571 0.368989 0.369274 0.367136
0.371554 0.371981 0.371269 0.363716 0.364571 0.368989 0.369274 0.367136 0.364714 0.353313
0.371269 0.363716 0.364571 0.368989 0.369274 0.367136 0.364714 0.353313 0.361293 0.356876
0.364571 0.368989 0.369274 0.367136 0.364714 0.353313 0.361293 0.356876 0.357018 0.352173
0.369274 0.367136 0.364714 0.353313 0.361293 0.356876 0.357018 0.352173 0.352458 0.352601
0.364714 0.353313 0.361293 0.356876 0.357018 0.352173 0.352458 0.352601 0.348753 0.333362
0.361293 0.356876 0.357018 0.352173 0.352458 0.352601 0.348753 0.333362 0.337923 0.341485
0.357018 0.352173 0.352458 0.352601 0.348753 0.333362 0.337923 0.341485 0.339205 0.345190
0.352458 0.352601 0.348753 0.333362 0.337923 0.341485 0.339205 0.345190 0.353171 0.352886
0.348753 0.333362 0.337923 0.341485 0.339205 0.345190 0.353171 0.352886 0.352316 0.354311
0.337923 0.341485 0.339205 0.345190 0.353171 0.352886 0.352316 0.354311 0.353313 0.347043
0.339205 0.345190 0.353171 0.352886 0.352316 0.354311 0.353313 0.347043 0.350463 0.351888
0.353171 0.352886 0.352316 0.354311 0.353313 0.347043 0.350463 0.351888 0.348610 0.348895
0.352316 0.354311 0.353313 0.347043 0.350463 0.351888 0.348610 0.348895 0.353171 0.351603
0.353313 0.347043 0.350463 0.351888 0.348610 0.348895 0.353171 0.351603 0.346330 0.346900
0.350463 0.351888 0.348610 0.348895 0.353171 0.351603 0.346330 0.346900 0.343195 0.343053
0.348610 0.348895 0.353171 0.351603 0.346330 0.346900 0.343195 0.343053 0.345048 0.343623
0.353171 0.351603 0.346330 0.346900 0.343195 0.343053 0.345048 0.343623 0.346188 0.343338
0.346330 0.346900 0.343195 0.343053 0.345048 0.343623 0.346188 0.343338 0.341200 0.343908
0.343195 0.343053 0.345048 0.343623 0.346188 0.343338 0.341200 0.343908 0.338208 0.342768
0.345048 0.343623 0.346188 0.343338 0.341200 0.343908 0.338208 0.342768 0.347470 0.349323
0.346188 0.343338 0.341200 0.343908 0.338208 0.342768 0.347470 0.349323 0.349893 0.350035
0.341200 0.343908 0.338208 0.342768 0.347470 0.349323 0.349893 0.350035 0.349180 0.344905
0.338208 0.342768 0.347470 0.349323 0.349893 0.350035 0.349180 0.344905 0.347470 0.350605
0.347470 0.349323 0.349893 0.350035 0.349180 0.344905 0.347470 0.350605 0.371554 0.363431
0.349893 0.350035 0.349180 0.344905 0.347470 0.350605 0.371554 0.363431 0.367991 0.369844
0.349180 0.344905 0.347470 0.350605 0.371554 0.363431 0.367991 0.369844 0.368704 0.359156
0.347470 0.350605 0.371554 0.363431 0.367991 0.369844 0.368704 0.359156 0.362861 0.359156
0.371554 0.363431 0.367991 0.369844 0.368704 0.359156 0.362861 0.359156 0.361436 0.359013
0.367991 0.369844 0.368704 0.359156 0.362861 0.359156 0.361436 0.359013 0.368704 0.359441
0.368704 0.359156 0.362861 0.359156 0.361436 0.359013 0.368704 0.359441 0.358301 0.337637
0.362861 0.359156 0.361436 0.359013 0.368704 0.359441 0.358301 0.337637 0.338065 0.334930
0.361436 0.359013 0.368704 0.359441 0.358301 0.337637 0.338065 0.334930 0.338065 0.335357
0.368704 0.359441 0.358301 0.337637 0.338065 0.334930 0.338065 0.335357 0.334645 0.331795
0.358301 0.337637 0.338065 0.334930 0.338065 0.335357 0.334645 0.331795 0.341485 0.347470
0.338065 0.334930 0.338065 0.335357 0.334645 0.331795 0.341485 0.347470 0.341343 0.346045
0.338065 0.335357 0.334645 0.331795 0.341485 0.347470 0.341343 0.346045 0.345475 0.341200
0.334645 0.331795 0.341485 0.347470 0.341343 0.346045 0.345475 0.341200 0.338493 0.336782
0.341485 0.347470 0.341343 0.346045 0.345475 0.341200 0.338493 0.336782 0.346330 0.346900
0.341343 0.346045 0.345475 0.341200 0.338493 0.336782 0.346330 0.346900 0.351033 0.350178
0.345475 0.341200 0.338493 0.336782 0.346330 0.346900 0.351033 0.350178 0.368704 0.360438
0.338493 0.336782 0.346330 0.346900 0.351033 0.350178 0.368704 0.360438 0.360153 0.353171
0.346330 0.346900 0.351033 0.350178 0.368704 0.360438 0.360153 0.353171 0.354453 0.349180
0.351033 0.350178 0.368704 0.360438 0.360153 0.353171 0.354453 0.349180 0.355166 0.351033
0.368704 0.360438 0.360153 0.353171 0.354453 0.349180 0.355166 0.351033 0.342340 0.349608
0.360153 0.353171 0.354453 0.349180 0.355166 0.351033 0.342340 0.349608 0.357588 0.354738
0.354453 0.349180 0.355166 0.351033 0.342340 0.349608 0.357588 0.354738 0.358871 0.361863
0.355166 0.351033 0.342340 0.349608 0.357588 0.354738 0.358871 0.361863 0.365996 0.365854
0.342340 0.349608 0.357588 0.354738 0.358871 0.361863 0.365996 0.365854 0.359868 0.370414
0.357588 0.354738 0.358871 0.361863 0.365996 0.365854 0.359868 0.370414 0.370129 0.363716
0.358871 0.361863 0.365996 0.365854 0.359868 0.370414 0.370129 0.363716 0.365141 0.371696
0.365996 0.365854 0.359868 0.370414 0.370129 0.363716 0.365141 0.371696 0.362291 0.363716
0.359868 0.370414 0.370129 0.363716 0.365141 0.371696 0.362291 0.363716 0.364143 0.367564
0.370129 0.363716 0.365141 0.371696 0.362291 0.363716 0.364143 0.367564 0.369416 0.365854
0.365141 0.371696 0.362291 0.363716 0.364143 0.367564 0.369416 0.365854 0.360866 0.362433
0.362291 0.363716 0.364143 0.367564 0.369416 0.365854 0.360866 0.362433 0.358158 0.359298
0.364143 0.367564 0.369416 0.365854 0.360866 0.362433 0.358158 0.359298 0.359726 0.355878
0.369416 0.365854 0.360866 0.362433 0.358158 0.359298 0.359726 0.355878 0.361008 0.365141
0.360866 0.362433 0.358158 0.359298 0.359726 0.355878 0.361008 0.365141 0.361578 0.367136
0.358158 0.359298 0.359726 0.355878 0.361008 0.365141 0.361578 0.367136 0.361721 0.358871
0.359726 0.355878 0.361008 0.365141 0.361578 0.367136 0.361721 0.358871 0.362861 0.361293
0.361008 0.365141 0.361578 0.367136 0.361721 0.358871 0.362861 0.361293 0.358301 0.363288
0.361578 0.367136 0.361721 0.358871 0.362861 0.361293 0.358301 0.363288 0.356876 0.358443
0.361721 0.358871 0.362861 0.361293 0.358301 0.363288 0.356876 0.358443 0.355593 0.349608
0.362861 0.361293 0.358301 0.363288 0.356876 0.358443 0.355593 0.349608 0.352886 0.351318
0.358301 0.363288 0.356876 0.358443 0.355593 0.349608 0.352886 0.351318 0.350463 0.350178
0.356876 0.358443 0.355593 0.349608 0.352886 0.351318 0.350463 0.350178 0.347043 0.340915
0.355593 0.349608 0.352886 0.351318 0.350463 0.350178 0.347043 0.340915 0.349750 0.352743
0.352886 0.351318 0.350463 0.350178 0.347043 0.340915 0.349750 0.352743 0.350463 0.354881
0.350463 0.350178 0.347043 0.340915 0.349750 0.352743 0.350463 0.354881 0.356591 0.371126
0.347043 0.340915 0.349750 0.352743 0.350463 0.354881 0.356591 0.371126 0.364856 0.365141
0.349750 0.352743 0.350463 0.354881 0.356591 0.371126 0.364856 0.365141 0.361436 0.350463
0.350463 0.354881 0.356591 0.371126 0.364856 0.365141 0.361436 0.350463 0.348610 0.345475
0.356591 0.371126 0.364856 0.365141 0.361436 0.350463 0.348610 0.345475 0.348040 0.342055
0.364856 0.365141 0.361436 0.350463 0.348610 0.345475 0.348040 0.342055 0.332365 0.334360
0.361436 0.350463 0.348610 0.345475 0.348040 0.342055 0.332365 0.334360 0.331082 0.324242
0.348610 0.345475 0.348040 0.342055 0.332365 0.334360 0.331082 0.324242 0.324812 0.320679
0.348040 0.342055 0.332365 0.334360 0.331082 0.324242 0.324812 0.320679 0.321677 0.317544
0.332365 0.334360 0.331082 0.324242 0.324812 0.320679 0.321677 0.317544 0.305716 0.294316
0.331082 0.324242 0.324812 0.320679 0.321677 0.317544 0.305716 0.294316 0.298591 0.291751
0.324812 0.320679 0.321677 0.317544 0.305716 0.294316 0.298591 0.291751 0.282488 0.276075
0.321677 0.317544 0.305716 0.294316 0.298591 0.291751 0.282488 0.276075 0.276788 0.281775
0.305716 0.294316 0.298591 0.291751 0.282488 0.276075 0.276788 0.281775 0.282915 0.279495
0.298591 0.291751 0.282488 0.276075 0.276788 0.281775 0.282915 0.279495 0.280920 0.277215
0.282488 0.276075 0.276788 0.281775 0.282915 0.279495 0.280920 0.277215 0.262822 0.264247
0.276788 0.281775 0.282915 0.279495 0.280920 0.277215 0.262822 0.264247 0.271800 0.273225
0.282915 0.279495 0.280920 0.277215 0.262822 0.264247 0.271800 0.273225 0.274508 0.271942
0.280920 0.277215 0.262822 0.264247 0.271800 0.273225 0.274508 0.271942 0.278498 0.278640
0.262822 0.264247 0.271800 0.273225 0.274508 0.271942 0.278498 0.278640 0.280920 0.284768
0.271800 0.273225 0.274508 0.271942 0.278498 0.278640 0.280920 0.284768 0.280065 0.280065
0.274508 0.271942 0.278498 0.278640 0.280920 0.284768 0.280065 0.280065 0.268950 0.272370
0.278498 0.278640 0.280920 0.284768 0.280065 0.280065 0.268950 0.272370 0.274793 0.275794
0.280920 0.284768 0.280065 0.280065 0.268950 0.272370 0.274793 0.275794 0.281232 0.291105
0.280065 0.280065 0.268950 0.272370 0.274793 0.275794 0.281232 0.291105 0.286669 0.287671
0.268950 0.272370 0.274793 0.275794 0.281232 0.291105 0.286669 0.287671 0.282376 0.282949
0.274793 0.275794 0.281232 0.291105 0.286669 0.287671 0.282376 0.282949 0.291248 0.290103
0.281232 0.291105 0.286669 0.287671 0.282376 0.282949 0.291248 0.290103 0.286097 0.292536
0.286669 0.287671 0.282376 0.282949 0.291248 0.290103 0.286097 0.292536 0.289960 0.286669
0.282376 0.282949 0.291248 0.290103 0.286097 0.292536 0.289960 0.286669 0.288243 0.290533
0.291248 0.290103 0.286097 0.292536 0.289960 0.286669 0.288243 0.290533 0.289388 0.292107
0.286097 0.292536 0.289960 0.286669 0.288243 0.290533 0.289388 0.292107 0.296256 0.293394
0.289960 0.286669 0.288243 0.290533 0.289388 0.292107 0.296256 0.293394 0.285811 0.287098
0.288243 0.290533 0.289388 0.292107 0.296256 0.293394 0.285811 0.287098 0.286097 0.261628
0.289388 0.292107 0.296256 0.293394 0.285811 0.287098 0.286097 0.261628 0.265205 0.270071
0.296256 0.293394 0.285811 0.287098 0.286097 0.261628 0.265205 0.270071 0.266923 0.270071
0.285811 0.287098 0.286097 0.261628 0.265205 0.270071 0.266923 0.270071 0.284952 0.283950
0.286097 0.261628 0.265205 0.270071 0.266923 0.270071 0.284952 0.283950 0.285238 0.287528
0.265205 0.270071 0.266923 0.270071 0.284952 0.283950 0.285238 0.287528 0.283521 0.279515
0.266923 0.270071 0.284952 0.283950 0.285238 0.287528 0.283521 0.279515 0.277511 0.269212
0.284952 0.283950 0.285238 0.287528 0.283521 0.279515 0.277511 0.269212 0.270786 0.292250
0.285238 0.287528 0.283521 0.279515 0.277511 0.269212 0.270786 0.292250 0.285095 0.285381
0.283521 0.279515 0.277511 0.269212 0.270786 0.292250 0.285095 0.285381 0.282806 0.282519
0.277511 0.269212 0.270786 0.292250 0.285095 0.285381 0.282806 0.282519 0.280659 0.284809
0.270786 0.292250 0.285095 0.285381 0.282806 0.282519 0.280659 0.284809 0.284952 0.287957
0.285095 0.285381 0.282806 0.282519 0.280659 0.284809 0.284952 0.287957 0.291248 0.285095
0.282806 0.282519 0.280659 0.284809 0.284952 0.287957 0.291248 0.285095 0.286526 0.283235
0.280659 0.284809 0.284952 0.287957 0.291248 0.285095 0.286526 0.283235 0.282519 0.278513
0.284952 0.287957 0.291248 0.285095 0.286526 0.283235 0.282519 0.278513 0.284093 0.289245
0.291248 0.285095 0.286526 0.283235 0.282519 0.278513 0.284093 0.289245 0.284380 0.286526
0.286526 0.283235 0.282519 0.278513 0.284093 0.289245 0.284380 0.286526 0.284952 0.285954
0.282519 0.278513 0.284093 0.289245 0.284380 0.286526 0.284952 0.285954 0.286955 0.286955
0.284093 0.289245 0.284380 0.286526 0.284952 0.285954 0.286955 0.286955 0.292250 0.289817
0.284380 0.286526 0.284952 0.285954 0.286955 0.286955 0.292250 0.289817 0.287814 0.290819
0.284952 0.285954 0.286955 0.286955 0.292250 0.289817 0.287814 0.290819 0.287671 0.293681
0.286955 0.286955 0.292250 0.289817 0.287814 0.290819 0.287671 0.293681 0.291248 0.294968
0.292250 0.289817 0.287814 0.290819 0.287671 0.293681 0.291248 0.294968 0.296542 0.291963
0.287814 0.290819 0.287671 0.293681 0.291248 0.294968 0.296542 0.291963 0.294110 0.288386
0.287671 0.293681 0.291248 0.294968 0.296542 0.291963 0.294110 0.288386 0.289674 0.287528
0.291248 0.294968 0.296542 0.291963 0.294110 0.288386 0.289674 0.287528 0.289245 0.290533
0.296542 0.291963 0.294110 0.288386 0.289674 0.287528 0.289245 0.290533 0.293394 0.294539
0.294110 0.288386 0.289674 0.287528 0.289245 0.290533 0.293394 0.294539 0.294968 0.295970
0.289674 0.287528 0.289245 0.290533 0.293394 0.294539 0.294968 0.295970 0.292250 0.297544
0.289245 0.290533 0.293394 0.294539 0.294968 0.295970 0.292250 0.297544 0.295111 0.299404
0.293394 0.294539 0.294968 0.295970 0.292250 0.297544 0.295111 0.299404 0.303411 0.302266
0.294968 0.295970 0.292250 0.297544 0.295111 0.299404 0.303411 0.302266 0.288815 0.290533
0.292250 0.297544 0.295111 0.299404 0.303411 0.302266 0.288815 0.290533 0.290676 0.284952
0.295111 0.299404 0.303411 0.302266 0.288815 0.290533 0.290676 0.284952 0.285811 0.288672
0.303411 0.302266 0.288815 0.290533 0.290676 0.284952 0.285811 0.288672 0.284523 0.272217
0.288815 0.290533 0.290676 0.284952 0.285811 0.288672 0.284523 0.272217 0.275794 0.277082
0.290676 0.284952 0.285811 0.288672 0.284523 0.272217 0.275794 0.277082 0.274220 0.276796
0.285811 0.288672 0.284523 0.272217 0.275794 0.277082 0.274220 0.276796 0.280087 0.286240
0.284523 0.272217 0.275794 0.277082 0.274220 0.276796 0.280087 0.286240 0.284093 0.283807
0.275794 0.277082 0.274220 0.276796 0.280087 0.286240 0.284093 0.283807 0.281375 0.277511
0.274220 0.276796 0.280087 0.286240 0.284093 0.283807 0.281375 0.277511 0.282806 0.275079
0.280087 0.286240 0.284093 0.283807 0.281375 0.277511 0.282806 0.275079 0.270357 0.260770
0.284093 0.283807 0.281375 0.277511 0.282806 0.275079 0.270357 0.260770 0.265921 0.263202
0.281375 0.277511 0.282806 0.275079 0.270357 0.260770 0.265921 0.263202 0.271788 0.261199
0.282806 0.275079 0.270357 0.260770 0.265921 0.263202 0.271788 0.261199 0.261628 0.256191
0.270357 0.260770 0.265921 0.263202 0.271788 0.261199 0.261628 0.256191 0.258337 0.253758
0.265921 0.263202 0.271788 0.261199 0.261628 0.256191 0.258337 0.253758 0.251469 0.252041
0.271788 0.261199 0.261628 0.256191 0.258337 0.253758 0.251469 0.252041 0.256048 0.249609
0.261628 0.256191 0.258337 0.253758 0.251469 0.252041 0.256048 0.249609 0.256477 0.269927
0.258337 0.253758 0.251469 0.252041 0.256048 0.249609 0.256477 0.269927 0.271788 0.271788
0.251469 0.252041 0.256048 0.249609 0.256477 0.269927 0.271788 0.271788 0.265205 0.266207
0.256048 0.249609 0.256477 0.269927 0.271788 0.271788 0.265205 0.266207 0.268210 0.270500
0.256477 0.269927 0.271788 0.271788 0.265205 0.266207 0.268210 0.270500 0.269355 0.270929
0.271788 0.271788 0.265205 0.266207 0.268210 0.270500 0.269355 0.270929 0.265062 0.262057
0.265205 0.266207 0.268210 0.270500 0.269355 0.270929 0.265062 0.262057 0.255618 0.251326
0.268210 0.270500 0.269355 0.270929 0.265062 0.262057 0.255618 0.251326 0.251612 0.249609
0.269355 0.270929 0.265062 0.262057 0.255618 0.251326 0.251612 0.249609 0.251183 0.252900
0.265062 0.262057 0.255618 0.251326 0.251612 0.249609 0.251183 0.252900 0.255475 0.257765
0.255618 0.251326 0.251612 0.249609 0.251183 0.252900 0.255475 0.257765 0.256620 0.257335
0.251612 0.249609 0.251183 0.252900 0.255475 0.257765 0.256620 0.257335 0.258194 0.257622
0.251183 0.252900 0.255475 0.257765 0.256620 0.257335 0.258194 0.257622 0.252470 0.254187
0.255475 0.257765 0.256620 0.257335 0.258194 0.257622 0.252470 0.254187 0.248178 0.237875
0.256620 0.257335 0.258194 0.257622 0.252470 0.254187 0.248178 0.237875 0.236015 0.237875
0.258194 0.257622 0.252470 0.254187 0.248178 0.237875 0.236015 0.237875 0.237160 0.239878
0.252470 0.254187 0.248178 0.237875 0.236015 0.237875 0.237160 0.239878 0.241023 0.240165
0.248178 0.237875 0.236015 0.237875 0.237160 0.239878 0.241023 0.240165 0.242883 0.246890
0.236015 0.237875 0.237160 0.239878 0.241023 0.240165 0.242883 0.246890 0.243026 0.237017
0.237160 0.239878 0.241023 0.240165 0.242883 0.246890 0.243026 0.237017 0.238018 0.229719
0.241023 0.240165 0.242883 0.246890 0.243026 0.237017 0.238018 0.229719 0.214122 0.208971
0.242883 0.246890 0.243026 0.237017 0.238018 0.229719 0.214122 0.208971 0.207683 0.177634
0.243026 0.237017 0.238018 0.229719 0.214122 0.208971 0.207683 0.177634 0.172769 0.175774
0.238018 0.229719 0.214122 0.208971 0.207683 0.177634 0.172769 0.175774 0.160606 0.165328
0.214122 0.208971 0.207683 0.177634 0.172769 0.175774 0.160606 0.165328 0.167045 0.166616
0.207683 0.177634 0.172769 0.175774 0.160606 0.165328 0.167045 0.166616 0.173055 0.176775
0.172769 0.175774 0.160606 0.165328 0.167045 0.166616 0.173055 0.176775 0.183357 0.193803
0.160606 0.165328 0.167045 0.166616 0.173055 0.176775 0.183357 0.193803 0.191228 0.194089
0.167045 0.166616 0.173055 0.176775 0.183357 0.193803 0.191228 0.194089 0.193088 0.202389
0.173055 0.176775 0.183357 0.193803 0.191228 0.194089 0.193088 0.202389 0.202961 0.196808
0.183357 0.193803 0.191228 0.194089 0.193088 0.202389 0.202961 0.196808 0.194375 0.200528
0.191228 0.194089 0.193088 0.202389 0.202961 0.196808 0.194375 0.200528 0.210402 0.204249
0.193088 0.202389 0.202961 0.196808 0.194375 0.200528 0.210402 0.204249 0.198954 0.201816
0.202961 0.196808 0.194375 0.200528 0.210402 0.204249 0.198954 0.201816 0.196951 0.198382
0.194375 0.200528 0.210402 0.204249 0.198954 0.201816 0.196951 0.198382 0.200958 0.204535
0.210402 0.204249 0.198954 0.201816 0.196951 0.198382 0.200958 0.204535 0.203533 0.186362
0.198954 0.201816 0.196951 0.198382 0.200958 0.204535 0.203533 0.186362 0.204392 0.211976
0.196951 0.198382 0.200958 0.204535 0.203533 0.186362 0.204392 0.211976 0.207540 0.208398
0.200958 0.204535 0.203533 0.186362 0.204392 0.211976 0.207540 0.208398 0.221420 0.226571
0.203533 0.186362 0.204392 0.211976 0.207540 0.208398 0.221420 0.226571 0.221277 0.221563
0.204392 0.211976 0.207540 0.208398 0.221420 0.226571 0.221277 0.221563 0.245173 0.241023
0.207540 0.208398 0.221420 0.226571 0.221277 0.221563 0.245173 0.241023 0.238018 0.233439
0.221420 0.226571 0.221277 0.221563 0.245173 0.241023 0.238018 0.233439 0.237017 0.231436
0.221277 0.221563 0.245173 0.241023 0.238018 0.233439 0.237017 0.231436 0.224854 0.238734
0.245173 0.241023 0.238018 0.233439 0.237017 0.231436 0.224854 0.238734 0.246461 0.243456
0.238018 0.233439 0.237017 0.231436 0.224854 0.238734 0.246461 0.243456 0.226428 0.228717
0.237017 0.231436 0.224854 0.238734 0.246461 0.243456 0.226428 0.228717 0.231436 0.219416
0.224854 0.238734 0.246461 0.243456 0.226428 0.228717 0.231436 0.219416 0.221420 0.212834
0.246461 0.243456 0.226428 0.228717 0.231436 0.219416 0.221420 0.212834 0.213836 0.211403
0.226428 0.228717 0.231436 0.219416 0.221420 0.212834 0.213836 0.211403 0.216411 0.221706
0.231436 0.219416 0.221420 0.212834 0.213836 0.211403 0.216411 0.221706 0.220132 0.217270
0.221420 0.212834 0.213836 0.211403 0.216411 0.221706 0.220132 0.217270 0.212119 0.207683
0.213836 0.211403 0.216411 0.221706 0.220132 0.217270 0.212119 0.207683 0.220418 0.218272
0.216411 0.221706 0.220132 0.217270 0.212119 0.207683 0.220418 0.218272 0.213550 0.217127
0.220132 0.217270 0.212119 0.207683 0.220418 0.218272 0.213550 0.217127 0.220561 0.221849
0.212119 0.207683 0.220418 0.218272 0.213550 0.217127 0.220561 0.221849 0.218272 0.213693
0.220418 0.218272 0.213550 0.217127 0.220561 0.221849 0.218272 0.213693 0.209686 0.201244
0.213550 0.217127 0.220561 0.221849 0.218272 0.213693 0.209686 0.201244 0.201673 0.189653
0.220561 0.221849 0.218272 0.213693 0.209686 0.201244 0.201673 0.189653 0.192658 0.193374
0.218272 0.213693 0.209686 0.201244 0.201673 0.189653 0.192658 0.193374 0.194375 0.198239
