
0.040074 0.047882 0.040897 0.038018 0.035758 0.043566 0.046856 0.046238 0.049527 0.038018
0.040897 0.038018 0.035758 0.043566 0.046856 0.046238 0.049527 0.038018 0.044800 0.044800
0.035758 0.043566 0.046856 0.046238 0.049527 0.038018 0.044800 0.044800 0.043977 0.044595
0.046856 0.046238 0.049527 0.038018 0.044800 0.044800 0.043977 0.044595 0.042746 0.043977
0.049527 0.038018 0.044800 0.044800 0.043977 0.044595 0.042746 0.043977 0.068640 0.071927
0.044800 0.044800 0.043977 0.044595 0.042746 0.043977 0.068640 0.071927 0.069462 0.061652
0.043977 0.044595 0.042746 0.043977 0.068640 0.071927 0.069462 0.061652 0.057131 0.061652
0.042746 0.043977 0.068640 0.071927 0.069462 0.061652 0.057131 0.061652 0.059802 0.065350
0.068640 0.071927 0.069462 0.061652 0.057131 0.061652 0.059802 0.065350 0.058569 0.054664
0.069462 0.061652 0.057131 0.061652 0.059802 0.065350 0.058569 0.054664 0.056515 0.045622
0.057131 0.061652 0.059802 0.065350 0.058569 0.054664 0.056515 0.045622 0.054048 0.047267
0.059802 0.065350 0.058569 0.054664 0.056515 0.045622 0.054048 0.047267 0.052815 0.045006
0.058569 0.054664 0.056515 0.045622 0.054048 0.047267 0.052815 0.045006 0.041512 0.029592
0.056515 0.045622 0.054048 0.047267 0.052815 0.045006 0.041512 0.029592 0.037196 0.040690
0.054048 0.047267 0.052815 0.045006 0.041512 0.029592 0.037196 0.040690 0.038225 0.041924
0.052815 0.045006 0.041512 0.029592 0.037196 0.040690 0.038225 0.041924 0.036580 0.030619
0.041512 0.029592 0.037196 0.040690 0.038225 0.041924 0.036580 0.030619 0.036374 0.028770
0.037196 0.040690 0.038225 0.041924 0.036580 0.030619 0.036374 0.028770 0.030004 0.029388
0.038225 0.041924 0.036580 0.030619 0.036374 0.028770 0.030004 0.029388 0.018906 0.000000
0.036580 0.030619 0.036374 0.028770 0.030004 0.029388 0.018906 0.000000 0.007808 0.008631
0.036374 0.028770 0.030004 0.029388 0.018906 0.000000 0.007808 0.008631 0.003699 0.014590
0.030004 0.029388 0.018906 0.000000 0.007808 0.008631 0.003699 0.014590 0.023427 0.027127
0.018906 0.000000 0.007808 0.008631 0.003699 0.014590 0.023427 0.027127 0.026716 0.028154
0.007808 0.008631 0.003699 0.014590 0.023427 0.027127 0.026716 0.028154 0.025483 0.019933
0.003699 0.014590 0.023427 0.027127 0.026716 0.028154 0.025483 0.019933 0.027948 0.030826
0.023427 0.027127 0.026716 0.028154 0.025483 0.019933 0.027948 0.030826 0.037403 0.045211
0.026716 0.028154 0.025483 0.019933 0.027948 0.030826 0.037403 0.045211 0.055897 0.057335
0.025483 0.019933 0.027948 0.030826 0.037403 0.045211 0.055897 0.057335 0.050143 0.047060
0.027948 0.030826 0.037403 0.045211 0.055897 0.057335 0.050143 0.047060 0.048909 0.046033
0.037403 0.045211 0.055897 0.057335 0.050143 0.047060 0.048909 0.046033 0.049321 0.047882
0.055897 0.057335 0.050143 0.047060 0.048909 0.046033 0.049321 0.047882 0.039868 0.043157
0.050143 0.047060 0.048909 0.046033 0.049321 0.047882 0.039868 0.043157 0.051788 0.050143
0.048909 0.046033 0.049321 0.047882 0.039868 0.043157 0.051788 0.050143 0.050143 0.064119
0.049321 0.047882 0.039868 0.043157 0.051788 0.050143 0.050143 0.064119 0.064119 0.067406
0.039868 0.043157 0.051788 0.050143 0.050143 0.064119 0.064119 0.067406 0.067611 0.071722
0.051788 0.050143 0.050143 0.064119 0.064119 0.067406 0.067611 0.071722 0.082202 0.080764
0.050143 0.064119 0.064119 0.067406 0.067611 0.071722 0.082202 0.080764 0.088572 0.106658
0.064119 0.067406 0.067611 0.071722 0.082202 0.080764 0.088572 0.106658 0.103164 0.103164
0.067611 0.071722 0.082202 0.080764 0.088572 0.106658 0.103164 0.103164 0.101930 0.090424
0.082202 0.080764 0.088572 0.106658 0.103164 0.103164 0.101930 0.090424 0.090835 0.082202
0.088572 0.106658 0.103164 0.103164 0.101930 0.090424 0.090835 0.082202 0.087134 0.085081
0.103164 0.103164 0.101930 0.090424 0.090835 0.082202 0.087134 0.085081 0.105631 0.102753
0.101930 0.090424 0.090835 0.082202 0.087134 0.085081 0.105631 0.102753 0.084463 0.069051
0.090835 0.082202 0.087134 0.085081 0.105631 0.102753 0.084463 0.069051 0.035758 0.040690
0.087134 0.085081 0.105631 0.102753 0.084463 0.069051 0.035758 0.040690 0.046238 0.036374
0.105631 0.102753 0.084463 0.069051 0.035758 0.040690 0.046238 0.036374 0.033909 0.021784
0.084463 0.069051 0.035758 0.040690 0.046238 0.036374 0.033909 0.021784 0.033291 0.045622
0.035758 0.040690 0.046238 0.036374 0.033909 0.021784 0.033291 0.045622 0.042746 0.035758
0.046238 0.036374 0.033909 0.021784 0.033291 0.045622 0.042746 0.035758 0.041717 0.028565
0.033909 0.021784 0.033291 0.045622 0.042746 0.035758 0.041717 0.028565 0.048089 0.049116
0.033291 0.045622 0.042746 0.035758 0.041717 0.028565 0.048089 0.049116 0.069462 0.057747
0.042746 0.035758 0.041717 0.028565 0.048089 0.049116 0.069462 0.057747 0.064939 0.060829
0.041717 0.028565 0.048089 0.049116 0.069462 0.057747 0.064939 0.060829 0.059802 0.066379
0.048089 0.049116 0.069462 0.057747 0.064939 0.060829 0.059802 0.066379 0.079737 0.080764
0.069462 0.057747 0.064939 0.060829 0.059802 0.066379 0.079737 0.080764 0.091039 0.084669
0.064939 0.060829 0.059802 0.066379 0.079737 0.080764 0.091039 0.084669 0.082820 0.079942
0.059802 0.066379 0.079737 0.080764 0.091039 0.084669 0.082820 0.079942 0.083025 0.092273
0.079737 0.080764 0.091039 0.084669 0.082820 0.079942 0.083025 0.092273 0.101930 0.111797
0.091039 0.084669 0.082820 0.079942 0.083025 0.092273 0.101930 0.111797 0.120632 0.116318
0.082820 0.079942 0.083025 0.092273 0.101930 0.111797 0.120632 0.116318 0.121865 0.126386
0.083025 0.092273 0.101930 0.111797 0.120632 0.116318 0.121865 0.126386 0.132141 0.125770
0.101930 0.111797 0.120632 0.116318 0.121865 0.126386 0.132141 0.125770 0.118783 0.122072
0.120632 0.116318 0.121865 0.126386 0.132141 0.125770 0.118783 0.122072 0.120221 0.125564
0.121865 0.126386 0.132141 0.125770 0.118783 0.122072 0.120221 0.125564 0.131525 0.148788
0.132141 0.125770 0.118783 0.122072 0.120221 0.125564 0.131525 0.148788 0.155981 0.169339
0.118783 0.122072 0.120221 0.125564 0.131525 0.148788 0.155981 0.169339 0.153309 0.145499
0.120221 0.125564 0.131525 0.148788 0.155981 0.169339 0.153309 0.145499 0.146321 0.147966
0.131525 0.148788 0.155981 0.169339 0.153309 0.145499 0.146321 0.147966 0.159268 0.175093
0.155981 0.169339 0.153309 0.145499 0.146321 0.147966 0.159268 0.175093 0.196055 0.202836
0.153309 0.145499 0.146321 0.147966 0.159268 0.175093 0.196055 0.202836 0.197493 0.183517
0.146321 0.147966 0.159268 0.175093 0.196055 0.202836 0.197493 0.183517 0.170981 0.179203
0.159268 0.175093 0.196055 0.202836 0.197493 0.183517 0.170981 0.179203 0.188245 0.204070
0.196055 0.202836 0.197493 0.183517 0.170981 0.179203 0.188245 0.204070 0.192561 0.170159
0.197493 0.183517 0.170981 0.179203 0.188245 0.204070 0.192561 0.170159 0.165022 0.161940
0.170981 0.179203 0.188245 0.204070 0.192561 0.170159 0.165022 0.161940 0.172421 0.192972
0.188245 0.204070 0.192561 0.170159 0.165022 0.161940 0.172421 0.192972 0.199138 0.167283
0.192561 0.170159 0.165022 0.161940 0.172421 0.192972 0.199138 0.167283 0.167283 0.157830
0.165022 0.161940 0.172421 0.192972 0.199138 0.167283 0.167283 0.157830 0.153720 0.148788
0.172421 0.192972 0.199138 0.167283 0.167283 0.157830 0.153720 0.148788 0.143445 0.138717
0.199138 0.167283 0.167283 0.157830 0.153720 0.148788 0.143445 0.138717 0.136661 0.129880
0.167283 0.157830 0.153720 0.148788 0.143445 0.138717 0.136661 0.129880 0.145499 0.150637
0.153720 0.148788 0.143445 0.138717 0.136661 0.129880 0.145499 0.150637 0.143238 0.141594
0.143445 0.138717 0.136661 0.129880 0.145499 0.150637 0.143238 0.141594 0.145087 0.142623
0.136661 0.129880 0.145499 0.150637 0.143238 0.141594 0.145087 0.142623 0.140155 0.133990
0.145499 0.150637 0.143238 0.141594 0.145087 0.142623 0.140155 0.133990 0.152075 0.151253
0.143238 0.141594 0.145087 0.142623 0.140155 0.133990 0.152075 0.151253 0.156596 0.156803
0.145087 0.142623 0.140155 0.133990 0.152075 0.151253 0.156596 0.156803 0.156803 0.158034
0.140155 0.133990 0.152075 0.151253 0.156596 0.156803 0.156803 0.158034 0.150226 0.153925
0.152075 0.151253 0.156596 0.156803 0.156803 0.158034 0.150226 0.153925 0.152487 0.157212
0.156596 0.156803 0.156803 0.158034 0.150226 0.153925 0.152487 0.157212 0.158446 0.167898
0.156803 0.158034 0.150226 0.153925 0.152487 0.157212 0.158446 0.167898 0.166667 0.168310
0.150226 0.153925 0.152487 0.157212 0.158446 0.167898 0.166667 0.168310 0.172215 0.171392
0.152487 0.157212 0.158446 0.167898 0.166667 0.168310 0.172215 0.171392 0.182697 0.188860
0.158446 0.167898 0.166667 0.168310 0.172215 0.171392 0.182697 0.188860 0.183517 0.186395
0.166667 0.168310 0.172215 0.171392 0.182697 0.188860 0.183517 0.186395 0.184751 0.186600
0.172215 0.171392 0.182697 0.188860 0.183517 0.186395 0.184751 0.186600 0.188860 0.190505
0.182697 0.188860 0.183517 0.186395 0.184751 0.186600 0.188860 0.190505 0.193794 0.191738
0.183517 0.186395 0.184751 0.186600 0.188860 0.190505 0.193794 0.191738 0.192972 0.188656
0.184751 0.186600 0.188860 0.190505 0.193794 0.191738 0.192972 0.188656 0.185162 0.193999
0.188860 0.190505 0.193794 0.191738 0.192972 0.188656 0.185162 0.193999 0.193588 0.198109
0.193794 0.191738 0.192972 0.188656 0.185162 0.193999 0.193588 0.198109 0.188860 0.187629
0.192972 0.188656 0.185162 0.193999 0.193588 0.198109 0.188860 0.187629 0.198315 0.207357
0.185162 0.193999 0.193588 0.198109 0.188860 0.187629 0.198315 0.207357 0.197493 0.199547
0.193588 0.198109 0.188860 0.187629 0.198315 0.207357 0.197493 0.199547 0.200164 0.201807
0.188860 0.187629 0.198315 0.207357 0.197493 0.199547 0.200164 0.201807 0.208384 0.216194
0.198315 0.207357 0.197493 0.199547 0.200164 0.201807 0.208384 0.216194 0.229346 0.241266
0.197493 0.199547 0.200164 0.201807 0.208384 0.216194 0.229346 0.241266 0.226881 0.234895
0.200164 0.201807 0.208384 0.216194 0.229346 0.241266 0.226881 0.234895 0.226674 0.218248
0.208384 0.216194 0.229346 0.241266 0.226881 0.234895 0.226674 0.218248 0.215576 0.210644
0.229346 0.241266 0.226881 0.234895 0.226674 0.218248 0.215576 0.210644 0.210029 0.226263
0.226881 0.234895 0.226674 0.218248 0.215576 0.210644 0.210029 0.226263 0.232017 0.236129
0.226674 0.218248 0.215576 0.210644 0.210029 0.226263 0.232017 0.236129 0.237567 0.232635
0.215576 0.210644 0.210029 0.226263 0.232017 0.236129 0.237567 0.232635 0.242088 0.247225
0.210029 0.226263 0.232017 0.236129 0.237567 0.232635 0.242088 0.247225 0.270242 0.263872
0.232017 0.236129 0.237567 0.232635 0.242088 0.247225 0.270242 0.263872 0.275792 0.260994
0.237567 0.232635 0.242088 0.247225 0.270242 0.263872 0.275792 0.260994 0.271680 0.272091
0.242088 0.247225 0.270242 0.263872 0.275792 0.260994 0.271680 0.272091 0.280106 0.278257
0.270242 0.263872 0.275792 0.260994 0.271680 0.272091 0.280106 0.278257 0.279902 0.287710
0.275792 0.260994 0.271680 0.272091 0.280106 0.278257 0.279902 0.287710 0.280106 0.283396
0.271680 0.272091 0.280106 0.278257 0.279902 0.287710 0.280106 0.283396 0.280929 0.284627
0.280106 0.278257 0.279902 0.287710 0.280106 0.283396 0.280929 0.284627 0.294698 0.301479
0.279902 0.287710 0.280106 0.283396 0.280929 0.284627 0.294698 0.301479 0.297163 0.299835
0.280106 0.283396 0.280929 0.284627 0.294698 0.301479 0.297163 0.299835 0.298396 0.309494
0.280929 0.284627 0.294698 0.301479 0.297163 0.299835 0.298396 0.309494 0.320181 0.320387
0.294698 0.301479 0.297163 0.299835 0.298396 0.309494 0.320181 0.320387 0.307029 0.281751
0.297163 0.299835 0.298396 0.309494 0.320181 0.320387 0.307029 0.281751 0.282367 0.286683
0.298396 0.309494 0.320181 0.320387 0.307029 0.281751 0.282367 0.286683 0.281956 0.287094
0.320181 0.320387 0.307029 0.281751 0.282367 0.286683 0.281956 0.287094 0.289559 0.300657
0.307029 0.281751 0.282367 0.286683 0.281956 0.287094 0.289559 0.300657 0.304151 0.304151
0.282367 0.286683 0.281956 0.287094 0.289559 0.300657 0.304151 0.304151 0.298808 0.305796
0.281956 0.287094 0.289559 0.300657 0.304151 0.304151 0.298808 0.305796 0.308467 0.320181
0.289559 0.300657 0.304151 0.304151 0.298808 0.305796 0.308467 0.320181 0.327373 0.350802
0.304151 0.304151 0.298808 0.305796 0.308467 0.320181 0.327373 0.350802 0.350184 0.345047
0.298808 0.305796 0.308467 0.320181 0.327373 0.350802 0.350184 0.345047 0.357379 0.350391
0.308467 0.320181 0.327373 0.350802 0.350184 0.345047 0.357379 0.350391 0.341965 0.348746
0.327373 0.350802 0.350184 0.345047 0.357379 0.350391 0.341965 0.348746 0.350184 0.352856
0.350184 0.345047 0.357379 0.350391 0.341965 0.348746 0.350184 0.352856 0.358817 0.367036
0.357379 0.350391 0.341965 0.348746 0.350184 0.352856 0.358817 0.367036 0.399713 0.395397
0.341965 0.348746 0.350184 0.352856 0.358817 0.367036 0.399713 0.395397 0.398069 0.372379
0.350184 0.352856 0.358817 0.367036 0.399713 0.395397 0.398069 0.372379 0.377929 0.394370
0.358817 0.367036 0.399713 0.395397 0.398069 0.372379 0.377929 0.394370 0.352447 0.367654
0.399713 0.395397 0.398069 0.372379 0.377929 0.394370 0.352447 0.367654 0.371764 0.366009
0.398069 0.372379 0.377929 0.394370 0.352447 0.367654 0.371764 0.366009 0.377107 0.403001
0.377929 0.394370 0.352447 0.367654 0.371764 0.366009 0.377107 0.403001 0.414921 0.399918
0.352447 0.367654 0.371764 0.366009 0.377107 0.403001 0.414921 0.399918 0.431977 0.444924
0.371764 0.366009 0.377107 0.403001 0.414921 0.399918 0.431977 0.444924 0.452528 0.455610
0.377107 0.403001 0.414921 0.399918 0.431977 0.444924 0.452528 0.455610 0.461776 0.471024
0.414921 0.399918 0.431977 0.444924 0.452528 0.455610 0.461776 0.471024 0.446362 0.436087
0.431977 0.444924 0.452528 0.455610 0.461776 0.471024 0.446362 0.436087 0.462803 0.443075
0.452528 0.455610 0.461776 0.471024 0.446362 0.436087 0.462803 0.443075 0.442252 0.441841
0.461776 0.471024 0.446362 0.436087 0.462803 0.443075 0.442252 0.441841 0.431361 0.430950
0.446362 0.436087 0.462803 0.443075 0.442252 0.441841 0.431361 0.430950 0.438554 0.424374
0.462803 0.443075 0.442252 0.441841 0.431361 0.430950 0.438554 0.424374 0.425811 0.418208
0.442252 0.441841 0.431361 0.430950 0.438554 0.424374 0.425811 0.418208 0.437525 0.427250
0.431361 0.430950 0.438554 0.424374 0.425811 0.418208 0.437525 0.427250 0.420057 0.396013
0.438554 0.424374 0.425811 0.418208 0.437525 0.427250 0.420057 0.396013 0.397862 0.417181
0.425811 0.418208 0.437525 0.427250 0.420057 0.396013 0.397862 0.417181 0.403616 0.419030
0.437525 0.427250 0.420057 0.396013 0.397862 0.417181 0.403616 0.419030 0.419235 0.428483
0.420057 0.396013 0.397862 0.417181 0.403616 0.419030 0.419235 0.428483 0.420879 0.444513
0.397862 0.417181 0.403616 0.419030 0.419235 0.428483 0.420879 0.444513 0.438554 0.434033
0.403616 0.419030 0.419235 0.428483 0.420879 0.444513 0.438554 0.434033 0.445335 0.459309
0.419235 0.428483 0.420879 0.444513 0.438554 0.434033 0.445335 0.459309 0.494040 0.476368
0.420879 0.444513 0.438554 0.434033 0.445335 0.459309 0.494040 0.476368 0.491986 0.530004
0.438554 0.434033 0.445335 0.459309 0.494040 0.476368 0.491986 0.530004 0.519729 0.510481
0.445335 0.459309 0.494040 0.476368 0.491986 0.530004 0.519729 0.510481 0.480889 0.493424
0.494040 0.476368 0.491986 0.530004 0.519729 0.510481 0.480889 0.493424 0.465270 0.484382
0.491986 0.530004 0.519729 0.510481 0.480889 0.493424 0.465270 0.484382 0.480477 0.470818
0.519729 0.510481 0.480889 0.493424 0.465270 0.484382 0.480477 0.470818 0.482531 0.502055
0.480889 0.493424 0.465270 0.484382 0.480477 0.470818 0.482531 0.502055 0.513564 0.517262
0.465270 0.484382 0.480477 0.470818 0.482531 0.502055 0.513564 0.517262 0.525072 0.530827
0.480477 0.470818 0.482531 0.502055 0.513564 0.517262 0.525072 0.530827 0.510070 0.494040
0.482531 0.502055 0.513564 0.517262 0.525072 0.530827 0.510070 0.494040 0.453143 0.433826
0.513564 0.517262 0.525072 0.530827 0.510070 0.494040 0.453143 0.433826 0.421906 0.430332
0.525072 0.530827 0.510070 0.494040 0.453143 0.433826 0.421906 0.430332 0.395190 0.409988
0.510070 0.494040 0.453143 0.433826 0.421906 0.430332 0.395190 0.409988 0.394575 0.395808
0.453143 0.433826 0.421906 0.430332 0.395190 0.409988 0.394575 0.395808 0.400534 0.382039
0.421906 0.430332 0.395190 0.409988 0.394575 0.395808 0.400534 0.382039 0.379161 0.356761
0.395190 0.409988 0.394575 0.395808 0.400534 0.382039 0.379161 0.356761 0.364571 0.358817
0.394575 0.395808 0.400534 0.382039 0.379161 0.356761 0.364571 0.358817 0.372175 0.399507
0.400534 0.382039 0.379161 0.356761 0.364571 0.358817 0.372175 0.399507 0.427661 0.428072
0.379161 0.356761 0.364571 0.358817 0.372175 0.399507 0.427661 0.428072 0.425400 0.382243
0.364571 0.358817 0.372175 0.399507 0.427661 0.428072 0.425400 0.382243 0.378134 0.371557
0.372175 0.399507 0.427661 0.428072 0.425400 0.382243 0.378134 0.371557 0.379367 0.403412
0.427661 0.428072 0.425400 0.382243 0.378134 0.371557 0.379367 0.403412 0.441841 0.442252
0.425400 0.382243 0.378134 0.371557 0.379367 0.403412 0.441841 0.442252 0.408344 0.436498
0.378134 0.371557 0.379367 0.403412 0.441841 0.442252 0.408344 0.436498 0.428894 0.427661
0.379367 0.403412 0.441841 0.442252 0.408344 0.436498 0.428894 0.427661 0.438347 0.438347
0.441841 0.442252 0.408344 0.436498 0.428894 0.427661 0.438347 0.438347 0.461981 0.466297
0.408344 0.436498 0.428894 0.427661 0.438347 0.438347 0.461981 0.466297 0.488081 0.479039
0.428894 0.427661 0.438347 0.438347 0.461981 0.466297 0.488081 0.479039 0.484794 0.495067
0.438347 0.438347 0.461981 0.466297 0.488081 0.479039 0.484794 0.495067 0.483971 0.494862
0.461981 0.466297 0.488081 0.479039 0.484794 0.495067 0.483971 0.494862 0.489108 0.497741
0.488081 0.479039 0.484794 0.495067 0.483971 0.494862 0.489108 0.497741 0.508220 0.518702
0.484794 0.495067 0.483971 0.494862 0.489108 0.497741 0.508220 0.518702 0.531443 0.534114
0.483971 0.494862 0.489108 0.497741 0.508220 0.518702 0.531443 0.534114 0.538430 0.541925
0.489108 0.497741 0.508220 0.518702 0.531443 0.534114 0.538430 0.541925 0.545623 0.523223
0.508220 0.518702 0.531443 0.534114 0.538430 0.541925 0.545623 0.523223 0.537608 0.536375
0.531443 0.534114 0.538430 0.541925 0.545623 0.523223 0.537608 0.536375 0.531649 0.501850
0.538430 0.541925 0.545623 0.523223 0.537608 0.536375 0.531649 0.501850 0.520756 0.517673
0.545623 0.523223 0.537608 0.536375 0.531649 0.501850 0.520756 0.517673 0.537608 0.552611
0.537608 0.536375 0.531649 0.501850 0.520756 0.517673 0.537608 0.552611 0.535759 0.536375
0.531649 0.501850 0.520756 0.517673 0.537608 0.552611 0.535759 0.536375 0.526922 0.482738
0.520756 0.517673 0.537608 0.552611 0.535759 0.536375 0.526922 0.482738 0.464652 0.481711
0.537608 0.552611 0.535759 0.536375 0.526922 0.482738 0.464652 0.481711 0.484998 0.501232
0.535759 0.536375 0.526922 0.482738 0.464652 0.481711 0.484998 0.501232 0.512126 0.530416
0.526922 0.482738 0.464652 0.481711 0.484998 0.501232 0.512126 0.530416 0.505344 0.501232
0.464652 0.481711 0.484998 0.501232 0.512126 0.530416 0.505344 0.501232 0.517469 0.534732
0.484998 0.501232 0.512126 0.530416 0.505344 0.501232 0.517469 0.534732 0.532060 0.526511
0.512126 0.530416 0.505344 0.501232 0.517469 0.534732 0.532060 0.526511 0.519111 0.524046
0.505344 0.501232 0.517469 0.534732 0.532060 0.526511 0.519111 0.524046 0.533703 0.539253
0.517469 0.534732 0.532060 0.526511 0.519111 0.524046 0.533703 0.539253 0.544185 0.540896
0.532060 0.526511 0.519111 0.524046 0.533703 0.539253 0.544185 0.540896 0.537608 0.542336
0.519111 0.524046 0.533703 0.539253 0.544185 0.540896 0.537608 0.542336 0.533087 0.540896
0.533703 0.539253 0.544185 0.540896 0.537608 0.542336 0.533087 0.540896 0.537197 0.536170
0.544185 0.540896 0.537608 0.542336 0.533087 0.540896 0.537197 0.536170 0.531238 0.518702
0.537608 0.542336 0.533087 0.540896 0.537197 0.536170 0.531238 0.518702 0.517469 0.525072
0.533087 0.540896 0.537197 0.536170 0.531238 0.518702 0.517469 0.525072 0.524046 0.483971
0.537197 0.536170 0.531238 0.518702 0.517469 0.525072 0.524046 0.483971 0.486848 0.493424
0.531238 0.518702 0.517469 0.525072 0.524046 0.483971 0.486848 0.493424 0.494040 0.495274
0.517469 0.525072 0.524046 0.483971 0.486848 0.493424 0.494040 0.495274 0.474516 0.481711
0.524046 0.483971 0.486848 0.493424 0.494040 0.495274 0.474516 0.481711 0.480066 0.475545
0.486848 0.493424 0.494040 0.495274 0.474516 0.481711 0.480066 0.475545 0.506782 0.510892
0.494040 0.495274 0.474516 0.481711 0.480066 0.475545 0.506782 0.510892 0.520963 0.515824
0.474516 0.481711 0.480066 0.475545 0.506782 0.510892 0.520963 0.515824 0.529593 0.544801
0.480066 0.475545 0.506782 0.510892 0.520963 0.515824 0.529593 0.544801 0.552611 0.556925
0.506782 0.510892 0.520963 0.515824 0.529593 0.544801 0.552611 0.556925 0.553842 0.573777
0.520963 0.515824 0.529593 0.544801 0.552611 0.556925 0.553842 0.573777 0.588162 0.611180
0.529593 0.544801 0.552611 0.556925 0.553842 0.573777 0.588162 0.611180 0.598644 0.603165
0.552611 0.556925 0.553842 0.573777 0.588162 0.611180 0.598644 0.603165 0.584052 0.578298
0.553842 0.573777 0.588162 0.611180 0.598644 0.603165 0.584052 0.578298 0.584464 0.602960
0.588162 0.611180 0.598644 0.603165 0.584052 0.578298 0.584464 0.602960 0.622689 0.650638
0.598644 0.603165 0.584052 0.578298 0.584464 0.602960 0.622689 0.650638 0.646115 0.630704
0.584052 0.578298 0.584464 0.602960 0.622689 0.650638 0.646115 0.630704 0.625360 0.588780
0.584464 0.602960 0.622689 0.650638 0.646115 0.630704 0.625360 0.588780 0.607070 0.619195
0.622689 0.650638 0.646115 0.630704 0.625360 0.588780 0.607070 0.619195 0.609946 0.607070
0.646115 0.630704 0.625360 0.588780 0.607070 0.619195 0.609946 0.607070 0.597206 0.584464
0.625360 0.588780 0.607070 0.619195 0.609946 0.607070 0.597206 0.584464 0.592478 0.587958
0.607070 0.619195 0.609946 0.607070 0.597206 0.584464 0.592478 0.587958 0.599878 0.609124
0.609946 0.607070 0.597206 0.584464 0.592478 0.587958 0.599878 0.609124 0.623922 0.619810
0.597206 0.584464 0.592478 0.587958 0.599878 0.609124 0.623922 0.619810 0.599878 0.593712
0.592478 0.587958 0.599878 0.609124 0.623922 0.619810 0.599878 0.593712 0.598849 0.572133
0.599878 0.609124 0.623922 0.619810 0.599878 0.593712 0.598849 0.572133 0.565351 0.559803
0.623922 0.619810 0.599878 0.593712 0.598849 0.572133 0.565351 0.559803 0.567201 0.551582
0.599878 0.593712 0.598849 0.572133 0.565351 0.559803 0.567201 0.551582 0.531238 0.545416
0.598849 0.572133 0.565351 0.559803 0.567201 0.551582 0.531238 0.545416 0.533703 0.539869
0.565351 0.559803 0.567201 0.551582 0.531238 0.545416 0.533703 0.539869 0.534732 0.558775
0.567201 0.551582 0.531238 0.545416 0.533703 0.539869 0.534732 0.558775 0.580970 0.598028
0.531238 0.545416 0.533703 0.539869 0.534732 0.558775 0.580970 0.598028 0.606248 0.609331
0.533703 0.539869 0.534732 0.558775 0.580970 0.598028 0.606248 0.609331 0.616728 0.619401
0.534732 0.558775 0.580970 0.598028 0.606248 0.609331 0.616728 0.619401 0.620222 0.614878
0.580970 0.598028 0.606248 0.609331 0.616728 0.619401 0.620222 0.614878 0.615290 0.617757
0.606248 0.609331 0.616728 0.619401 0.620222 0.614878 0.615290 0.617757 0.621044 0.623100
0.616728 0.619401 0.620222 0.614878 0.615290 0.617757 0.621044 0.623100 0.615290 0.602960
0.620222 0.614878 0.615290 0.617757 0.621044 0.623100 0.615290 0.602960 0.578298 0.586313
0.615290 0.617757 0.621044 0.623100 0.615290 0.602960 0.578298 0.586313 0.578298 0.571517
0.621044 0.623100 0.615290 0.602960 0.578298 0.586313 0.578298 0.571517 0.568434 0.584464
0.615290 0.602960 0.578298 0.586313 0.578298 0.571517 0.568434 0.584464 0.580559 0.564529
0.578298 0.586313 0.578298 0.571517 0.568434 0.584464 0.580559 0.564529 0.556514 0.543978
0.578298 0.571517 0.568434 0.584464 0.580559 0.564529 0.556514 0.543978 0.560215 0.545416
0.568434 0.584464 0.580559 0.564529 0.556514 0.543978 0.560215 0.545416 0.546034 0.549528
0.580559 0.564529 0.556514 0.543978 0.560215 0.545416 0.546034 0.549528 0.524866 0.510276
0.556514 0.543978 0.560215 0.545416 0.546034 0.549528 0.524866 0.510276 0.530620 0.531443
0.560215 0.545416 0.546034 0.549528 0.524866 0.510276 0.530620 0.531443 0.558775 0.580765
0.546034 0.549528 0.524866 0.510276 0.530620 0.531443 0.558775 0.580765 0.586520 0.577271
0.524866 0.510276 0.530620 0.531443 0.558775 0.580765 0.586520 0.577271 0.582203 0.548499
0.530620 0.531443 0.558775 0.580765 0.586520 0.577271 0.582203 0.548499 0.552200 0.561857
0.558775 0.580765 0.586520 0.577271 0.582203 0.548499 0.552200 0.561857 0.553638 0.565558
0.586520 0.577271 0.582203 0.548499 0.552200 0.561857 0.553638 0.565558 0.569256 0.567407
0.582203 0.548499 0.552200 0.561857 0.553638 0.565558 0.569256 0.567407 0.571928 0.565969
0.552200 0.561857 0.553638 0.565558 0.569256 0.567407 0.571928 0.565969 0.554871 0.551171
0.553638 0.565558 0.569256 0.567407 0.571928 0.565969 0.554871 0.551171 0.560419 0.572544
0.569256 0.567407 0.571928 0.565969 0.554871 0.551171 0.560419 0.572544 0.573161 0.582408
0.571928 0.565969 0.554871 0.551171 0.560419 0.572544 0.573161 0.582408 0.577271 0.587547
0.554871 0.551171 0.560419 0.572544 0.573161 0.582408 0.577271 0.587547 0.577271 0.581587
0.560419 0.572544 0.573161 0.582408 0.577271 0.587547 0.577271 0.581587 0.566996 0.558775
0.573161 0.582408 0.577271 0.587547 0.577271 0.581587 0.566996 0.558775 0.565762 0.571106
0.577271 0.587547 0.577271 0.581587 0.566996 0.558775 0.565762 0.571106 0.561242 0.575422
0.577271 0.581587 0.566996 0.558775 0.565762 0.571106 0.561242 0.575422 0.581381 0.580147
0.566996 0.558775 0.565762 0.571106 0.561242 0.575422 0.581381 0.580147 0.590423 0.593917
0.565762 0.571106 0.561242 0.575422 0.581381 0.580147 0.590423 0.593917 0.605837 0.612002
0.561242 0.575422 0.581381 0.580147 0.590423 0.593917 0.605837 0.612002 0.605632 0.601931
0.581381 0.580147 0.590423 0.593917 0.605837 0.612002 0.605632 0.601931 0.603576 0.602549
0.590423 0.593917 0.605837 0.612002 0.605632 0.601931 0.603576 0.602549 0.600082 0.598028
0.605837 0.612002 0.605632 0.601931 0.603576 0.602549 0.600082 0.598028 0.613029 0.621251
0.605632 0.601931 0.603576 0.602549 0.600082 0.598028 0.613029 0.621251 0.610357 0.592890
0.603576 0.602549 0.600082 0.598028 0.613029 0.621251 0.610357 0.592890 0.600905 0.606043
0.600082 0.598028 0.613029 0.621251 0.610357 0.592890 0.600905 0.606043 0.614674 0.624127
0.613029 0.621251 0.610357 0.592890 0.600905 0.606043 0.614674 0.624127 0.644266 0.641801
0.610357 0.592890 0.600905 0.606043 0.614674 0.624127 0.644266 0.641801 0.653310 0.642828
0.600905 0.606043 0.614674 0.624127 0.644266 0.641801 0.653310 0.642828 0.642006 0.636663
0.614674 0.624127 0.644266 0.641801 0.653310 0.642828 0.642006 0.636663 0.646938 0.642828
0.644266 0.641801 0.653310 0.642828 0.642006 0.636663 0.646938 0.642828 0.650021 0.634813
0.653310 0.642828 0.642006 0.636663 0.646938 0.642828 0.650021 0.634813 0.645911 0.654337
0.642006 0.636663 0.646938 0.642828 0.650021 0.634813 0.645911 0.654337 0.651870 0.662556
0.646938 0.642828 0.650021 0.634813 0.645911 0.654337 0.651870 0.662556 0.682902 0.689272
0.650021 0.634813 0.645911 0.654337 0.651870 0.662556 0.682902 0.689272 0.672831 0.655570
0.645911 0.654337 0.651870 0.662556 0.682902 0.689272 0.672831 0.655570 0.661118 0.668517
0.651870 0.662556 0.682902 0.689272 0.672831 0.655570 0.661118 0.668517 0.677970 0.691533
0.682902 0.689272 0.672831 0.655570 0.661118 0.668517 0.677970 0.691533 0.696671 0.699136
0.672831 0.655570 0.661118 0.668517 0.677970 0.691533 0.696671 0.699136 0.704480 0.706740
0.661118 0.668517 0.677970 0.691533 0.696671 0.699136 0.704480 0.706740 0.697287 0.711057
0.677970 0.691533 0.696671 0.699136 0.704480 0.706740 0.697287 0.711057 0.703659 0.688245
0.696671 0.699136 0.704480 0.706740 0.697287 0.711057 0.703659 0.688245 0.684136 0.700988
0.704480 0.706740 0.697287 0.711057 0.703659 0.688245 0.684136 0.700988 0.714346 0.709823
0.697287 0.711057 0.703659 0.688245 0.684136 0.700988 0.714346 0.709823 0.703248 0.700165
0.703659 0.688245 0.684136 0.700988 0.714346 0.709823 0.703248 0.700165 0.697494 0.690095
0.684136 0.700988 0.714346 0.709823 0.703248 0.700165 0.697494 0.690095 0.685163 0.711879
0.714346 0.709823 0.703248 0.700165 0.697494 0.690095 0.685163 0.711879 0.693793 0.701399
0.703248 0.700165 0.697494 0.690095 0.685163 0.711879 0.693793 0.701399 0.697083 0.685574
0.697494 0.690095 0.685163 0.711879 0.693793 0.701399 0.697083 0.685574 0.706947 0.694822
0.685163 0.711879 0.693793 0.701399 0.697083 0.685574 0.706947 0.694822 0.682698 0.663996
0.693793 0.701399 0.697083 0.685574 0.706947 0.694822 0.682698 0.663996 0.683518 0.696465
0.697083 0.685574 0.706947 0.694822 0.682698 0.663996 0.683518 0.696465 0.704686 0.692562
0.706947 0.694822 0.682698 0.663996 0.683518 0.696465 0.704686 0.692562 0.691739 0.680846
0.682698 0.663996 0.683518 0.696465 0.704686 0.692562 0.691739 0.680846 0.682080 0.689890
0.683518 0.696465 0.704686 0.692562 0.691739 0.680846 0.682080 0.689890 0.699754 0.695438
0.704686 0.692562 0.691739 0.680846 0.682080 0.689890 0.699754 0.695438 0.692355 0.689479
0.691739 0.680846 0.682080 0.689890 0.699754 0.695438 0.692355 0.689479 0.690713 0.692562
0.682080 0.689890 0.699754 0.695438 0.692355 0.689479 0.690713 0.692562 0.690506 0.696671
0.699754 0.695438 0.692355 0.689479 0.690713 0.692562 0.690506 0.696671 0.705920 0.711468
0.692355 0.689479 0.690713 0.692562 0.690506 0.696671 0.705920 0.711468 0.705713 0.712906
0.690713 0.692562 0.690506 0.696671 0.705920 0.711468 0.705713 0.712906 0.728935 0.741678
0.690506 0.696671 0.705920 0.711468 0.705713 0.712906 0.728935 0.741678 0.722565 0.717633
0.705920 0.711468 0.705713 0.712906 0.728935 0.741678 0.722565 0.717633 0.706947 0.699754
0.705713 0.712906 0.728935 0.741678 0.722565 0.717633 0.706947 0.699754 0.692355 0.667284
0.728935 0.741678 0.722565 0.717633 0.706947 0.699754 0.692355 0.667284 0.673038 0.699343
0.722565 0.717633 0.706947 0.699754 0.692355 0.667284 0.673038 0.699343 0.684340 0.685574
0.706947 0.699754 0.692355 0.667284 0.673038 0.699343 0.684340 0.685574 0.689272 0.693382
0.692355 0.667284 0.673038 0.699343 0.684340 0.685574 0.689272 0.693382 0.664408 0.670778
0.673038 0.699343 0.684340 0.685574 0.689272 0.693382 0.664408 0.670778 0.670160 0.677148
0.684340 0.685574 0.689272 0.693382 0.664408 0.670778 0.670160 0.677148 0.675092 0.679819
0.689272 0.693382 0.664408 0.670778 0.670160 0.677148 0.675092 0.679819 0.687630 0.688041
0.664408 0.670778 0.670160 0.677148 0.675092 0.679819 0.687630 0.688041 0.691739 0.691328
0.670160 0.677148 0.675092 0.679819 0.687630 0.688041 0.691739 0.691328 0.695438 0.699548
0.675092 0.679819 0.687630 0.688041 0.691739 0.691328 0.695438 0.699548 0.696876 0.691328
0.687630 0.688041 0.691739 0.691328 0.695438 0.699548 0.696876 0.691328 0.690506 0.696260
0.691739 0.691328 0.695438 0.699548 0.696876 0.691328 0.690506 0.696260 0.696260 0.677764
0.695438 0.699548 0.696876 0.691328 0.690506 0.696260 0.696260 0.677764 0.669340 0.642417
0.696876 0.691328 0.690506 0.696260 0.696260 0.677764 0.669340 0.642417 0.627414 0.610153
0.690506 0.696260 0.696260 0.677764 0.669340 0.642417 0.627414 0.610153 0.614878 0.619606
0.696260 0.677764 0.669340 0.642417 0.627414 0.610153 0.614878 0.619606 0.591656 0.609124
0.669340 0.642417 0.627414 0.610153 0.614878 0.619606 0.591656 0.609124 0.591041 0.595766
0.627414 0.610153 0.614878 0.619606 0.591656 0.609124 0.591041 0.595766 0.567201 0.550144
0.614878 0.619606 0.591656 0.609124 0.591041 0.595766 0.567201 0.550144 0.567818 0.586520
0.591656 0.609124 0.591041 0.595766 0.567201 0.550144 0.567818 0.586520 0.578505 0.595766
0.591041 0.595766 0.567201 0.550144 0.567818 0.586520 0.578505 0.595766 0.585902 0.577682
0.567201 0.550144 0.567818 0.586520 0.578505 0.595766 0.585902 0.577682 0.562268 0.587135
0.567818 0.586520 0.578505 0.595766 0.585902 0.577682 0.562268 0.587135 0.557747 0.543978
0.578505 0.595766 0.585902 0.577682 0.562268 0.587135 0.557747 0.543978 0.543774 0.571106
0.585902 0.577682 0.562268 0.587135 0.557747 0.543978 0.543774 0.571106 0.580970 0.593505
0.562268 0.587135 0.557747 0.543978 0.543774 0.571106 0.580970 0.593505 0.608304 0.606659
0.557747 0.543978 0.543774 0.571106 0.580970 0.593505 0.608304 0.606659 0.614674 0.627005
0.543774 0.571106 0.580970 0.593505 0.608304 0.606659 0.614674 0.627005 0.639334 0.665023
0.580970 0.593505 0.608304 0.606659 0.614674 0.627005 0.639334 0.665023 0.668517 0.655982
0.608304 0.606659 0.614674 0.627005 0.639334 0.665023 0.668517 0.655982 0.668106 0.674476
0.614674 0.627005 0.639334 0.665023 0.668517 0.655982 0.668106 0.674476 0.675299 0.680435
0.639334 0.665023 0.668517 0.655982 0.668106 0.674476 0.675299 0.680435 0.696671 0.689068
0.668517 0.655982 0.668106 0.674476 0.675299 0.680435 0.696671 0.689068 0.721332 0.717222
0.668106 0.674476 0.675299 0.680435 0.696671 0.689068 0.721332 0.717222 0.726264 0.702630
0.675299 0.680435 0.696671 0.689068 0.721332 0.717222 0.726264 0.702630 0.690713 0.700988
0.696671 0.689068 0.721332 0.717222 0.726264 0.702630 0.690713 0.700988 0.684958 0.684136
0.721332 0.717222 0.726264 0.702630 0.690713 0.700988 0.684958 0.684136 0.675710 0.671600
0.726264 0.702630 0.690713 0.700988 0.684958 0.684136 0.675710 0.671600 0.666461 0.673243
0.690713 0.700988 0.684958 0.684136 0.675710 0.671600 0.666461 0.673243 0.668106 0.685369
0.684958 0.684136 0.675710 0.671600 0.666461 0.673243 0.668106 0.685369 0.695438 0.679408
0.675710 0.671600 0.666461 0.673243 0.668106 0.685369 0.695438 0.679408 0.660502 0.679819
0.666461 0.673243 0.668106 0.685369 0.695438 0.679408 0.660502 0.679819 0.693382 0.707358
0.668106 0.685369 0.695438 0.679408 0.660502 0.679819 0.693382 0.707358 0.698316 0.713728
0.695438 0.679408 0.660502 0.679819 0.693382 0.707358 0.698316 0.713728 0.706124 0.712906
0.660502 0.679819 0.693382 0.707358 0.698316 0.713728 0.706124 0.712906 0.709618 0.700370
0.693382 0.707358 0.698316 0.713728 0.706124 0.712906 0.709618 0.700370 0.690713 0.684136
0.698316 0.713728 0.706124 0.712906 0.709618 0.700370 0.690713 0.684136 0.685574 0.701604
0.706124 0.712906 0.709618 0.700370 0.690713 0.684136 0.685574 0.701604 0.740856 0.774559
0.709618 0.700370 0.690713 0.684136 0.685574 0.701604 0.740856 0.774559 0.766545 0.765722
0.690713 0.684136 0.685574 0.701604 0.740856 0.774559 0.766545 0.765722 0.788945 0.779285
0.685574 0.701604 0.740856 0.774559 0.766545 0.765722 0.788945 0.779285 0.780723 0.782574
0.740856 0.774559 0.766545 0.765722 0.788945 0.779285 0.780723 0.782574 0.786889 0.773531
0.766545 0.765722 0.788945 0.779285 0.780723 0.782574 0.786889 0.773531 0.769627 0.775380
0.788945 0.779285 0.780723 0.782574 0.786889 0.773531 0.769627 0.775380 0.788738 0.780723
0.780723 0.782574 0.786889 0.773531 0.769627 0.775380 0.788738 0.780723 0.773531 0.740240
0.786889 0.773531 0.769627 0.775380 0.788738 0.780723 0.773531 0.740240 0.736746 0.737979
0.769627 0.775380 0.788738 0.780723 0.773531 0.740240 0.736746 0.737979 0.728320 0.736539
0.788738 0.780723 0.773531 0.740240 0.736746 0.737979 0.728320 0.736539 0.760584 0.772092
0.773531 0.740240 0.736746 0.737979 0.728320 0.736539 0.760584 0.772092 0.792643 0.821415
0.736746 0.737979 0.728320 0.736539 0.760584 0.772092 0.792643 0.821415 0.822853 0.844637
0.728320 0.736539 0.760584 0.772092 0.792643 0.821415 0.822853 0.844637 0.856351 0.863543
0.760584 0.772092 0.792643 0.821415 0.822853 0.844637 0.856351 0.863543 0.878339 0.886356
0.792643 0.821415 0.822853 0.844637 0.856351 0.863543 0.878339 0.886356 0.937321 0.931362
0.822853 0.844637 0.856351 0.863543 0.878339 0.886356 0.937321 0.931362 0.930333 0.923346
0.856351 0.863543 0.878339 0.886356 0.937321 0.931362 0.930333 0.923346 0.908345 0.894369
0.878339 0.886356 0.937321 0.931362 0.930333 0.923346 0.908345 0.894369 0.934854 0.941431
0.937321 0.931362 0.930333 0.923346 0.908345 0.894369 0.934854 0.941431 0.870120 0.884711
0.930333 0.923346 0.908345 0.894369 0.934854 0.941431 0.870120 0.884711 0.893549 0.874436
0.908345 0.894369 0.934854 0.941431 0.870120 0.884711 0.893549 0.874436 0.878546 0.891493
0.934854 0.941431 0.870120 0.884711 0.893549 0.874436 0.878546 0.891493 0.887999 0.878750
0.870120 0.884711 0.893549 0.874436 0.878546 0.891493 0.887999 0.878750 0.909578 0.922525
0.893549 0.874436 0.878546 0.891493 0.887999 0.878750 0.909578 0.922525 0.909578 0.893342
0.878546 0.891493 0.887999 0.878750 0.909578 0.922525 0.909578 0.893342 0.893137 0.892520
0.887999 0.878750 0.909578 0.922525 0.909578 0.893342 0.893137 0.892520 0.880806 0.884094
0.909578 0.922525 0.909578 0.893342 0.893137 0.892520 0.880806 0.884094 0.880806 0.907522
0.909578 0.893342 0.893137 0.892520 0.880806 0.884094 0.880806 0.907522 0.897247 0.906907
0.893137 0.892520 0.880806 0.884094 0.880806 0.907522 0.897247 0.906907 0.940198 0.939786
0.880806 0.884094 0.880806 0.907522 0.897247 0.906907 0.940198 0.939786 0.985410 1.000000
0.880806 0.907522 0.897247 0.906907 0.940198 0.939786 0.985410 1.000000 0.982739 0.974724
0.897247 0.906907 0.940198 0.939786 0.985410 1.000000 0.982739 0.974724 0.990547 0.949035
0.940198 0.939786 0.985410 1.000000 0.982739 0.974724 0.990547 0.949035 0.959310 0.933827
0.985410 1.000000 0.982739 0.974724 0.990547 0.949035 0.959310 0.933827 0.939993 0.938348
0.982739 0.974724 0.990547 0.949035 0.959310 0.933827 0.939993 0.938348 0.960543 0.956638
0.990547 0.949035 0.959310 0.933827 0.939993 0.938348 0.960543 0.956638 0.952324 0.949241
0.959310 0.933827 0.939993 0.938348 0.960543 0.956638 0.952324 0.949241 0.954994 0.954378
0.939993 0.938348 0.960543 0.956638 0.952324 0.949241 0.954994 0.954378 0.948212 0.920265
0.960543 0.956638 0.952324 0.949241 0.954994 0.954378 0.948212 0.920265 0.931978 0.912866
0.952324 0.949241 0.954994 0.954378 0.948212 0.920265 0.931978 0.912866 0.897452 0.906700
0.954994 0.954378 0.948212 0.920265 0.931978 0.912866 0.897452 0.906700 0.893137 0.884916
0.948212 0.920265 0.931978 0.912866 0.897452 0.906700 0.893137 0.884916 0.913277 0.926019
0.931978 0.912866 0.897452 0.906700 0.893137 0.884916 0.913277 0.926019 0.923141 0.881833
0.897452 0.906700 0.893137 0.884916 0.913277 0.926019 0.923141 0.881833 0.846898 0.847925
0.893137 0.884916 0.913277 0.926019 0.923141 0.881833 0.846898 0.847925 0.829223 0.831895
0.913277 0.926019 0.923141 0.881833 0.846898 0.847925 0.829223 0.831895 0.725853 0.728524
0.923141 0.881833 0.846898 0.847925 0.829223 0.831895 0.725853 0.728524 0.718867 0.709207
0.846898 0.847925 0.829223 0.831895 0.725853 0.728524 0.718867 0.709207 0.723799 0.746405
0.829223 0.831895 0.725853 0.728524 0.718867 0.709207 0.723799 0.746405 0.739006 0.762228
0.725853 0.728524 0.718867 0.709207 0.723799 0.746405 0.739006 0.762228 0.726264 0.723181
0.718867 0.709207 0.723799 0.746405 0.739006 0.762228 0.726264 0.723181 0.715784 0.737773
0.723799 0.746405 0.739006 0.762228 0.726264 0.723181 0.715784 0.737773 0.728524 0.746814
0.739006 0.762228 0.726264 0.723181 0.715784 0.737773 0.728524 0.746814 0.759968 0.749486
0.726264 0.723181 0.715784 0.737773 0.728524 0.746814 0.759968 0.749486 0.736539 0.769216
0.715784 0.737773 0.728524 0.746814 0.759968 0.749486 0.736539 0.769216 0.756678 0.726264
0.728524 0.746814 0.759968 0.749486 0.736539 0.769216 0.756678 0.726264 0.696876 0.675710
0.759968 0.749486 0.736539 0.769216 0.756678 0.726264 0.696876 0.675710 0.670571 0.660914
0.736539 0.769216 0.756678 0.726264 0.696876 0.675710 0.670571 0.660914 0.662763 0.693589
0.756678 0.726264 0.696876 0.675710 0.670571 0.660914 0.662763 0.693589 0.693793 0.703453
0.696876 0.675710 0.670571 0.660914 0.662763 0.693589 0.693793 0.703453 0.713523 0.752158
0.670571 0.660914 0.662763 0.693589 0.693793 0.703453 0.713523 0.752158 0.730374 0.756474
0.662763 0.693589 0.693793 0.703453 0.713523 0.752158 0.730374 0.756474 0.767776 0.803536
0.693793 0.703453 0.713523 0.752158 0.730374 0.756474 0.767776 0.803536 0.812373 0.814427
0.713523 0.752158 0.730374 0.756474 0.767776 0.803536 0.812373 0.814427 0.801276 0.760995
0.730374 0.756474 0.767776 0.803536 0.812373 0.814427 0.801276 0.760995 0.770037 0.788329
0.767776 0.803536 0.812373 0.814427 0.801276 0.760995 0.770037 0.788329 0.817716 0.801480
0.812373 0.814427 0.801276 0.760995 0.770037 0.788329 0.817716 0.801480 0.794081 0.822649
0.801276 0.760995 0.770037 0.788329 0.817716 0.801480 0.794081 0.822649 0.783190 0.779696
0.770037 0.788329 0.817716 0.801480 0.794081 0.822649 0.783190 0.779696 0.783601 0.771066
0.817716 0.801480 0.794081 0.822649 0.783190 0.779696 0.783601 0.771066 0.793054 0.810933
0.794081 0.822649 0.783190 0.779696 0.783601 0.771066 0.793054 0.810933 0.828196 0.828607
0.783190 0.779696 0.783601 0.771066 0.793054 0.810933 0.828196 0.828607 0.836416 0.831072
0.783601 0.771066 0.793054 0.810933 0.828196 0.828607 0.836416 0.831072 0.800864 0.794081
0.793054 0.810933 0.828196 0.828607 0.836416 0.831072 0.800864 0.794081 0.784012 0.789767
0.828196 0.828607 0.836416 0.831072 0.800864 0.794081 0.784012 0.789767 0.795110 0.800247
0.836416 0.831072 0.800864 0.794081 0.784012 0.789767 0.795110 0.800247 0.810111 0.819977
0.800864 0.794081 0.784012 0.789767 0.795110 0.800247 0.810111 0.819977 0.816072 0.829634
0.784012 0.789767 0.795110 0.800247 0.810111 0.819977 0.816072 0.829634 0.816072 0.758119
0.795110 0.800247 0.810111 0.819977 0.816072 0.829634 0.816072 0.758119 0.691328 0.708592
0.810111 0.819977 0.816072 0.829634 0.816072 0.758119 0.691328 0.708592 0.708180 0.708180
0.816072 0.829634 0.816072 0.758119 0.691328 0.708592 0.708180 0.708180 0.708180 0.708180
0.816072 0.758119 0.691328 0.708592 0.708180 0.708180 0.708180 0.708180 0.699760 0.609674
0.691328 0.708592 0.708180 0.708180 0.708180 0.708180 0.699760 0.609674 0.637774 0.593970
0.708180 0.708180 0.708180 0.708180 0.699760 0.609674 0.637774 0.593970 0.582399 0.517934
0.708180 0.708180 0.699760 0.609674 0.637774 0.593970 0.582399 0.517934 0.571862 0.593557
0.699760 0.609674 0.637774 0.593970 0.582399 0.517934 0.571862 0.593557 0.599756 0.598309
0.637774 0.593970 0.582399 0.517934 0.571862 0.593557 0.599756 0.598309 0.571862 0.535083
0.582399 0.517934 0.571862 0.593557 0.599756 0.598309 0.571862 0.535083 0.541902 0.507603
0.571862 0.593557 0.599756 0.598309 0.571862 0.535083 0.541902 0.507603 0.511322 0.514834
0.599756 0.598309 0.571862 0.535083 0.541902 0.507603 0.511322 0.514834 0.553059 0.605748
0.571862 0.535083 0.541902 0.507603 0.511322 0.514834 0.553059 0.605748 0.572895 0.572895
0.541902 0.507603 0.511322 0.514834 0.553059 0.605748 0.572895 0.572895 0.560911 0.537563
0.511322 0.514834 0.553059 0.605748 0.572895 0.572895 0.560911 0.537563 0.577441 0.582399
0.553059 0.605748 0.572895 0.572895 0.560911 0.537563 0.577441 0.582399 0.587359 0.541695
0.572895 0.572895 0.560911 0.537563 0.577441 0.582399 0.587359 0.541695 0.545414 0.499958
0.560911 0.537563 0.577441 0.582399 0.587359 0.541695 0.545414 0.499958 0.518554 0.496652
0.577441 0.582399 0.587359 0.541695 0.545414 0.499958 0.518554 0.496652 0.522686 0.469998
0.587359 0.541695 0.545414 0.499958 0.518554 0.496652 0.522686 0.469998 0.523099 0.555125
0.545414 0.499958 0.518554 0.496652 0.522686 0.469998 0.523099 0.555125 0.536943 0.556985
0.518554 0.496652 0.522686 0.469998 0.523099 0.555125 0.536943 0.556985 0.569382 0.570209
0.522686 0.469998 0.523099 0.555125 0.536943 0.556985 0.569382 0.570209 0.577854 0.581160
0.523099 0.555125 0.536943 0.556985 0.569382 0.570209 0.577854 0.581160 0.562977 0.554299
0.536943 0.556985 0.569382 0.570209 0.577854 0.581160 0.562977 0.554299 0.561118 0.578474
0.569382 0.570209 0.577854 0.581160 0.562977 0.554299 0.561118 0.578474 0.602235 0.599756
0.577854 0.581160 0.562977 0.554299 0.561118 0.578474 0.602235 0.599756 0.585292 0.586945
0.562977 0.554299 0.561118 0.578474 0.602235 0.599756 0.585292 0.586945 0.598929 0.618765
0.561118 0.578474 0.602235 0.599756 0.585292 0.586945 0.598929 0.618765 0.621864 0.626823
0.602235 0.599756 0.585292 0.586945 0.598929 0.618765 0.621864 0.626823 0.624757 0.615046
0.585292 0.586945 0.598929 0.618765 0.621864 0.626823 0.624757 0.615046 0.605954 0.572275
0.598929 0.618765 0.621864 0.626823 0.624757 0.615046 0.605954 0.572275 0.600376 0.602855
0.621864 0.626823 0.624757 0.615046 0.605954 0.572275 0.600376 0.602855 0.587772 0.603062
0.624757 0.615046 0.605954 0.572275 0.600376 0.602855 0.587772 0.603062 0.582193 0.565250
0.605954 0.572275 0.600376 0.602855 0.587772 0.603062 0.582193 0.565250 0.590871 0.619798
0.600376 0.602855 0.587772 0.603062 0.582193 0.565250 0.590871 0.619798 0.585912 0.565663
0.587772 0.603062 0.582193 0.565250 0.590871 0.619798 0.585912 0.565663 0.612980 0.628889
0.582193 0.565250 0.590871 0.619798 0.585912 0.565663 0.612980 0.628889 0.655750 0.670007
0.590871 0.619798 0.585912 0.565663 0.612980 0.628889 0.655750 0.670007 0.681784 0.666081
0.585912 0.565663 0.612980 0.628889 0.655750 0.670007 0.681784 0.666081 0.652857 0.678065
0.612980 0.628889 0.655750 0.670007 0.681784 0.666081 0.652857 0.678065 0.675999 0.661742
0.655750 0.670007 0.681784 0.666081 0.652857 0.678065 0.675999 0.661742 0.693975 0.709885
0.681784 0.666081 0.652857 0.678065 0.675999 0.661742 0.693975 0.709885 0.704513 0.678065
0.652857 0.678065 0.675999 0.661742 0.693975 0.709885 0.704513 0.678065 0.684057 0.676412
0.675999 0.661742 0.693975 0.709885 0.704513 0.678065 0.684057 0.676412 0.679512 0.650791
0.693975 0.709885 0.704513 0.678065 0.684057 0.676412 0.679512 0.650791 0.651824 0.620625
0.704513 0.678065 0.684057 0.676412 0.679512 0.650791 0.651824 0.620625 0.608847 0.654717
0.684057 0.676412 0.679512 0.650791 0.651824 0.620625 0.608847 0.654717 0.687776 0.705959
0.679512 0.650791 0.651824 0.620625 0.608847 0.654717 0.687776 0.705959 0.713191 0.708025
0.651824 0.620625 0.608847 0.654717 0.687776 0.705959 0.713191 0.708025 0.715877 0.742118
0.608847 0.654717 0.687776 0.705959 0.713191 0.708025 0.715877 0.742118 0.742118 0.766499
0.687776 0.705959 0.713191 0.708025 0.715877 0.742118 0.742118 0.766499 0.788608 0.787781
0.713191 0.708025 0.715877 0.742118 0.742118 0.766499 0.788608 0.787781 0.765673 0.737779
0.715877 0.742118 0.742118 0.766499 0.788608 0.787781 0.765673 0.737779 0.717117 0.681991
0.742118 0.766499 0.788608 0.787781 0.765673 0.737779 0.717117 0.681991 0.661536 0.645419
0.788608 0.787781 0.765673 0.737779 0.717117 0.681991 0.661536 0.645419 0.660916 0.694182
0.765673 0.737779 0.717117 0.681991 0.661536 0.645419 0.660916 0.694182 0.661536 0.650378
0.717117 0.681991 0.661536 0.645419 0.660916 0.694182 0.661536 0.650378 0.640254 0.656783
0.661536 0.645419 0.660916 0.694182 0.661536 0.650378 0.640254 0.656783 0.624137 0.607607
0.660916 0.694182 0.661536 0.650378 0.640254 0.656783 0.624137 0.607607 0.602442 0.652857
0.661536 0.650378 0.640254 0.656783 0.624137 0.607607 0.602442 0.652857 0.623930 0.628683
0.640254 0.656783 0.624137 0.607607 0.602442 0.652857 0.623930 0.628683 0.646039 0.636741
0.624137 0.607607 0.602442 0.652857 0.623930 0.628683 0.646039 0.636741 0.632608 0.585292
0.602442 0.652857 0.623930 0.628683 0.646039 0.636741 0.632608 0.585292 0.618972 0.603268
0.623930 0.628683 0.646039 0.636741 0.632608 0.585292 0.618972 0.603268 0.598723 0.526199
0.646039 0.636741 0.632608 0.585292 0.618972 0.603268 0.598723 0.526199 0.553679 0.555745
0.632608 0.585292 0.618972 0.603268 0.598723 0.526199 0.553679 0.555745 0.535703 0.555745
0.618972 0.603268 0.598723 0.526199 0.553679 0.555745 0.535703 0.555745 0.520620 0.515041
0.598723 0.526199 0.553679 0.555745 0.535703 0.555745 0.520620 0.515041 0.555332 0.537769
0.553679 0.555745 0.535703 0.555745 0.520620 0.515041 0.555332 0.537769 0.554506 0.534670
0.535703 0.555745 0.520620 0.515041 0.555332 0.537769 0.554506 0.534670 0.492933 0.487560
0.520620 0.515041 0.555332 0.537769 0.554506 0.534670 0.492933 0.487560 0.481775 0.469791
0.555332 0.537769 0.554506 0.534670 0.492933 0.487560 0.481775 0.469791 0.496032 0.548307
0.554506 0.534670 0.492933 0.487560 0.481775 0.469791 0.496032 0.548307 0.568349 0.585499
0.492933 0.487560 0.481775 0.469791 0.496032 0.548307 0.568349 0.585499 0.609260 0.579507
0.481775 0.469791 0.496032 0.548307 0.568349 0.585499 0.609260 0.579507 0.597276 0.593764
0.496032 0.548307 0.568349 0.585499 0.609260 0.579507 0.597276 0.593764 0.598516 0.608640
0.568349 0.585499 0.609260 0.579507 0.597276 0.593764 0.598516 0.608640 0.579507 0.591698
0.609260 0.579507 0.597276 0.593764 0.598516 0.608640 0.579507 0.591698 0.619385 0.635501
0.597276 0.593764 0.598516 0.608640 0.579507 0.591698 0.619385 0.635501 0.614426 0.609674
0.598516 0.608640 0.579507 0.591698 0.619385 0.635501 0.614426 0.609674 0.605334 0.566490
0.579507 0.591698 0.619385 0.635501 0.614426 0.609674 0.605334 0.566490 0.531364 0.535290
0.619385 0.635501 0.614426 0.609674 0.605334 0.566490 0.531364 0.535290 0.568556 0.528678
0.614426 0.609674 0.605334 0.566490 0.531364 0.535290 0.568556 0.528678 0.527232 0.492726
0.605334 0.566490 0.531364 0.535290 0.568556 0.528678 0.527232 0.492726 0.490660 0.487354
0.531364 0.535290 0.568556 0.528678 0.527232 0.492726 0.490660 0.487354 0.482601 0.481362
0.568556 0.528678 0.527232 0.492726 0.490660 0.487354 0.482601 0.481362 0.512768 0.543968
0.527232 0.492726 0.490660 0.487354 0.482601 0.481362 0.512768 0.543968 0.564217 0.570209
0.490660 0.487354 0.482601 0.481362 0.512768 0.543968 0.564217 0.570209 0.553266 0.564010
0.482601 0.481362 0.512768 0.543968 0.564217 0.570209 0.553266 0.564010 0.560911 0.580127
0.512768 0.543968 0.564217 0.570209 0.553266 0.564010 0.560911 0.580127 0.571035 0.583019
0.564217 0.570209 0.553266 0.564010 0.560911 0.580127 0.571035 0.583019 0.544588 0.546447
0.553266 0.564010 0.560911 0.580127 0.571035 0.583019 0.544588 0.546447 0.547274 0.515248
0.560911 0.580127 0.571035 0.583019 0.544588 0.546447 0.547274 0.515248 0.570622 0.562151
0.571035 0.583019 0.544588 0.546447 0.547274 0.515248 0.570622 0.562151 0.567110 0.556778
0.544588 0.546447 0.547274 0.515248 0.570622 0.562151 0.567110 0.556778 0.586325 0.632195
0.547274 0.515248 0.570622 0.562151 0.567110 0.556778 0.586325 0.632195 0.631989 0.637154
0.570622 0.562151 0.567110 0.556778 0.586325 0.632195 0.631989 0.637154 0.619591 0.632195
0.567110 0.556778 0.586325 0.632195 0.631989 0.637154 0.619591 0.632195 0.646659 0.624344
0.586325 0.632195 0.631989 0.637154 0.619591 0.632195 0.646659 0.624344 0.627236 0.634675
0.631989 0.637154 0.619591 0.632195 0.646659 0.624344 0.627236 0.634675 0.631369 0.623104
0.619591 0.632195 0.646659 0.624344 0.627236 0.634675 0.631369 0.623104 0.640254 0.644386
0.646659 0.624344 0.627236 0.634675 0.631369 0.623104 0.640254 0.644386 0.650791 0.635914
0.627236 0.634675 0.631369 0.623104 0.640254 0.644386 0.650791 0.635914 0.620418 0.601202
0.631369 0.623104 0.640254 0.644386 0.650791 0.635914 0.620418 0.601202 0.582193 0.585705
0.640254 0.644386 0.650791 0.635914 0.620418 0.601202 0.582193 0.585705 0.603268 0.618558
0.650791 0.635914 0.620418 0.601202 0.582193 0.585705 0.603268 0.618558 0.611327 0.597070
0.620418 0.601202 0.582193 0.585705 0.603268 0.618558 0.611327 0.597070 0.580333 0.539629
0.582193 0.585705 0.603268 0.618558 0.611327 0.597070 0.580333 0.539629 0.512355 0.504090
0.603268 0.618558 0.611327 0.597070 0.580333 0.539629 0.512355 0.504090 0.508842 0.553679
0.611327 0.597070 0.580333 0.539629 0.512355 0.504090 0.508842 0.553679 0.571862 0.571655
0.580333 0.539629 0.512355 0.504090 0.508842 0.553679 0.571862 0.571655 0.570622 0.520000
0.512355 0.504090 0.508842 0.553679 0.571862 0.571655 0.570622 0.520000 0.524752 0.530951
0.508842 0.553679 0.571862 0.571655 0.570622 0.520000 0.524752 0.530951 0.538389 0.557192
0.571862 0.571655 0.570622 0.520000 0.524752 0.530951 0.538389 0.557192 0.546034 0.536736
0.570622 0.520000 0.524752 0.530951 0.538389 0.557192 0.546034 0.536736 0.519793 0.507603
0.524752 0.530951 0.538389 0.557192 0.546034 0.536736 0.519793 0.507603 0.518554 0.516694
0.538389 0.557192 0.546034 0.536736 0.519793 0.507603 0.518554 0.516694 0.551613 0.559878
0.546034 0.536736 0.519793 0.507603 0.518554 0.516694 0.551613 0.559878 0.567936 0.582813
0.519793 0.507603 0.518554 0.516694 0.551613 0.559878 0.567936 0.582813 0.589631 0.592937
0.518554 0.516694 0.551613 0.559878 0.567936 0.582813 0.589631 0.592937 0.591284 0.606574
0.551613 0.559878 0.567936 0.582813 0.589631 0.592937 0.591284 0.606574 0.612153 0.614426
0.567936 0.582813 0.589631 0.592937 0.591284 0.606574 0.612153 0.614426 0.622897 0.632195
0.589631 0.592937 0.591284 0.606574 0.612153 0.614426 0.622897 0.632195 0.630956 0.628063
0.591284 0.606574 0.612153 0.614426 0.622897 0.632195 0.630956 0.628063 0.618765 0.631782
0.612153 0.614426 0.622897 0.632195 0.630956 0.628063 0.618765 0.631782 0.623724 0.591491
0.622897 0.632195 0.630956 0.628063 0.618765 0.631782 0.623724 0.591491 0.583846 0.593970
0.630956 0.628063 0.618765 0.631782 0.623724 0.591491 0.583846 0.593970 0.615666 0.640667
0.618765 0.631782 0.623724 0.591491 0.583846 0.593970 0.615666 0.640667 0.619798 0.589838
0.623724 0.591491 0.583846 0.593970 0.615666 0.640667 0.619798 0.589838 0.591078 0.597070
0.583846 0.593970 0.615666 0.640667 0.619798 0.589838 0.591078 0.597070 0.590871 0.550373
0.615666 0.640667 0.619798 0.589838 0.591078 0.597070 0.590871 0.550373 0.531364 0.538183
0.619798 0.589838 0.591078 0.597070 0.590871 0.550373 0.531364 0.538183 0.531364 0.546447
0.591078 0.597070 0.590871 0.550373 0.531364 0.538183 0.531364 0.546447 0.559051 0.549547
0.590871 0.550373 0.531364 0.538183 0.531364 0.546447 0.559051 0.549547 0.534257 0.521446
0.531364 0.538183 0.531364 0.546447 0.559051 0.549547 0.534257 0.521446 0.526818 0.504297
0.531364 0.546447 0.559051 0.549547 0.534257 0.521446 0.526818 0.504297 0.498098 0.485701
0.559051 0.549547 0.534257 0.521446 0.526818 0.504297 0.498098 0.485701 0.514628 0.503264
0.534257 0.521446 0.526818 0.504297 0.498098 0.485701 0.514628 0.503264 0.519793 0.509462
0.526818 0.504297 0.498098 0.485701 0.514628 0.503264 0.519793 0.509462 0.484874 0.471444
0.498098 0.485701 0.514628 0.503264 0.519793 0.509462 0.484874 0.471444 0.456567 0.470204
0.514628 0.503264 0.519793 0.509462 0.484874 0.471444 0.456567 0.470204 0.497891 0.513181
0.519793 0.509462 0.484874 0.471444 0.456567 0.470204 0.497891 0.513181 0.512562 0.521033
0.484874 0.471444 0.456567 0.470204 0.497891 0.513181 0.512562 0.521033 0.526612 0.526405
0.456567 0.470204 0.497891 0.513181 0.512562 0.521033 0.526612 0.526405 0.537150 0.537150
0.497891 0.513181 0.512562 0.521033 0.526612 0.526405 0.537150 0.537150 0.522686 0.527438
0.512562 0.521033 0.526612 0.526405 0.537150 0.537150 0.522686 0.527438 0.539216 0.516487
0.526612 0.526405 0.537150 0.537150 0.522686 0.527438 0.539216 0.516487 0.539216 0.535083
0.537150 0.537150 0.522686 0.527438 0.539216 0.516487 0.539216 0.535083 0.541075 0.552853
0.522686 0.527438 0.539216 0.516487 0.539216 0.535083 0.541075 0.552853 0.557398 0.562357
0.539216 0.516487 0.539216 0.535083 0.541075 0.552853 0.557398 0.562357 0.562151 0.570002
0.539216 0.535083 0.541075 0.552853 0.557398 0.562357 0.562151 0.570002 0.560498 0.561531
0.541075 0.552853 0.557398 0.562357 0.562151 0.570002 0.560498 0.561531 0.557192 0.561737
0.557398 0.562357 0.562151 0.570002 0.560498 0.561531 0.557192 0.561737 0.564837 0.561737
0.562151 0.570002 0.560498 0.561531 0.557192 0.561737 0.564837 0.561737 0.568143 0.563390
0.560498 0.561531 0.557192 0.561737 0.564837 0.561737 0.568143 0.563390 0.574961 0.553473
0.557192 0.561737 0.564837 0.561737 0.568143 0.563390 0.574961 0.553473 0.528678 0.523719
0.564837 0.561737 0.568143 0.563390 0.574961 0.553473 0.528678 0.523719 0.536943 0.523926
0.568143 0.563390 0.574961 0.553473 0.528678 0.523719 0.536943 0.523926 0.511735 0.500164
0.574961 0.553473 0.528678 0.523719 0.536943 0.523926 0.511735 0.500164 0.487354 0.519173
0.528678 0.523719 0.536943 0.523926 0.511735 0.500164 0.487354 0.519173 0.509669 0.485287
0.536943 0.523926 0.511735 0.500164 0.487354 0.519173 0.509669 0.485287 0.534257 0.586325
0.511735 0.500164 0.487354 0.519173 0.509669 0.485287 0.534257 0.586325 0.594590 0.599756
0.487354 0.519173 0.509669 0.485287 0.534257 0.586325 0.594590 0.599756 0.609260 0.604301
0.509669 0.485287 0.534257 0.586325 0.594590 0.599756 0.609260 0.604301 0.608640 0.608847
0.534257 0.586325 0.594590 0.599756 0.609260 0.604301 0.608640 0.608847 0.619591 0.640873
0.594590 0.599756 0.609260 0.604301 0.608640 0.608847 0.619591 0.640873 0.641080 0.635708
0.609260 0.604301 0.608640 0.608847 0.619591 0.640873 0.641080 0.635708 0.617525 0.627236
0.608640 0.608847 0.619591 0.640873 0.641080 0.635708 0.617525 0.627236 0.645626 0.663808
0.619591 0.640873 0.641080 0.635708 0.617525 0.627236 0.645626 0.663808 0.644593 0.625583
0.641080 0.635708 0.617525 0.627236 0.645626 0.663808 0.644593 0.625583 0.632402 0.659056
0.617525 0.627236 0.645626 0.663808 0.644593 0.625583 0.632402 0.659056 0.667941 0.687363
0.645626 0.663808 0.644593 0.625583 0.632402 0.659056 0.667941 0.687363 0.692529 0.681371
0.644593 0.625583 0.632402 0.659056 0.667941 0.687363 0.692529 0.681371 0.697901 0.686743
0.632402 0.659056 0.667941 0.687363 0.692529 0.681371 0.697901 0.686743 0.695421 0.703066
0.667941 0.687363 0.692529 0.681371 0.697901 0.686743 0.695421 0.703066 0.720423 0.716703
0.692529 0.681371 0.697901 0.686743 0.695421 0.703066 0.720423 0.716703 0.729101 0.725175
0.697901 0.686743 0.695421 0.703066 0.720423 0.716703 0.729101 0.725175 0.741911 0.745837
0.695421 0.703066 0.720423 0.716703 0.729101 0.725175 0.741911 0.745837 0.723315 0.734886
0.720423 0.716703 0.729101 0.725175 0.741911 0.745837 0.723315 0.734886 0.748110 0.753069
0.729101 0.725175 0.741911 0.745837 0.723315 0.734886 0.748110 0.753069 0.758854 0.782202
0.741911 0.745837 0.723315 0.734886 0.748110 0.753069 0.758854 0.782202 0.773111 0.776830
0.723315 0.734886 0.748110 0.753069 0.758854 0.782202 0.773111 0.776830 0.777450 0.753275
0.748110 0.753069 0.758854 0.782202 0.773111 0.776830 0.777450 0.753275 0.758028 0.742738
0.758854 0.782202 0.773111 0.776830 0.777450 0.753275 0.758028 0.742738 0.728481 0.728687
0.773111 0.776830 0.777450 0.753275 0.758028 0.742738 0.728481 0.728687 0.706166 0.703893
0.777450 0.753275 0.758028 0.742738 0.728481 0.728687 0.706166 0.703893 0.710092 0.719596
0.758028 0.742738 0.728481 0.728687 0.706166 0.703893 0.710092 0.719596 0.735093 0.718770
0.728481 0.728687 0.706166 0.703893 0.710092 0.719596 0.735093 0.718770 0.707819 0.715257
0.706166 0.703893 0.710092 0.719596 0.735093 0.718770 0.707819 0.715257 0.715051 0.708232
0.710092 0.719596 0.735093 0.718770 0.707819 0.715257 0.715051 0.708232 0.712984 0.704719
0.735093 0.718770 0.707819 0.715257 0.715051 0.708232 0.712984 0.704719 0.722076 0.713398
0.707819 0.715257 0.715051 0.708232 0.712984 0.704719 0.722076 0.713398 0.733440 0.738605
0.715051 0.708232 0.712984 0.704719 0.722076 0.713398 0.733440 0.738605 0.727861 0.767119
0.712984 0.704719 0.722076 0.713398 0.733440 0.738605 0.727861 0.767119 0.778483 0.784888
0.722076 0.713398 0.733440 0.738605 0.727861 0.767119 0.778483 0.784888 0.795633 0.796253
0.733440 0.738605 0.727861 0.767119 0.778483 0.784888 0.795633 0.796253 0.750176 0.745424
0.727861 0.767119 0.778483 0.784888 0.795633 0.796253 0.750176 0.745424 0.735919 0.719803
0.778483 0.784888 0.795633 0.796253 0.750176 0.745424 0.735919 0.719803 0.721456 0.731580
0.795633 0.796253 0.750176 0.745424 0.735919 0.719803 0.721456 0.731580 0.753275 0.739638
0.750176 0.745424 0.735919 0.719803 0.721456 0.731580 0.753275 0.739638 0.745837 0.746664
0.735919 0.719803 0.721456 0.731580 0.753275 0.739638 0.745837 0.746664 0.740258 0.746457
0.721456 0.731580 0.753275 0.739638 0.745837 0.746664 0.740258 0.746457 0.766499 0.762367
0.753275 0.739638 0.745837 0.746664 0.740258 0.746457 0.766499 0.762367 0.766293 0.773111
0.745837 0.746664 0.740258 0.746457 0.766499 0.762367 0.766293 0.773111 0.767326 0.772078
0.740258 0.746457 0.766499 0.762367 0.766293 0.773111 0.767326 0.772078 0.765053 0.764846
0.766499 0.762367 0.766293 0.773111 0.767326 0.772078 0.765053 0.764846 0.729514 0.734473
0.766293 0.773111 0.767326 0.772078 0.765053 0.764846 0.729514 0.734473 0.743358 0.743771
0.767326 0.772078 0.765053 0.764846 0.729514 0.734473 0.743358 0.743771 0.782202 0.800385
0.765053 0.764846 0.729514 0.734473 0.743358 0.743771 0.782202 0.800385 0.808237 0.795633
0.729514 0.734473 0.743358 0.743771 0.782202 0.800385 0.808237 0.795633 0.805551 0.796046
0.743358 0.743771 0.782202 0.800385 0.808237 0.795633 0.805551 0.796046 0.797286 0.772491
0.782202 0.800385 0.808237 0.795633 0.805551 0.796046 0.797286 0.772491 0.772078 0.786955
0.808237 0.795633 0.805551 0.796046 0.797286 0.772491 0.772078 0.786955 0.799559 0.811543
0.805551 0.796046 0.797286 0.772491 0.772078 0.786955 0.799559 0.811543 0.802658 0.787368
0.797286 0.772491 0.772078 0.786955 0.799559 0.811543 0.802658 0.787368 0.768979 0.779516
0.772078 0.786955 0.799559 0.811543 0.802658 0.787368 0.768979 0.779516 0.790054 0.802245
0.799559 0.811543 0.802658 0.787368 0.768979 0.779516 0.790054 0.802245 0.820427 0.831792
0.802658 0.787368 0.768979 0.779516 0.790054 0.802245 0.820427 0.831792 0.826419 0.827659
0.768979 0.779516 0.790054 0.802245 0.820427 0.831792 0.826419 0.827659 0.814642 0.784062
0.790054 0.802245 0.820427 0.831792 0.826419 0.827659 0.814642 0.784062 0.769185 0.764433
0.820427 0.831792 0.826419 0.827659 0.814642 0.784062 0.769185 0.764433 0.783029 0.715257
0.826419 0.827659 0.814642 0.784062 0.769185 0.764433 0.783029 0.715257 0.709265 0.716290
0.814642 0.784062 0.769185 0.764433 0.783029 0.715257 0.709265 0.716290 0.708025 0.719803
0.769185 0.764433 0.783029 0.715257 0.709265 0.716290 0.708025 0.719803 0.727448 0.693562
0.783029 0.715257 0.709265 0.716290 0.708025 0.719803 0.727448 0.693562 0.690256 0.678272
0.709265 0.716290 0.708025 0.719803 0.727448 0.693562 0.690256 0.678272 0.699760 0.692942
0.708025 0.719803 0.727448 0.693562 0.690256 0.678272 0.699760 0.692942 0.694182 0.699554
0.727448 0.693562 0.690256 0.678272 0.699760 0.692942 0.694182 0.699554 0.676412 0.650585
0.690256 0.678272 0.699760 0.692942 0.694182 0.699554 0.676412 0.650585 0.661949 0.666288
0.699760 0.692942 0.694182 0.699554 0.676412 0.650585 0.661949 0.666288 0.665668 0.681371
0.694182 0.699554 0.676412 0.650585 0.661949 0.666288 0.665668 0.681371 0.659263 0.635295
0.676412 0.650585 0.661949 0.666288 0.665668 0.681371 0.659263 0.635295 0.642526 0.653891
0.661949 0.666288 0.665668 0.681371 0.659263 0.635295 0.642526 0.653891 0.656783 0.696868
0.665668 0.681371 0.659263 0.635295 0.642526 0.653891 0.656783 0.696868 0.721043 0.708645
0.659263 0.635295 0.642526 0.653891 0.656783 0.696868 0.721043 0.708645 0.711951 0.731167
0.642526 0.653891 0.656783 0.696868 0.721043 0.708645 0.711951 0.731167 0.719803 0.690049
0.656783 0.696868 0.721043 0.708645 0.711951 0.731167 0.719803 0.690049 0.712364 0.699347
0.721043 0.708645 0.711951 0.731167 0.719803 0.690049 0.712364 0.699347 0.705546 0.716497
0.711951 0.731167 0.719803 0.690049 0.712364 0.699347 0.705546 0.716497 0.729514 0.756581
0.719803 0.690049 0.712364 0.699347 0.705546 0.716497 0.729514 0.756581 0.731580 0.723935
0.712364 0.699347 0.705546 0.716497 0.729514 0.756581 0.731580 0.723935 0.756168 0.748730
0.705546 0.716497 0.729514 0.756581 0.731580 0.723935 0.756168 0.748730 0.735713 0.717530
0.729514 0.756581 0.731580 0.723935 0.756168 0.748730 0.735713 0.717530 0.731580 0.734266
0.731580 0.723935 0.756168 0.748730 0.735713 0.717530 0.731580 0.734266 0.717323 0.726415
0.756168 0.748730 0.735713 0.717530 0.731580 0.734266 0.717323 0.726415 0.737986 0.734266
0.735713 0.717530 0.731580 0.734266 0.717323 0.726415 0.737986 0.734266 0.702447 0.752242
0.731580 0.734266 0.717323 0.726415 0.737986 0.734266 0.702447 0.752242 0.767739 0.755548
0.717323 0.726415 0.737986 0.734266 0.702447 0.752242 0.767739 0.755548 0.747283 0.761954
0.737986 0.734266 0.702447 0.752242 0.767739 0.755548 0.747283 0.761954 0.772904 0.777863
0.702447 0.752242 0.767739 0.755548 0.747283 0.761954 0.772904 0.777863 0.751209 0.750589
0.767739 0.755548 0.747283 0.761954 0.772904 0.777863 0.751209 0.750589 0.767326 0.760920
0.747283 0.761954 0.772904 0.777863 0.751209 0.750589 0.767326 0.760920 0.755548 0.688396
0.772904 0.777863 0.751209 0.750589 0.767326 0.760920 0.755548 0.688396 0.704926 0.686950
0.751209 0.750589 0.767326 0.760920 0.755548 0.688396 0.704926 0.686950 0.696455 0.695215
0.767326 0.760920 0.755548 0.688396 0.704926 0.686950 0.696455 0.695215 0.683851 0.700587
0.755548 0.688396 0.704926 0.686950 0.696455 0.695215 0.683851 0.700587 0.699347 0.670214
0.704926 0.686950 0.696455 0.695215 0.683851 0.700587 0.699347 0.670214 0.664222 0.654717
0.696455 0.695215 0.683851 0.700587 0.699347 0.670214 0.664222 0.654717 0.640667 0.645832
0.683851 0.700587 0.699347 0.670214 0.664222 0.654717 0.640667 0.645832 0.636534 0.622897
0.699347 0.670214 0.664222 0.654717 0.640667 0.645832 0.636534 0.622897 0.626410 0.604921
0.664222 0.654717 0.640667 0.645832 0.636534 0.622897 0.626410 0.604921 0.585292 0.577854
0.640667 0.645832 0.636534 0.622897 0.626410 0.604921 0.585292 0.577854 0.586739 0.580127
0.636534 0.622897 0.626410 0.604921 0.585292 0.577854 0.586739 0.580127 0.558018 0.561737
0.626410 0.604921 0.585292 0.577854 0.586739 0.580127 0.558018 0.561737 0.543348 0.549134
0.585292 0.577854 0.586739 0.580127 0.558018 0.561737 0.543348 0.549134 0.533843 0.554919
0.586739 0.580127 0.558018 0.561737 0.543348 0.549134 0.533843 0.554919 0.589218 0.602235
0.558018 0.561737 0.543348 0.549134 0.533843 0.554919 0.589218 0.602235 0.606368 0.596656
0.543348 0.549134 0.533843 0.554919 0.589218 0.602235 0.606368 0.596656 0.605128 0.596656
0.533843 0.554919 0.589218 0.602235 0.606368 0.596656 0.605128 0.596656 0.596863 0.592317
0.589218 0.602235 0.606368 0.596656 0.605128 0.596656 0.596863 0.592317 0.603682 0.586945
0.606368 0.596656 0.605128 0.596656 0.596863 0.592317 0.603682 0.586945 0.572275 0.567110
0.605128 0.596656 0.596863 0.592317 0.603682 0.586945 0.572275 0.567110 0.572688 0.575374
0.596863 0.592317 0.603682 0.586945 0.572275 0.567110 0.572688 0.575374 0.597896 0.573515
0.603682 0.586945 0.572275 0.567110 0.572688 0.575374 0.597896 0.573515 0.578474 0.576821
0.572275 0.567110 0.572688 0.575374 0.597896 0.573515 0.578474 0.576821 0.597070 0.605541
0.572688 0.575374 0.597896 0.573515 0.578474 0.576821 0.597070 0.605541 0.598103 0.598103
0.597896 0.573515 0.578474 0.576821 0.597070 0.605541 0.598103 0.598103 0.599343 0.604508
0.578474 0.576821 0.597070 0.605541 0.598103 0.598103 0.599343 0.604508 0.615666 0.637361
0.597070 0.605541 0.598103 0.598103 0.599343 0.604508 0.615666 0.637361 0.639840 0.647485
0.598103 0.598103 0.599343 0.604508 0.615666 0.637361 0.639840 0.647485 0.652238 0.646452
0.599343 0.604508 0.615666 0.637361 0.639840 0.647485 0.652238 0.646452 0.645832 0.645212
0.615666 0.637361 0.639840 0.647485 0.652238 0.646452 0.645832 0.645212 0.652651 0.637154
0.639840 0.647485 0.652238 0.646452 0.645832 0.645212 0.652651 0.637154 0.634675 0.624550
0.652238 0.646452 0.645832 0.645212 0.652651 0.637154 0.634675 0.624550 0.625377 0.620005
0.645832 0.645212 0.652651 0.637154 0.634675 0.624550 0.625377 0.620005 0.627856 0.619798
0.652651 0.637154 0.634675 0.624550 0.625377 0.620005 0.627856 0.619798 0.636328 0.679098
0.634675 0.624550 0.625377 0.620005 0.627856 0.619798 0.636328 0.679098 0.692942 0.691082
0.625377 0.620005 0.627856 0.619798 0.636328 0.679098 0.692942 0.691082 0.704926 0.690463
0.627856 0.619798 0.636328 0.679098 0.692942 0.691082 0.704926 0.690463 0.685504 0.690463
0.636328 0.679098 0.692942 0.691082 0.704926 0.690463 0.685504 0.690463 0.692529 0.686124
0.692942 0.691082 0.704926 0.690463 0.685504 0.690463 0.692529 0.686124 0.685504 0.695215
0.704926 0.690463 0.685504 0.690463 0.692529 0.686124 0.685504 0.695215 0.691702 0.685297
0.685504 0.690463 0.692529 0.686124 0.685504 0.695215 0.691702 0.685297 0.683851 0.681165
0.692529 0.686124 0.685504 0.695215 0.691702 0.685297 0.683851 0.681165 0.693769 0.661742
0.685504 0.695215 0.691702 0.685297 0.683851 0.681165 0.693769 0.661742 0.656370 0.651204
0.691702 0.685297 0.683851 0.681165 0.693769 0.661742 0.656370 0.651204 0.647485 0.644593
0.683851 0.681165 0.693769 0.661742 0.656370 0.651204 0.647485 0.644593 0.652238 0.665668
0.693769 0.661742 0.656370 0.651204 0.647485 0.644593 0.652238 0.665668 0.673520 0.680958
0.656370 0.651204 0.647485 0.644593 0.652238 0.665668 0.673520 0.680958 0.679925 0.682611
0.647485 0.644593 0.652238 0.665668 0.673520 0.680958 0.679925 0.682611 0.672280 0.673726
0.652238 0.665668 0.673520 0.680958 0.679925 0.682611 0.672280 0.673726 0.679718 0.685297
0.673520 0.680958 0.679925 0.682611 0.672280 0.673726 0.679718 0.685297 0.669594 0.681578
0.679925 0.682611 0.672280 0.673726 0.679718 0.685297 0.669594 0.681578 0.676826 0.683644
0.672280 0.673726 0.679718 0.685297 0.669594 0.681578 0.676826 0.683644 0.680545 0.678065
0.679718 0.685297 0.669594 0.681578 0.676826 0.683644 0.680545 0.678065 0.676412 0.672900
0.669594 0.681578 0.676826 0.683644 0.680545 0.678065 0.676412 0.672900 0.697488 0.706992
0.676826 0.683644 0.680545 0.678065 0.676412 0.672900 0.697488 0.706992 0.718770 0.706786
0.680545 0.678065 0.676412 0.672900 0.697488 0.706992 0.718770 0.706786 0.700380 0.691702
0.676412 0.672900 0.697488 0.706992 0.718770 0.706786 0.700380 0.691702 0.697694 0.685504
0.697488 0.706992 0.718770 0.706786 0.700380 0.691702 0.697694 0.685504 0.675792 0.671453
0.718770 0.706786 0.700380 0.691702 0.697694 0.685504 0.675792 0.671453 0.670007 0.649758
0.700380 0.691702 0.697694 0.685504 0.675792 0.671453 0.670007 0.649758 0.658023 0.645626
0.697694 0.685504 0.675792 0.671453 0.670007 0.649758 0.658023 0.645626 0.645626 0.656783
0.675792 0.671453 0.670007 0.649758 0.658023 0.645626 0.645626 0.656783 0.654717 0.650171
0.670007 0.649758 0.658023 0.645626 0.645626 0.656783 0.654717 0.650171 0.673726 0.689843
0.658023 0.645626 0.645626 0.656783 0.654717 0.650171 0.673726 0.689843 0.669387 0.619798
0.645626 0.656783 0.654717 0.650171 0.673726 0.689843 0.669387 0.619798 0.607194 0.601409
0.654717 0.650171 0.673726 0.689843 0.669387 0.619798 0.607194 0.601409 0.596037 0.588392
0.673726 0.689843 0.669387 0.619798 0.607194 0.601409 0.596037 0.588392 0.597070 0.549134
0.669387 0.619798 0.607194 0.601409 0.596037 0.588392 0.597070 0.549134 0.546654 0.549960
0.607194 0.601409 0.596037 0.588392 0.597070 0.549134 0.546654 0.549960 0.557812 0.554919
0.596037 0.588392 0.597070 0.549134 0.546654 0.549960 0.557812 0.554919 0.556365 0.562977
0.597070 0.549134 0.546654 0.549960 0.557812 0.554919 0.556365 0.562977 0.579713 0.603268
0.546654 0.549960 0.557812 0.554919 0.556365 0.562977 0.579713 0.603268 0.606574 0.598929
0.557812 0.554919 0.556365 0.562977 0.579713 0.603268 0.606574 0.598929 0.592111 0.585292
0.556365 0.562977 0.579713 0.603268 0.606574 0.598929 0.592111 0.585292 0.570829 0.584466
0.579713 0.603268 0.606574 0.598929 0.592111 0.585292 0.570829 0.584466 0.573102 0.594384
0.606574 0.598929 0.592111 0.585292 0.570829 0.584466 0.573102 0.594384 0.608847 0.618972
0.592111 0.585292 0.570829 0.584466 0.573102 0.594384 0.608847 0.618972 0.612566 0.602235
0.570829 0.584466 0.573102 0.594384 0.608847 0.618972 0.612566 0.602235 0.586325 0.577234
0.573102 0.594384 0.608847 0.618972 0.612566 0.602235 0.586325 0.577234 0.567936 0.574135
0.608847 0.618972 0.612566 0.602235 0.586325 0.577234 0.567936 0.574135 0.586325 0.567523
0.612566 0.602235 0.586325 0.577234 0.567936 0.574135 0.586325 0.567523 0.524959 0.508636
0.586325 0.577234 0.567936 0.574135 0.586325 0.567523 0.524959 0.508636 0.517107 0.505330
0.567936 0.574135 0.586325 0.567523 0.524959 0.508636 0.517107 0.505330 0.514628 0.513595
0.586325 0.567523 0.524959 0.508636 0.517107 0.505330 0.514628 0.513595 0.524752 0.545414
0.524959 0.508636 0.517107 0.505330 0.514628 0.513595 0.524752 0.545414 0.539009 0.540249
0.517107 0.505330 0.514628 0.513595 0.524752 0.545414 0.539009 0.540249 0.556985 0.542108
0.514628 0.513595 0.524752 0.545414 0.539009 0.540249 0.556985 0.542108 0.530744 0.532191
0.524752 0.545414 0.539009 0.540249 0.556985 0.542108 0.530744 0.532191 0.521033 0.523926
0.539009 0.540249 0.556985 0.542108 0.530744 0.532191 0.521033 0.523926 0.516694 0.516487
0.556985 0.542108 0.530744 0.532191 0.521033 0.523926 0.516694 0.516487 0.509462 0.522066
0.530744 0.532191 0.521033 0.523926 0.516694 0.516487 0.509462 0.522066 0.538389 0.513388
0.521033 0.523926 0.516694 0.516487 0.509462 0.522066 0.538389 0.513388 0.498718 0.504503
0.516694 0.516487 0.509462 0.522066 0.538389 0.513388 0.498718 0.504503 0.532397 0.538389
0.509462 0.522066 0.538389 0.513388 0.498718 0.504503 0.532397 0.538389 0.547687 0.523926
0.538389 0.513388 0.498718 0.504503 0.532397 0.538389 0.547687 0.523926 0.522893 0.539216
0.498718 0.504503 0.532397 0.538389 0.547687 0.523926 0.522893 0.539216 0.496032 0.487147
0.532397 0.538389 0.547687 0.523926 0.522893 0.539216 0.496032 0.487147 0.477849 0.483428
0.547687 0.523926 0.522893 0.539216 0.496032 0.487147 0.477849 0.483428 0.485907 0.483221
0.522893 0.539216 0.496032 0.487147 0.477849 0.483428 0.485907 0.483221 0.490866 0.477229
0.496032 0.487147 0.477849 0.483428 0.485907 0.483221 0.490866 0.477229 0.468758 0.472064
0.477849 0.483428 0.485907 0.483221 0.490866 0.477229 0.468758 0.472064 0.462972 0.458427
0.485907 0.483221 0.490866 0.477229 0.468758 0.472064 0.462972 0.458427 0.464212 0.458840
0.490866 0.477229 0.468758 0.472064 0.462972 0.458427 0.464212 0.458840 0.474130 0.458633
0.468758 0.472064 0.462972 0.458427 0.464212 0.458840 0.474130 0.458633 0.452435 0.440037
0.462972 0.458427 0.464212 0.458840 0.474130 0.458633 0.452435 0.440037 0.460493 0.474956
0.464212 0.458840 0.474130 0.458633 0.452435 0.440037 0.460493 0.474956 0.450988 0.451608
