
0.000554 0.003739 0.001985 0.000000 0.002308 0.004293 0.001846 0.004200 0.001062 0.003970
0.001985 0.000000 0.002308 0.004293 0.001846 0.004200 0.001062 0.003970 0.007847 0.011216
0.002308 0.004293 0.001846 0.004200 0.001062 0.003970 0.007847 0.011216 0.010524 0.010339
0.001846 0.004200 0.001062 0.003970 0.007847 0.011216 0.010524 0.010339 0.011816 0.014355
0.001062 0.003970 0.007847 0.011216 0.010524 0.010339 0.011816 0.014355 0.019432 0.018879
0.007847 0.011216 0.010524 0.010339 0.011816 0.014355 0.019432 0.018879 0.018325 0.015417
0.010524 0.010339 0.011816 0.014355 0.019432 0.018879 0.018325 0.015417 0.018371 0.018740
0.011816 0.014355 0.019432 0.018879 0.018325 0.015417 0.018371 0.018740 0.020125 0.019340
0.019432 0.018879 0.018325 0.015417 0.018371 0.018740 0.020125 0.019340 0.020863 0.021233
0.018325 0.015417 0.018371 0.018740 0.020125 0.019340 0.020863 0.021233 0.021463 0.017401
0.018371 0.018740 0.020125 0.019340 0.020863 0.021233 0.021463 0.017401 0.021509 0.021325
0.020125 0.019340 0.020863 0.021233 0.021463 0.017401 0.021509 0.021325 0.019512 0.022487
0.020863 0.021233 0.021463 0.017401 0.021509 0.021325 0.019512 0.022487 0.022068 0.022254
0.021463 0.017401 0.021509 0.021325 0.019512 0.022487 0.022068 0.022254 0.022998 0.023648
0.021509 0.021325 0.019512 0.022487 0.022068 0.022254 0.022998 0.023648 0.025042 0.024438
0.019512 0.022487 0.022068 0.022254 0.022998 0.023648 0.025042 0.024438 0.023044 0.022254
0.022068 0.022254 0.022998 0.023648 0.025042 0.024438 0.023044 0.022254 0.021743 0.021882
0.022998 0.023648 0.025042 0.024438 0.023044 0.022254 0.021743 0.021882 0.019745 0.009940
0.025042 0.024438 0.023044 0.022254 0.021743 0.021882 0.019745 0.009940 0.012356 0.018118
0.023044 0.022254 0.021743 0.021882 0.019745 0.009940 0.012356 0.018118 0.018537 0.021975
0.021743 0.021882 0.019745 0.009940 0.012356 0.018118 0.018537 0.021975 0.027598 0.028156
0.019745 0.009940 0.012356 0.018118 0.018537 0.021975 0.027598 0.028156 0.033407 0.031362
0.012356 0.018118 0.018537 0.021975 0.027598 0.028156 0.033407 0.031362 0.032199 0.030386
0.018537 0.021975 0.027598 0.028156 0.033407 0.031362 0.032199 0.030386 0.028342 0.026762
0.027598 0.028156 0.033407 0.031362 0.032199 0.030386 0.028342 0.026762 0.026251 0.029318
0.033407 0.031362 0.032199 0.030386 0.028342 0.026762 0.026251 0.029318 0.029410 0.026204
0.032199 0.030386 0.028342 0.026762 0.026251 0.029318 0.029410 0.026204 0.027691 0.029736
0.028342 0.026762 0.026251 0.029318 0.029410 0.026204 0.027691 0.029736 0.029829 0.027784
0.026251 0.029318 0.029410 0.026204 0.027691 0.029736 0.029829 0.027784 0.023370 0.020721
0.029410 0.026204 0.027691 0.029736 0.029829 0.027784 0.023370 0.020721 0.016353 0.008220
0.027691 0.029736 0.029829 0.027784 0.023370 0.020721 0.016353 0.008220 0.011799 0.018815
0.029829 0.027784 0.023370 0.020721 0.016353 0.008220 0.011799 0.018815 0.013379 0.016678
0.023370 0.020721 0.016353 0.008220 0.011799 0.018815 0.013379 0.016678 0.021557 0.020070
0.016353 0.008220 0.011799 0.018815 0.013379 0.016678 0.021557 0.020070 0.018537 0.021697
0.011799 0.018815 0.013379 0.016678 0.021557 0.020070 0.018537 0.021697 0.020070 0.026390
0.013379 0.016678 0.021557 0.020070 0.018537 0.021697 0.020070 0.026390 0.027831 0.030247
0.021557 0.020070 0.018537 0.021697 0.020070 0.026390 0.027831 0.030247 0.030433 0.030433
0.018537 0.021697 0.020070 0.026390 0.027831 0.030247 0.030433 0.030433 0.031548 0.031176
0.020070 0.026390 0.027831 0.030247 0.030433 0.030433 0.031548 0.031176 0.030572 0.027226
0.027831 0.030247 0.030433 0.030433 0.031548 0.031176 0.030572 0.027226 0.024160 0.022068
0.030433 0.030433 0.031548 0.031176 0.030572 0.027226 0.024160 0.022068 0.020721 0.020070
0.031548 0.031176 0.030572 0.027226 0.024160 0.022068 0.020721 0.020070 0.018211 0.014029
0.030572 0.027226 0.024160 0.022068 0.020721 0.020070 0.018211 0.014029 0.013797 0.014545
0.024160 0.022068 0.020721 0.020070 0.018211 0.014029 0.013797 0.014545 0.009820 0.005936
0.020721 0.020070 0.018211 0.014029 0.013797 0.014545 0.009820 0.005936 0.010381 0.008837
0.018211 0.014029 0.013797 0.014545 0.009820 0.005936 0.010381 0.008837 0.011972 0.012814
0.013797 0.014545 0.009820 0.005936 0.010381 0.008837 0.011972 0.012814 0.011878 0.016324
0.009820 0.005936 0.010381 0.008837 0.011972 0.012814 0.011878 0.016324 0.010334 0.010147
0.010381 0.008837 0.011972 0.012814 0.011878 0.016324 0.010334 0.010147 0.002848 0.001772
0.011972 0.012814 0.011878 0.016324 0.010334 0.010147 0.002848 0.001772 0.001257 0.011177
0.011878 0.016324 0.010334 0.010147 0.002848 0.001772 0.001257 0.011177 0.015247 0.017587
0.010334 0.010147 0.002848 0.001772 0.001257 0.011177 0.015247 0.017587 0.013750 0.021003
0.002848 0.001772 0.001257 0.011177 0.015247 0.017587 0.013750 0.021003 0.018195 0.021611
0.001257 0.011177 0.015247 0.017587 0.013750 0.021003 0.018195 0.021611 0.024325 0.023717
0.015247 0.017587 0.013750 0.021003 0.018195 0.021611 0.024325 0.023717 0.026103 0.024793
0.013750 0.021003 0.018195 0.021611 0.024325 0.023717 0.026103 0.024793 0.021003 0.021471
0.018195 0.021611 0.024325 0.023717 0.026103 0.024793 0.021003 0.021471 0.016885 0.018429
0.024325 0.023717 0.026103 0.024793 0.021003 0.021471 0.016885 0.018429 0.023015 0.023015
0.026103 0.024793 0.021003 0.021471 0.016885 0.018429 0.023015 0.023015 0.034432 0.032934
0.021003 0.021471 0.016885 0.018429 0.023015 0.023015 0.034432 0.032934 0.034900 0.034291
0.016885 0.018429 0.023015 0.023015 0.034432 0.032934 0.034900 0.034291 0.031578 0.031437
0.023015 0.023015 0.034432 0.032934 0.034900 0.034291 0.031578 0.031437 0.028115 0.026243
0.034432 0.032934 0.034900 0.034291 0.031578 0.031437 0.028115 0.026243 0.019505 0.025027
0.034900 0.034291 0.031578 0.031437 0.028115 0.026243 0.019505 0.025027 0.027413 0.031531
0.031578 0.031437 0.028115 0.026243 0.019505 0.025027 0.027413 0.031531 0.040374 0.040187
0.028115 0.026243 0.019505 0.025027 0.027413 0.031531 0.040374 0.040187 0.036257 0.033309
0.019505 0.025027 0.027413 0.031531 0.040374 0.040187 0.036257 0.033309 0.028068 0.030455
0.027413 0.031531 0.040374 0.040187 0.036257 0.033309 0.028068 0.030455 0.039064 0.044305
0.040374 0.040187 0.036257 0.033309 0.028068 0.030455 0.039064 0.044305 0.042293 0.042059
0.036257 0.033309 0.028068 0.030455 0.039064 0.044305 0.042293 0.042059 0.041918 0.036678
0.028068 0.030455 0.039064 0.044305 0.042293 0.042059 0.041918 0.036678 0.044258 0.042901
0.039064 0.044305 0.042293 0.042059 0.041918 0.036678 0.044258 0.042901 0.044258 0.043930
0.042293 0.042059 0.041918 0.036678 0.044258 0.042901 0.044258 0.043930 0.043743 0.047019
0.041918 0.036678 0.044258 0.042901 0.044258 0.043930 0.043743 0.047019 0.047533 0.047065
0.044258 0.042901 0.044258 0.043930 0.043743 0.047019 0.047533 0.047065 0.048188 0.053803
0.044258 0.043930 0.043743 0.047019 0.047533 0.047065 0.048188 0.053803 0.056143 0.054505
0.043743 0.047019 0.047533 0.047065 0.048188 0.053803 0.056143 0.054505 0.051324 0.051606
0.047533 0.047065 0.048188 0.053803 0.056143 0.054505 0.051324 0.051606 0.048310 0.052312
0.048188 0.053803 0.056143 0.054505 0.051324 0.051606 0.048310 0.052312 0.051182 0.049817
0.056143 0.054505 0.051324 0.051606 0.048310 0.052312 0.051182 0.049817 0.050429 0.047274
0.051324 0.051606 0.048310 0.052312 0.051182 0.049817 0.050429 0.047274 0.051229 0.046897
0.048310 0.052312 0.051182 0.049817 0.050429 0.047274 0.051229 0.046897 0.047227 0.054431
0.051182 0.049817 0.050429 0.047274 0.051229 0.046897 0.047227 0.054431 0.052265 0.042141
0.050429 0.047274 0.051229 0.046897 0.047227 0.054431 0.052265 0.042141 0.044495 0.042800
0.051229 0.046897 0.047227 0.054431 0.052265 0.042141 0.044495 0.042800 0.048686 0.057728
0.047227 0.054431 0.052265 0.042141 0.044495 0.042800 0.048686 0.057728 0.056786 0.055138
0.052265 0.042141 0.044495 0.042800 0.048686 0.057728 0.056786 0.055138 0.056079 0.055844
0.044495 0.042800 0.048686 0.057728 0.056786 0.055138 0.056079 0.055844 0.054102 0.056550
0.048686 0.057728 0.056786 0.055138 0.056079 0.055844 0.054102 0.056550 0.052312 0.051182
0.056786 0.055138 0.056079 0.055844 0.054102 0.056550 0.052312 0.051182 0.052265 0.050382
0.056079 0.055844 0.054102 0.056550 0.052312 0.051182 0.052265 0.050382 0.054478 0.055656
0.054102 0.056550 0.052312 0.051182 0.052265 0.050382 0.054478 0.055656 0.056786 0.059847
0.052312 0.051182 0.052265 0.050382 0.054478 0.055656 0.056786 0.059847 0.062342 0.064273
0.052265 0.050382 0.054478 0.055656 0.056786 0.059847 0.062342 0.064273 0.057539 0.054431
0.054478 0.055656 0.056786 0.059847 0.062342 0.064273 0.057539 0.054431 0.052312 0.051935
0.056786 0.059847 0.062342 0.064273 0.057539 0.054431 0.052312 0.051935 0.052124 0.058905
0.062342 0.064273 0.057539 0.054431 0.052312 0.051935 0.052124 0.058905 0.061636 0.061306
0.057539 0.054431 0.052312 0.051935 0.052124 0.058905 0.061636 0.061306 0.052830 0.050900
0.052312 0.051935 0.052124 0.058905 0.061636 0.061306 0.052830 0.050900 0.033006 0.031405
0.052124 0.058905 0.061636 0.061306 0.052830 0.050900 0.033006 0.031405 0.028673 0.029709
0.061636 0.061306 0.052830 0.050900 0.033006 0.031405 0.028673 0.029709 0.027684 0.035454
0.052830 0.050900 0.033006 0.031405 0.028673 0.029709 0.027684 0.035454 0.034136 0.037102
0.033006 0.031405 0.028673 0.029709 0.027684 0.035454 0.034136 0.037102 0.043036 0.036066
0.028673 0.029709 0.027684 0.035454 0.034136 0.037102 0.043036 0.036066 0.032158 0.033382
0.027684 0.035454 0.034136 0.037102 0.043036 0.036066 0.032158 0.033382 0.035125 0.034654
0.034136 0.037102 0.043036 0.036066 0.032158 0.033382 0.035125 0.034654 0.026319 0.029662
0.043036 0.036066 0.032158 0.033382 0.035125 0.034654 0.026319 0.029662 0.031923 0.036961
0.032158 0.033382 0.035125 0.034654 0.026319 0.029662 0.031923 0.036961 0.037151 0.036771
0.035125 0.034654 0.026319 0.029662 0.031923 0.036961 0.037151 0.036771 0.043123 0.042223
0.026319 0.029662 0.031923 0.036961 0.037151 0.036771 0.043123 0.042223 0.043266 0.046204
0.031923 0.036961 0.037151 0.036771 0.043123 0.042223 0.043266 0.046204 0.044877 0.046299
0.037151 0.036771 0.043123 0.042223 0.043266 0.046204 0.044877 0.046299 0.043218 0.042365
0.043123 0.042223 0.043266 0.046204 0.044877 0.046299 0.043218 0.042365 0.045399 0.046299
0.043266 0.046204 0.044877 0.046299 0.043218 0.042365 0.045399 0.046299 0.048954 0.050660
0.044877 0.046299 0.043218 0.042365 0.045399 0.046299 0.048954 0.050660 0.059240 0.056585
0.043218 0.042365 0.045399 0.046299 0.048954 0.050660 0.059240 0.056585 0.053646 0.052604
0.045399 0.046299 0.048954 0.050660 0.059240 0.056585 0.053646 0.052604 0.056159 0.060046
0.048954 0.050660 0.059240 0.056585 0.053646 0.052604 0.056159 0.060046 0.056111 0.061373
0.059240 0.056585 0.053646 0.052604 0.056159 0.060046 0.056111 0.061373 0.056491 0.056917
0.053646 0.052604 0.056159 0.060046 0.056111 0.061373 0.056491 0.056917 0.056348 0.054310
0.056159 0.060046 0.056111 0.061373 0.056491 0.056917 0.056348 0.054310 0.050234 0.055305
0.056111 0.061373 0.056491 0.056917 0.056348 0.054310 0.050234 0.055305 0.064454 0.063933
0.056491 0.056917 0.056348 0.054310 0.050234 0.055305 0.064454 0.063933 0.067251 0.067819
0.056348 0.054310 0.050234 0.055305 0.064454 0.063933 0.067251 0.067819 0.067867 0.072181
0.050234 0.055305 0.064454 0.063933 0.067251 0.067819 0.067867 0.072181 0.074456 0.071564
0.064454 0.063933 0.067251 0.067819 0.067867 0.072181 0.074456 0.071564 0.075356 0.076352
0.067251 0.067819 0.067867 0.072181 0.074456 0.071564 0.075356 0.076352 0.077821 0.080097
0.067867 0.072181 0.074456 0.071564 0.075356 0.076352 0.077821 0.080097 0.083225 0.086022
0.074456 0.071564 0.075356 0.076352 0.077821 0.080097 0.083225 0.086022 0.086780 0.087633
0.075356 0.076352 0.077821 0.080097 0.083225 0.086022 0.086780 0.087633 0.091994 0.092279
0.077821 0.080097 0.083225 0.086022 0.086780 0.087633 0.091994 0.092279 0.097777 0.092990
0.083225 0.086022 0.086780 0.087633 0.091994 0.092279 0.097777 0.092990 0.091805 0.096592
0.086780 0.087633 0.091994 0.092279 0.097777 0.092990 0.091805 0.096592 0.092848 0.096260
0.091994 0.092279 0.097777 0.092990 0.091805 0.096592 0.092848 0.096260 0.101949 0.099721
0.097777 0.092990 0.091805 0.096592 0.092848 0.096260 0.101949 0.099721 0.101806 0.101617
0.091805 0.096592 0.092848 0.096260 0.101949 0.099721 0.101806 0.101617 0.105598 0.105765
0.092848 0.096260 0.101949 0.099721 0.101806 0.101617 0.105598 0.105765 0.105384 0.107530
0.101949 0.099721 0.101806 0.101617 0.105598 0.105765 0.105384 0.107530 0.112061 0.107149
0.101806 0.101617 0.105598 0.105765 0.105384 0.107530 0.112061 0.107149 0.105098 0.109009
0.105598 0.105765 0.105384 0.107530 0.112061 0.107149 0.105098 0.109009 0.100471 0.103142
0.105384 0.107530 0.112061 0.107149 0.105098 0.109009 0.100471 0.103142 0.109152 0.111203
0.112061 0.107149 0.105098 0.109009 0.100471 0.103142 0.109152 0.111203 0.110106 0.107769
0.105098 0.109009 0.100471 0.103142 0.109152 0.111203 0.110106 0.107769 0.113349 0.114350
0.100471 0.103142 0.109152 0.111203 0.110106 0.107769 0.113349 0.114350 0.113778 0.119358
0.109152 0.111203 0.110106 0.107769 0.113349 0.114350 0.113778 0.119358 0.119835 0.116592
0.110106 0.107769 0.113349 0.114350 0.113778 0.119358 0.119835 0.116592 0.116401 0.120837
0.113349 0.114350 0.113778 0.119358 0.119835 0.116592 0.116401 0.120837 0.122649 0.117927
0.113778 0.119358 0.119835 0.116592 0.116401 0.120837 0.122649 0.117927 0.116831 0.119120
0.119835 0.116592 0.116401 0.120837 0.122649 0.117927 0.116831 0.119120 0.115686 0.122745
0.116401 0.120837 0.122649 0.117927 0.116831 0.119120 0.115686 0.122745 0.116783 0.121075
0.122649 0.117927 0.116831 0.119120 0.115686 0.122745 0.116783 0.121075 0.117355 0.122220
0.116831 0.119120 0.115686 0.122745 0.116783 0.121075 0.117355 0.122220 0.119072 0.123222
0.115686 0.122745 0.116783 0.121075 0.117355 0.122220 0.119072 0.123222 0.119215 0.119883
0.116783 0.121075 0.117355 0.122220 0.119072 0.123222 0.119215 0.119883 0.119692 0.119549
0.117355 0.122220 0.119072 0.123222 0.119215 0.119883 0.119692 0.119549 0.120503 0.128802
0.119072 0.123222 0.119215 0.119883 0.119692 0.119549 0.120503 0.128802 0.131473 0.128754
0.119215 0.119883 0.119692 0.119549 0.120503 0.128802 0.131473 0.128754 0.119597 0.121457
0.119692 0.119549 0.120503 0.128802 0.131473 0.128754 0.119597 0.121457 0.118261 0.115877
0.120503 0.128802 0.131473 0.128754 0.119597 0.121457 0.118261 0.115877 0.119358 0.119788
0.131473 0.128754 0.119597 0.121457 0.118261 0.115877 0.119358 0.119788 0.127371 0.129660
0.119597 0.121457 0.118261 0.115877 0.119358 0.119788 0.127371 0.129660 0.115400 0.110201
0.118261 0.115877 0.119358 0.119788 0.127371 0.129660 0.115400 0.110201 0.110392 0.114589
0.119358 0.119788 0.127371 0.129660 0.115400 0.110201 0.110392 0.114589 0.113826 0.120932
0.127371 0.129660 0.115400 0.110201 0.110392 0.114589 0.113826 0.120932 0.129470 0.129517
0.115400 0.110201 0.110392 0.114589 0.113826 0.120932 0.129470 0.129517 0.130328 0.131234
0.110392 0.114589 0.113826 0.120932 0.129470 0.129517 0.130328 0.131234 0.139438 0.142108
0.113826 0.120932 0.129470 0.129517 0.130328 0.131234 0.139438 0.142108 0.142204 0.142633
0.129470 0.129517 0.130328 0.131234 0.139438 0.142108 0.142204 0.142633 0.146973 0.144922
0.130328 0.131234 0.139438 0.142108 0.142204 0.142633 0.146973 0.144922 0.146449 0.148022
0.139438 0.142108 0.142204 0.142633 0.146973 0.144922 0.146449 0.148022 0.149406 0.146600
0.142204 0.142633 0.146973 0.144922 0.146449 0.148022 0.149406 0.146600 0.144777 0.144105
0.146973 0.144922 0.146449 0.148022 0.149406 0.146600 0.144777 0.144105 0.150437 0.148231
0.146449 0.148022 0.149406 0.146600 0.144777 0.144105 0.150437 0.148231 0.149622 0.144105
0.149406 0.146600 0.144777 0.144105 0.150437 0.148231 0.149622 0.144105 0.145736 0.142906
0.144777 0.144105 0.150437 0.148231 0.149622 0.144105 0.145736 0.142906 0.136047 0.136431
0.150437 0.148231 0.149622 0.144105 0.145736 0.142906 0.136047 0.136431 0.148135 0.146696
0.149622 0.144105 0.145736 0.142906 0.136047 0.136431 0.148135 0.146696 0.143866 0.138158
0.145736 0.142906 0.136047 0.136431 0.148135 0.146696 0.143866 0.138158 0.148566 0.147751
0.136047 0.136431 0.148135 0.146696 0.143866 0.138158 0.148566 0.147751 0.151972 0.157056
0.148135 0.146696 0.143866 0.138158 0.148566 0.147751 0.151972 0.157056 0.150341 0.136958
0.143866 0.138158 0.148566 0.147751 0.151972 0.157056 0.150341 0.136958 0.140844 0.130819
0.148566 0.147751 0.151972 0.157056 0.150341 0.136958 0.140844 0.130819 0.134368 0.141275
0.151972 0.157056 0.150341 0.136958 0.140844 0.130819 0.134368 0.141275 0.143962 0.139693
0.150341 0.136958 0.140844 0.130819 0.134368 0.141275 0.143962 0.139693 0.139501 0.136719
0.140844 0.130819 0.134368 0.141275 0.143962 0.139693 0.139501 0.136719 0.140172 0.150197
0.134368 0.141275 0.143962 0.139693 0.139501 0.136719 0.140172 0.150197 0.153027 0.158879
0.143962 0.139693 0.139501 0.136719 0.140172 0.150197 0.153027 0.158879 0.159263 0.164539
0.139501 0.136719 0.140172 0.150197 0.153027 0.158879 0.159263 0.164539 0.167465 0.166074
0.140172 0.150197 0.153027 0.158879 0.159263 0.164539 0.167465 0.166074 0.163628 0.165067
0.153027 0.158879 0.159263 0.164539 0.167465 0.166074 0.163628 0.165067 0.169096 0.172501
0.159263 0.164539 0.167465 0.166074 0.163628 0.165067 0.169096 0.172501 0.172933 0.175188
0.167465 0.166074 0.163628 0.165067 0.169096 0.172501 0.172933 0.175188 0.173173 0.174228
0.163628 0.165067 0.169096 0.172501 0.172933 0.175188 0.173173 0.174228 0.175955 0.174516
0.169096 0.172501 0.172933 0.175188 0.173173 0.174228 0.175955 0.174516 0.175619 0.178449
0.172933 0.175188 0.173173 0.174228 0.175955 0.174516 0.175619 0.178449 0.183150 0.182430
0.173173 0.174228 0.175955 0.174516 0.175619 0.178449 0.183150 0.182430 0.180800 0.178785
0.175955 0.174516 0.175619 0.178449 0.183150 0.182430 0.180800 0.178785 0.180368 0.184445
0.175619 0.178449 0.183150 0.182430 0.180800 0.178785 0.180368 0.184445 0.182670 0.183006
0.183150 0.182430 0.180800 0.178785 0.180368 0.184445 0.182670 0.183006 0.184397 0.179361
0.180800 0.178785 0.180368 0.184445 0.182670 0.183006 0.184397 0.179361 0.170871 0.171110
0.180368 0.184445 0.182670 0.183006 0.184397 0.179361 0.170871 0.171110 0.169719 0.168808
0.182670 0.183006 0.184397 0.179361 0.170871 0.171110 0.169719 0.168808 0.162224 0.168253
0.184397 0.179361 0.170871 0.171110 0.169719 0.168808 0.162224 0.168253 0.166951 0.166613
0.170871 0.171110 0.169719 0.168808 0.162224 0.168253 0.166951 0.166613 0.158896 0.160199
0.169719 0.168808 0.162224 0.168253 0.166951 0.166613 0.158896 0.160199 0.161742 0.162996
0.162224 0.168253 0.166951 0.166613 0.158896 0.160199 0.161742 0.162996 0.161260 0.167675
0.166951 0.166613 0.158896 0.160199 0.161742 0.162996 0.161260 0.167675 0.169218 0.170038
0.158896 0.160199 0.161742 0.162996 0.161260 0.167675 0.169218 0.170038 0.178237 0.182337
0.161742 0.162996 0.161260 0.167675 0.169218 0.170038 0.178237 0.182337 0.187739 0.185279
0.161260 0.167675 0.169218 0.170038 0.178237 0.182337 0.187739 0.185279 0.187208 0.190247
0.169218 0.170038 0.178237 0.182337 0.187739 0.185279 0.187208 0.190247 0.193623 0.200183
0.178237 0.182337 0.187739 0.185279 0.187208 0.190247 0.193623 0.200183 0.201533 0.194009
0.187739 0.185279 0.187208 0.190247 0.193623 0.200183 0.201533 0.194009 0.199314 0.197819
0.187208 0.190247 0.193623 0.200183 0.201533 0.194009 0.199314 0.197819 0.194925 0.197144
0.193623 0.200183 0.201533 0.194009 0.199314 0.197819 0.194925 0.197144 0.195022 0.191115
0.201533 0.194009 0.199314 0.197819 0.194925 0.197144 0.195022 0.191115 0.192128 0.190102
0.199314 0.197819 0.194925 0.197144 0.195022 0.191115 0.192128 0.190102 0.186967 0.191067
0.194925 0.197144 0.195022 0.191115 0.192128 0.190102 0.186967 0.191067 0.187643 0.180263
0.195022 0.191115 0.192128 0.190102 0.186967 0.191067 0.187643 0.180263 0.182240 0.190777
0.192128 0.190102 0.186967 0.191067 0.187643 0.180263 0.182240 0.190777 0.197433 0.200713
0.186967 0.191067 0.187643 0.180263 0.182240 0.190777 0.197433 0.200713 0.193093 0.198495
0.187643 0.180263 0.182240 0.190777 0.197433 0.200713 0.193093 0.198495 0.206597 0.207658
0.182240 0.190777 0.197433 0.200713 0.193093 0.198495 0.206597 0.207658 0.209636 0.212289
0.197433 0.200713 0.193093 0.198495 0.206597 0.207658 0.209636 0.212289 0.209395 0.210794
0.193093 0.198495 0.206597 0.207658 0.209636 0.212289 0.209395 0.210794 0.215279 0.217691
0.206597 0.207658 0.209636 0.212289 0.209395 0.210794 0.215279 0.217691 0.219427 0.217064
0.209636 0.212289 0.209395 0.210794 0.215279 0.217691 0.219427 0.217064 0.222176 0.222417
0.209395 0.210794 0.215279 0.217691 0.219427 0.217064 0.222176 0.222417 0.224443 0.223478
0.215279 0.217691 0.219427 0.217064 0.222176 0.222417 0.224443 0.223478 0.228350 0.224877
0.219427 0.217064 0.222176 0.222417 0.224443 0.223478 0.228350 0.224877 0.232498 0.232305
0.222176 0.222417 0.224443 0.223478 0.228350 0.224877 0.232498 0.232305 0.234282 0.235392
0.224443 0.223478 0.228350 0.224877 0.232498 0.232305 0.234282 0.235392 0.241179 0.241469
0.228350 0.224877 0.232498 0.232305 0.234282 0.235392 0.241179 0.241469 0.242819 0.242433
0.232498 0.232305 0.234282 0.235392 0.241179 0.241469 0.242819 0.242433 0.241294 0.246965
0.234282 0.235392 0.241179 0.241469 0.242819 0.242433 0.241294 0.246965 0.250213 0.251230
0.241179 0.241469 0.242819 0.242433 0.241294 0.246965 0.250213 0.251230 0.255689 0.262233
0.242819 0.242433 0.241294 0.246965 0.250213 0.251230 0.255689 0.262233 0.262281 0.234024
0.241294 0.246965 0.250213 0.251230 0.255689 0.262233 0.262281 0.234024 0.228790 0.228111
0.250213 0.251230 0.255689 0.262233 0.262281 0.234024 0.228790 0.228111 0.229904 0.238532
0.255689 0.262233 0.262281 0.234024 0.228790 0.228111 0.229904 0.238532 0.238338 0.233394
0.262281 0.234024 0.228790 0.228111 0.229904 0.238532 0.238338 0.233394 0.229614 0.228693
0.228790 0.228111 0.229904 0.238532 0.238338 0.233394 0.229614 0.228693 0.227966 0.233927
0.229904 0.238532 0.238338 0.233394 0.229614 0.228693 0.227966 0.233927 0.252006 0.273380
0.238338 0.233394 0.229614 0.228693 0.227966 0.233927 0.252006 0.273380 0.276337 0.277839
0.229614 0.228693 0.227966 0.233927 0.252006 0.273380 0.276337 0.277839 0.278227 0.279148
0.227966 0.233927 0.252006 0.273380 0.276337 0.277839 0.278227 0.279148 0.285449 0.290587
0.252006 0.273380 0.276337 0.277839 0.278227 0.279148 0.285449 0.290587 0.290926 0.294949
0.276337 0.277839 0.278227 0.279148 0.285449 0.290587 0.290926 0.294949 0.284674 0.286224
0.278227 0.279148 0.285449 0.290587 0.290926 0.294949 0.284674 0.286224 0.282250 0.282347
0.285449 0.290587 0.290926 0.294949 0.284674 0.286224 0.282250 0.282347 0.277403 0.276531
0.290926 0.294949 0.284674 0.286224 0.282250 0.282347 0.277403 0.276531 0.275222 0.267952
0.284674 0.286224 0.282250 0.282347 0.277403 0.276531 0.275222 0.267952 0.281184 0.286176
0.282250 0.282347 0.277403 0.276531 0.275222 0.267952 0.281184 0.286176 0.284819 0.280699
0.277403 0.276531 0.275222 0.267952 0.281184 0.286176 0.284819 0.280699 0.279148 0.276676
0.275222 0.267952 0.281184 0.286176 0.284819 0.280699 0.279148 0.276676 0.268097 0.246335
0.281184 0.286176 0.284819 0.280699 0.279148 0.276676 0.268097 0.246335 0.240228 0.244348
0.284819 0.280699 0.279148 0.276676 0.268097 0.246335 0.240228 0.244348 0.246481 0.235818
0.279148 0.276676 0.268097 0.246335 0.240228 0.244348 0.246481 0.235818 0.236496 0.215703
0.268097 0.246335 0.240228 0.244348 0.246481 0.235818 0.236496 0.215703 0.229371 0.232473
0.240228 0.244348 0.246481 0.235818 0.236496 0.215703 0.229371 0.232473 0.239937 0.246868
0.246481 0.235818 0.236496 0.215703 0.229371 0.232473 0.239937 0.246868 0.243815 0.250019
0.236496 0.215703 0.229371 0.232473 0.239937 0.246868 0.243815 0.250019 0.251556 0.250092
0.229371 0.232473 0.239937 0.246868 0.243815 0.250019 0.251556 0.250092 0.259751 0.258190
0.239937 0.246868 0.243815 0.250019 0.251556 0.250092 0.259751 0.258190 0.252141 0.257020
0.243815 0.250019 0.251556 0.250092 0.259751 0.258190 0.252141 0.257020 0.257068 0.260142
0.251556 0.250092 0.259751 0.258190 0.252141 0.257020 0.257068 0.260142 0.263703 0.263362
0.259751 0.258190 0.252141 0.257020 0.257068 0.260142 0.263703 0.263362 0.270582 0.272485
0.252141 0.257020 0.257068 0.260142 0.263703 0.263362 0.270582 0.272485 0.260191 0.262484
0.257068 0.260142 0.263703 0.263362 0.270582 0.272485 0.260191 0.262484 0.268192 0.269314
0.263703 0.263362 0.270582 0.272485 0.260191 0.262484 0.268192 0.269314 0.269460 0.266777
0.270582 0.272485 0.260191 0.262484 0.268192 0.269314 0.269460 0.266777 0.261654 0.261947
0.260191 0.262484 0.268192 0.269314 0.269460 0.266777 0.261654 0.261947 0.253361 0.248579
0.268192 0.269314 0.269460 0.266777 0.261654 0.261947 0.253361 0.248579 0.260483 0.262777
0.269460 0.266777 0.261654 0.261947 0.253361 0.248579 0.260483 0.262777 0.255410 0.261264
0.261654 0.261947 0.253361 0.248579 0.260483 0.262777 0.255410 0.261264 0.264630 0.261215
0.253361 0.248579 0.260483 0.262777 0.255410 0.261264 0.264630 0.261215 0.269216 0.264484
0.260483 0.262777 0.255410 0.261264 0.264630 0.261215 0.269216 0.264484 0.263264 0.269899
0.255410 0.261264 0.264630 0.261215 0.269216 0.264484 0.263264 0.269899 0.277022 0.281266
0.264630 0.261215 0.269216 0.264484 0.263264 0.269899 0.277022 0.281266 0.278681 0.279364
0.269216 0.264484 0.263264 0.269899 0.277022 0.281266 0.278681 0.279364 0.277998 0.270875
0.263264 0.269899 0.277022 0.281266 0.278681 0.279364 0.277998 0.270875 0.273021 0.277900
0.277022 0.281266 0.278681 0.279364 0.277998 0.270875 0.273021 0.277900 0.268777 0.261069
0.278681 0.279364 0.277998 0.270875 0.273021 0.277900 0.268777 0.261069 0.264777 0.269362
0.277998 0.270875 0.273021 0.277900 0.268777 0.261069 0.264777 0.269362 0.282438 0.287121
0.273021 0.277900 0.268777 0.261069 0.264777 0.269362 0.282438 0.287121 0.291463 0.292780
0.268777 0.261069 0.264777 0.269362 0.282438 0.287121 0.291463 0.292780 0.288389 0.281852
0.264777 0.269362 0.282438 0.287121 0.291463 0.292780 0.288389 0.281852 0.281413 0.284682
0.282438 0.287121 0.291463 0.292780 0.288389 0.281852 0.281413 0.284682 0.286243 0.293756
0.291463 0.292780 0.288389 0.281852 0.281413 0.284682 0.286243 0.293756 0.302147 0.298781
0.288389 0.281852 0.281413 0.284682 0.286243 0.293756 0.302147 0.298781 0.301171 0.294732
0.281413 0.284682 0.286243 0.293756 0.302147 0.298781 0.301171 0.294732 0.303757 0.302245
0.286243 0.293756 0.302147 0.298781 0.301171 0.294732 0.303757 0.302245 0.304733 0.311953
0.302147 0.298781 0.301171 0.294732 0.303757 0.302245 0.304733 0.311953 0.310051 0.306001
0.301171 0.294732 0.303757 0.302245 0.304733 0.311953 0.310051 0.306001 0.302976 0.303708
0.303757 0.302245 0.304733 0.311953 0.310051 0.306001 0.302976 0.303708 0.306343 0.299318
0.304733 0.311953 0.310051 0.306001 0.302976 0.303708 0.306343 0.299318 0.305625 0.303907
0.310051 0.306001 0.302976 0.303708 0.306343 0.299318 0.305625 0.303907 0.307981 0.309454
0.302976 0.303708 0.306343 0.299318 0.305625 0.303907 0.307981 0.309454 0.309405 0.314117
0.306343 0.299318 0.305625 0.303907 0.307981 0.309454 0.309405 0.314117 0.314902 0.313773
0.305625 0.303907 0.307981 0.309454 0.309405 0.314117 0.314902 0.313773 0.316571 0.313479
0.307981 0.309454 0.309405 0.314117 0.314902 0.313773 0.316571 0.313479 0.320596 0.325161
0.309405 0.314117 0.314902 0.313773 0.316571 0.313479 0.320596 0.325161 0.328499 0.326781
0.314902 0.313773 0.316571 0.313479 0.320596 0.325161 0.328499 0.326781 0.324033 0.317455
0.316571 0.313479 0.320596 0.325161 0.328499 0.326781 0.324033 0.317455 0.318878 0.318682
0.320596 0.325161 0.328499 0.326781 0.324033 0.317455 0.318878 0.318682 0.320498 0.323640
0.328499 0.326781 0.324033 0.317455 0.318878 0.318682 0.320498 0.323640 0.324425 0.327714
0.324033 0.317455 0.318878 0.318682 0.320498 0.323640 0.324425 0.327714 0.322461 0.317553
0.318878 0.318682 0.320498 0.323640 0.324425 0.327714 0.322461 0.317553 0.320302 0.320695
0.320498 0.323640 0.324425 0.327714 0.322461 0.317553 0.320302 0.320695 0.320498 0.318289
0.324425 0.327714 0.322461 0.317553 0.320302 0.320695 0.320498 0.318289 0.324769 0.328057
0.322461 0.317553 0.320302 0.320695 0.320498 0.318289 0.324769 0.328057 0.328941 0.326487
0.320302 0.320695 0.320498 0.318289 0.324769 0.328057 0.328941 0.326487 0.324769 0.325358
0.320498 0.318289 0.324769 0.328057 0.328941 0.326487 0.324769 0.325358 0.321480 0.323541
0.324769 0.328057 0.328941 0.326487 0.324769 0.325358 0.321480 0.323541 0.326929 0.327223
0.328941 0.326487 0.324769 0.325358 0.321480 0.323541 0.326929 0.327223 0.332671 0.319762
0.324769 0.325358 0.321480 0.323541 0.326929 0.327223 0.332671 0.319762 0.326094 0.323493
0.321480 0.323541 0.326929 0.327223 0.332671 0.319762 0.326094 0.323493 0.327518 0.325358
0.326929 0.327223 0.332671 0.319762 0.326094 0.323493 0.327518 0.325358 0.327567 0.327518
0.332671 0.319762 0.326094 0.323493 0.327518 0.325358 0.327567 0.327518 0.329530 0.322118
0.326094 0.323493 0.327518 0.325358 0.327567 0.327518 0.329530 0.322118 0.320744 0.306754
0.327518 0.325358 0.327567 0.327518 0.329530 0.322118 0.320744 0.306754 0.302925 0.306067
0.327567 0.327518 0.329530 0.322118 0.320744 0.306754 0.302925 0.306067 0.301306 0.300177
0.329530 0.322118 0.320744 0.306754 0.302925 0.306067 0.301306 0.300177 0.298115 0.306558
0.320744 0.306754 0.302925 0.306067 0.301306 0.300177 0.298115 0.306558 0.305232 0.306705
0.302925 0.306067 0.301306 0.300177 0.298115 0.306558 0.305232 0.306705 0.311221 0.313872
0.301306 0.300177 0.298115 0.306558 0.305232 0.306705 0.311221 0.313872 0.311810 0.322609
0.298115 0.306558 0.305232 0.306705 0.311221 0.313872 0.311810 0.322609 0.323247 0.329197
0.305232 0.306705 0.311221 0.313872 0.311810 0.322609 0.323247 0.329197 0.328703 0.326876
0.311221 0.313872 0.311810 0.322609 0.323247 0.329197 0.328703 0.326876 0.329691 0.329197
0.311810 0.322609 0.323247 0.329197 0.328703 0.326876 0.329691 0.329197 0.325938 0.326136
0.323247 0.329197 0.328703 0.326876 0.329691 0.329197 0.325938 0.326136 0.326234 0.327321
0.328703 0.326876 0.329691 0.329197 0.325938 0.326136 0.326234 0.327321 0.325346 0.324309
0.329691 0.329197 0.325938 0.326136 0.326234 0.327321 0.325346 0.324309 0.327222 0.330629
0.325938 0.326136 0.326234 0.327321 0.325346 0.324309 0.327222 0.330629 0.328506 0.329395
0.326234 0.327321 0.325346 0.324309 0.327222 0.330629 0.328506 0.329395 0.327963 0.325938
0.325346 0.324309 0.327222 0.330629 0.328506 0.329395 0.327963 0.325938 0.328604 0.330432
0.327222 0.330629 0.328506 0.329395 0.327963 0.325938 0.328604 0.330432 0.332999 0.340258
0.328506 0.329395 0.327963 0.325938 0.328604 0.330432 0.332999 0.340258 0.339517 0.334678
0.327963 0.325938 0.328604 0.330432 0.332999 0.340258 0.339517 0.334678 0.328061 0.330580
0.328604 0.330432 0.332999 0.340258 0.339517 0.334678 0.328061 0.330580 0.318729 0.318433
0.332999 0.340258 0.339517 0.334678 0.328061 0.330580 0.318729 0.318433 0.317297 0.314779
0.339517 0.334678 0.328061 0.330580 0.318729 0.318433 0.317297 0.314779 0.302434 0.299916
0.328061 0.330580 0.318729 0.318433 0.317297 0.314779 0.302434 0.299916 0.307322 0.308162
0.318729 0.318433 0.317297 0.314779 0.302434 0.299916 0.307322 0.308162 0.295027 0.313445
0.317297 0.314779 0.302434 0.299916 0.307322 0.308162 0.295027 0.313445 0.299768 0.276016
0.302434 0.299916 0.307322 0.308162 0.295027 0.313445 0.299768 0.276016 0.271424 0.277745
0.307322 0.308162 0.295027 0.313445 0.299768 0.276016 0.271424 0.277745 0.277942 0.282041
0.295027 0.313445 0.299768 0.276016 0.271424 0.277745 0.277942 0.282041 0.293644 0.294632
0.299768 0.276016 0.271424 0.277745 0.277942 0.282041 0.293644 0.294632 0.311075 0.301298
0.271424 0.277745 0.277942 0.282041 0.293644 0.294632 0.311075 0.301298 0.331419 0.348899
0.277942 0.282041 0.293644 0.294632 0.311075 0.301298 0.331419 0.348899 0.353689 0.361096
0.293644 0.294632 0.311075 0.301298 0.331419 0.348899 0.353689 0.361096 0.360849 0.366231
0.311075 0.301298 0.331419 0.348899 0.353689 0.361096 0.360849 0.366231 0.374477 0.372157
0.331419 0.348899 0.353689 0.361096 0.360849 0.366231 0.374477 0.372157 0.380798 0.383958
0.353689 0.361096 0.360849 0.366231 0.374477 0.372157 0.380798 0.383958 0.385736 0.388205
0.360849 0.366231 0.374477 0.372157 0.380798 0.383958 0.385736 0.388205 0.393686 0.390970
0.374477 0.372157 0.380798 0.383958 0.385736 0.388205 0.393686 0.390970 0.393784 0.397093
0.380798 0.383958 0.385736 0.388205 0.393686 0.390970 0.393784 0.397093 0.399562 0.398772
0.385736 0.388205 0.393686 0.390970 0.393784 0.397093 0.399562 0.398772 0.405981 0.403673
0.393686 0.390970 0.393784 0.397093 0.399562 0.398772 0.405981 0.403673 0.406304 0.410275
0.393784 0.397093 0.399562 0.398772 0.405981 0.403673 0.406304 0.410275 0.408885 0.399850
0.399562 0.398772 0.405981 0.403673 0.406304 0.410275 0.408885 0.399850 0.401091 0.409928
0.405981 0.403673 0.406304 0.410275 0.408885 0.399850 0.401091 0.409928 0.400346 0.412459
0.406304 0.410275 0.408885 0.399850 0.401091 0.409928 0.400346 0.412459 0.420700 0.420700
0.408885 0.399850 0.401091 0.409928 0.400346 0.412459 0.420700 0.420700 0.420750 0.414097
0.401091 0.409928 0.400346 0.412459 0.420700 0.420700 0.420750 0.414097 0.413601 0.400744
0.400346 0.412459 0.420700 0.420700 0.420750 0.414097 0.413601 0.400744 0.405261 0.395183
0.420700 0.420700 0.420750 0.414097 0.413601 0.400744 0.405261 0.395183 0.393843 0.404765
0.420750 0.414097 0.413601 0.400744 0.405261 0.395183 0.393843 0.404765 0.412459 0.435792
0.413601 0.400744 0.405261 0.395183 0.393843 0.404765 0.412459 0.435792 0.436686 0.445572
0.405261 0.395183 0.393843 0.404765 0.412459 0.435792 0.436686 0.445572 0.443586 0.444033
0.393843 0.404765 0.412459 0.435792 0.436686 0.445572 0.443586 0.444033 0.440558 0.442792
0.412459 0.435792 0.436686 0.445572 0.443586 0.444033 0.440558 0.442792 0.438472 0.430927
0.436686 0.445572 0.443586 0.444033 0.440558 0.442792 0.438472 0.430927 0.429636 0.411268
0.443586 0.444033 0.440558 0.442792 0.438472 0.430927 0.429636 0.411268 0.402779 0.408488
0.440558 0.442792 0.438472 0.430927 0.429636 0.411268 0.402779 0.408488 0.427501 0.417523
0.438472 0.430927 0.429636 0.411268 0.402779 0.408488 0.427501 0.417523 0.413154 0.412559
0.429636 0.411268 0.402779 0.408488 0.427501 0.417523 0.413154 0.412559 0.408686 0.407793
0.402779 0.408488 0.427501 0.417523 0.413154 0.412559 0.408686 0.407793 0.419409 0.419112
0.427501 0.417523 0.413154 0.412559 0.408686 0.407793 0.419409 0.419112 0.422090 0.438721
0.413154 0.412559 0.408686 0.407793 0.419409 0.419112 0.422090 0.438721 0.429438 0.430530
0.408686 0.407793 0.419409 0.419112 0.422090 0.438721 0.429438 0.430530 0.427501 0.429040
0.419409 0.419112 0.422090 0.438721 0.429438 0.430530 0.427501 0.429040 0.439912 0.420899
0.422090 0.438721 0.429438 0.430530 0.427501 0.429040 0.439912 0.420899 0.431423 0.438969
0.429438 0.430530 0.427501 0.429040 0.439912 0.420899 0.431423 0.438969 0.433360 0.441997
0.427501 0.429040 0.439912 0.420899 0.431423 0.438969 0.433360 0.441997 0.439614 0.433508
0.439912 0.420899 0.431423 0.438969 0.433360 0.441997 0.439614 0.433508 0.438374 0.436800
0.431423 0.438969 0.433360 0.441997 0.439614 0.433508 0.438374 0.436800 0.443943 0.444093
0.433360 0.441997 0.439614 0.433508 0.438374 0.436800 0.443943 0.444093 0.448988 0.451386
0.439614 0.433508 0.438374 0.436800 0.443943 0.444093 0.448988 0.451386 0.449837 0.454983
0.438374 0.436800 0.443943 0.444093 0.448988 0.451386 0.449837 0.454983 0.458429 0.459978
0.443943 0.444093 0.448988 0.451386 0.449837 0.454983 0.458429 0.459978 0.458829 0.462426
0.448988 0.451386 0.449837 0.454983 0.458429 0.459978 0.458829 0.462426 0.457630 0.466871
0.449837 0.454983 0.458429 0.459978 0.458829 0.462426 0.457630 0.466871 0.455732 0.450187
0.458429 0.459978 0.458829 0.462426 0.457630 0.466871 0.455732 0.450187 0.452235 0.436200
0.458829 0.462426 0.457630 0.466871 0.455732 0.450187 0.452235 0.436200 0.446241 0.425710
0.457630 0.466871 0.455732 0.450187 0.452235 0.436200 0.446241 0.425710 0.423063 0.436750
0.455732 0.450187 0.452235 0.436200 0.446241 0.425710 0.423063 0.436750 0.428108 0.445442
0.452235 0.436200 0.446241 0.425710 0.423063 0.436750 0.428108 0.445442 0.435551 0.446740
0.446241 0.425710 0.423063 0.436750 0.428108 0.445442 0.435551 0.446740 0.442694 0.446840
0.423063 0.436750 0.428108 0.445442 0.435551 0.446740 0.442694 0.446840 0.445042 0.445991
0.428108 0.445442 0.435551 0.446740 0.442694 0.446840 0.445042 0.445991 0.427908 0.427359
0.435551 0.446740 0.442694 0.446840 0.445042 0.445991 0.427908 0.427359 0.431905 0.444643
0.442694 0.446840 0.445042 0.445991 0.427908 0.427359 0.431905 0.444643 0.439147 0.427009
0.445042 0.445991 0.427908 0.427359 0.431905 0.444643 0.439147 0.427009 0.428408 0.441795
0.427908 0.427359 0.431905 0.444643 0.439147 0.427009 0.428408 0.441795 0.445442 0.445741
0.431905 0.444643 0.439147 0.427009 0.428408 0.441795 0.445442 0.445741 0.448339 0.449738
0.439147 0.427009 0.428408 0.441795 0.445442 0.445741 0.448339 0.449738 0.443593 0.444343
0.428408 0.441795 0.445442 0.445741 0.448339 0.449738 0.443593 0.444343 0.446590 0.443843
0.445442 0.445741 0.448339 0.449738 0.443593 0.444343 0.446590 0.443843 0.422963 0.436950
0.448339 0.449738 0.443593 0.444343 0.446590 0.443843 0.422963 0.436950 0.434402 0.437749
0.443593 0.444343 0.446590 0.443843 0.422963 0.436950 0.434402 0.437749 0.412723 0.409376
0.446590 0.443843 0.422963 0.436950 0.434402 0.437749 0.412723 0.409376 0.404331 0.406079
0.422963 0.436950 0.434402 0.437749 0.412723 0.409376 0.404331 0.406079 0.399285 0.396388
0.434402 0.437749 0.412723 0.409376 0.404331 0.406079 0.399285 0.396388 0.402832 0.409526
0.412723 0.409376 0.404331 0.406079 0.399285 0.396388 0.402832 0.409526 0.403981 0.402632
0.404331 0.406079 0.399285 0.396388 0.402832 0.409526 0.403981 0.402632 0.407478 0.417418
0.399285 0.396388 0.402832 0.409526 0.403981 0.402632 0.407478 0.417418 0.413922 0.414771
0.402832 0.409526 0.403981 0.402632 0.407478 0.417418 0.413922 0.414771 0.420965 0.430156
0.403981 0.402632 0.407478 0.417418 0.413922 0.414771 0.420965 0.430156 0.430905 0.428758
0.407478 0.417418 0.413922 0.414771 0.420965 0.430156 0.430905 0.428758 0.430006 0.429026
0.413922 0.414771 0.420965 0.430156 0.430905 0.428758 0.430006 0.429026 0.429830 0.424401
0.420965 0.430156 0.430905 0.428758 0.430006 0.429026 0.429830 0.424401 0.417414 0.424602
0.430905 0.428758 0.430006 0.429026 0.429830 0.424401 0.417414 0.424602 0.423848 0.414850
0.430006 0.429026 0.429830 0.424401 0.417414 0.424602 0.423848 0.414850 0.414348 0.414850
0.429830 0.424401 0.417414 0.424602 0.423848 0.414850 0.414348 0.414850 0.420279 0.411181
0.417414 0.424602 0.423848 0.414850 0.414348 0.414850 0.420279 0.411181 0.404797 0.402334
0.423848 0.414850 0.414348 0.414850 0.420279 0.411181 0.404797 0.402334 0.404294 0.414649
0.414348 0.414850 0.420279 0.411181 0.404797 0.402334 0.404294 0.414649 0.418771 0.409622
0.420279 0.411181 0.404797 0.402334 0.404294 0.414649 0.418771 0.409622 0.398714 0.401831
0.404797 0.402334 0.404294 0.414649 0.418771 0.409622 0.398714 0.401831 0.404143 0.417565
0.404294 0.414649 0.418771 0.409622 0.398714 0.401831 0.404143 0.417565 0.414197 0.417867
0.418771 0.409622 0.398714 0.401831 0.404143 0.417565 0.414197 0.417867 0.418671 0.407109
0.398714 0.401831 0.404143 0.417565 0.414197 0.417867 0.418671 0.407109 0.398966 0.404847
0.404143 0.417565 0.414197 0.417867 0.418671 0.407109 0.398966 0.404847 0.389063 0.390822
0.414197 0.417867 0.418671 0.407109 0.398966 0.404847 0.389063 0.390822 0.397608 0.396251
0.418671 0.407109 0.398966 0.404847 0.389063 0.390822 0.397608 0.396251 0.394743 0.396502
0.398966 0.404847 0.389063 0.390822 0.397608 0.396251 0.394743 0.396502 0.382829 0.388057
0.389063 0.390822 0.397608 0.396251 0.394743 0.396502 0.382829 0.388057 0.394089 0.401730
0.397608 0.396251 0.394743 0.396502 0.382829 0.388057 0.394089 0.401730 0.403289 0.399368
0.394743 0.396502 0.382829 0.388057 0.394089 0.401730 0.403289 0.399368 0.405249 0.402836
0.382829 0.388057 0.394089 0.401730 0.403289 0.399368 0.405249 0.402836 0.404998 0.398161
0.394089 0.401730 0.403289 0.399368 0.405249 0.402836 0.404998 0.398161 0.396402 0.366693
0.403289 0.399368 0.405249 0.402836 0.404998 0.398161 0.396402 0.366693 0.365839 0.362722
0.405249 0.402836 0.404998 0.398161 0.396402 0.366693 0.365839 0.362722 0.374787 0.376496
0.404998 0.398161 0.396402 0.366693 0.365839 0.362722 0.374787 0.376496 0.377099 0.375943
0.396402 0.366693 0.365839 0.362722 0.374787 0.376496 0.377099 0.375943 0.369810 0.371217
0.365839 0.362722 0.374787 0.376496 0.377099 0.375943 0.369810 0.371217 0.374284 0.365487
0.374787 0.376496 0.377099 0.375943 0.369810 0.371217 0.374284 0.365487 0.363627 0.375440
0.377099 0.375943 0.369810 0.371217 0.374284 0.365487 0.363627 0.375440 0.361566 0.361767
0.369810 0.371217 0.374284 0.365487 0.363627 0.375440 0.361566 0.361767 0.356137 0.360561
0.374284 0.365487 0.363627 0.375440 0.361566 0.361767 0.356137 0.360561 0.365386 0.360711
0.363627 0.375440 0.361566 0.361767 0.356137 0.360561 0.365386 0.360711 0.353549 0.340793
0.361566 0.361767 0.356137 0.360561 0.365386 0.360711 0.353549 0.340793 0.334415 0.316648
0.356137 0.360561 0.365386 0.360711 0.353549 0.340793 0.334415 0.316648 0.311890 0.337604
0.365386 0.360711 0.353549 0.340793 0.334415 0.316648 0.311890 0.337604 0.343577 0.345146
0.353549 0.340793 0.334415 0.316648 0.311890 0.337604 0.343577 0.345146 0.334668 0.316243
0.334415 0.316648 0.311890 0.337604 0.343577 0.345146 0.334668 0.316243 0.330113 0.332644
0.311890 0.337604 0.343577 0.345146 0.334668 0.316243 0.330113 0.332644 0.323026 0.341198
0.343577 0.345146 0.334668 0.316243 0.330113 0.332644 0.323026 0.341198 0.328189 0.327784
0.334668 0.316243 0.330113 0.332644 0.323026 0.341198 0.328189 0.327784 0.330214 0.327936
0.330113 0.332644 0.323026 0.341198 0.328189 0.327784 0.330214 0.327936 0.342059 0.345096
0.323026 0.341198 0.328189 0.327784 0.330214 0.327936 0.342059 0.345096 0.338769 0.321913
0.328189 0.327784 0.330214 0.327936 0.342059 0.345096 0.338769 0.321913 0.324039 0.313814
0.330214 0.327936 0.342059 0.345096 0.338769 0.321913 0.324039 0.313814 0.311992 0.311587
0.342059 0.345096 0.338769 0.321913 0.324039 0.313814 0.311992 0.311587 0.321609 0.315636
0.338769 0.321913 0.324039 0.313814 0.311992 0.311587 0.321609 0.315636 0.331682 0.332796
0.324039 0.313814 0.311992 0.311587 0.321609 0.315636 0.331682 0.332796 0.327886 0.340034
0.311992 0.311587 0.321609 0.315636 0.331682 0.332796 0.327886 0.340034 0.355827 0.353144
0.321609 0.315636 0.331682 0.332796 0.327886 0.340034 0.355827 0.353144 0.362002 0.371822
0.331682 0.332796 0.327886 0.340034 0.355827 0.353144 0.362002 0.371822 0.373948 0.374758
0.327886 0.340034 0.355827 0.353144 0.362002 0.371822 0.373948 0.374758 0.369949 0.365950
0.355827 0.353144 0.362002 0.371822 0.373948 0.374758 0.369949 0.365950 0.370354 0.367874
0.362002 0.371822 0.373948 0.374758 0.369949 0.365950 0.370354 0.367874 0.364331 0.369949
0.373948 0.374758 0.369949 0.365950 0.370354 0.367874 0.364331 0.369949 0.373543 0.404825
0.369949 0.365950 0.370354 0.367874 0.364331 0.369949 0.373543 0.404825 0.403762 0.407558
0.370354 0.367874 0.364331 0.369949 0.373543 0.404825 0.403762 0.407558 0.408520 0.415354
0.364331 0.369949 0.373543 0.404825 0.403762 0.407558 0.408520 0.415354 0.412975 0.410950
0.373543 0.404825 0.403762 0.407558 0.408520 0.415354 0.412975 0.410950 0.424667 0.418745
0.403762 0.407558 0.408520 0.415354 0.412975 0.410950 0.424667 0.418745 0.419555 0.419960
0.408520 0.415354 0.412975 0.410950 0.424667 0.418745 0.419555 0.419960 0.421326 0.412266
0.412975 0.410950 0.424667 0.418745 0.419555 0.419960 0.421326 0.412266 0.412874 0.420264
0.424667 0.418745 0.419555 0.419960 0.421326 0.412266 0.412874 0.420264 0.406344 0.403054
0.419555 0.419960 0.421326 0.412266 0.412874 0.420264 0.406344 0.403054 0.416012 0.410039
0.421326 0.412266 0.412874 0.420264 0.406344 0.403054 0.416012 0.410039 0.417095 0.422140
0.412874 0.420264 0.406344 0.403054 0.416012 0.410039 0.417095 0.422140 0.425044 0.423515
0.406344 0.403054 0.416012 0.410039 0.417095 0.422140 0.425044 0.423515 0.418930 0.418318
0.416012 0.410039 0.417095 0.422140 0.425044 0.423515 0.418930 0.418318 0.420153 0.412969
0.417095 0.422140 0.425044 0.423515 0.418930 0.418318 0.420153 0.412969 0.414599 0.408485
0.425044 0.423515 0.418930 0.418318 0.420153 0.412969 0.414599 0.408485 0.401759 0.421324
0.418930 0.418318 0.420153 0.412969 0.414599 0.408485 0.401759 0.421324 0.418930 0.414038
0.420153 0.412969 0.414599 0.408485 0.401759 0.421324 0.418930 0.414038 0.410268 0.417758
0.414599 0.408485 0.401759 0.421324 0.418930 0.414038 0.410268 0.417758 0.404052 0.418318
0.401759 0.421324 0.418930 0.414038 0.410268 0.417758 0.404052 0.418318 0.369915 0.379188
0.418930 0.414038 0.410268 0.417758 0.404052 0.418318 0.369915 0.379188 0.373584 0.363750
0.410268 0.417758 0.404052 0.418318 0.369915 0.379188 0.373584 0.363750 0.366603 0.374195
0.404052 0.418318 0.369915 0.379188 0.373584 0.363750 0.366603 0.374195 0.385353 0.385506
0.369915 0.379188 0.373584 0.363750 0.366603 0.374195 0.385353 0.385506 0.385659 0.394167
0.373584 0.363750 0.366603 0.374195 0.385353 0.385506 0.385659 0.394167 0.389175 0.382704
0.366603 0.374195 0.385353 0.385506 0.385659 0.394167 0.389175 0.382704 0.363241 0.366501
0.385353 0.385506 0.385659 0.394167 0.389175 0.382704 0.363241 0.366501 0.351369 0.333434
0.385659 0.394167 0.389175 0.382704 0.363241 0.366501 0.351369 0.333434 0.330989 0.330836
0.389175 0.382704 0.363241 0.366501 0.351369 0.333434 0.330989 0.330836 0.332874 0.321970
0.363241 0.366501 0.351369 0.333434 0.330989 0.330836 0.332874 0.321970 0.334504 0.321818
0.351369 0.333434 0.330989 0.330836 0.332874 0.321970 0.334504 0.321818 0.320289 0.313003
0.330989 0.330836 0.332874 0.321970 0.334504 0.321818 0.320289 0.313003 0.317079 0.326047
0.332874 0.321970 0.334504 0.321818 0.320289 0.313003 0.317079 0.326047 0.316111 0.352847
0.334504 0.321818 0.320289 0.313003 0.317079 0.326047 0.316111 0.352847 0.356770 0.365788
0.320289 0.313003 0.317079 0.326047 0.316111 0.352847 0.356770 0.365788 0.384538 0.372972
0.317079 0.326047 0.316111 0.352847 0.356770 0.365788 0.384538 0.372972 0.368590 0.392283
0.316111 0.352847 0.356770 0.365788 0.384538 0.372972 0.368590 0.392283 0.396970 0.397123
0.356770 0.365788 0.384538 0.372972 0.368590 0.392283 0.396970 0.397123 0.399314 0.403594
0.384538 0.372972 0.368590 0.392283 0.396970 0.397123 0.399314 0.403594 0.397538 0.388403
0.368590 0.392283 0.396970 0.397123 0.399314 0.403594 0.397538 0.388403 0.405287 0.413344
0.396970 0.397123 0.399314 0.403594 0.397538 0.388403 0.405287 0.413344 0.418938 0.419759
0.399314 0.403594 0.397538 0.388403 0.405287 0.413344 0.418938 0.419759 0.418065 0.424480
0.397538 0.388403 0.405287 0.413344 0.418938 0.419759 0.418065 0.424480 0.416628 0.422017
0.405287 0.413344 0.418938 0.419759 0.418065 0.424480 0.416628 0.422017 0.431100 0.427406
0.418938 0.419759 0.418065 0.424480 0.416628 0.422017 0.431100 0.427406 0.420221 0.434179
0.418065 0.424480 0.416628 0.422017 0.431100 0.427406 0.420221 0.434179 0.433256 0.433102
0.416628 0.422017 0.431100 0.427406 0.420221 0.434179 0.433256 0.433102 0.436643 0.439209
0.431100 0.427406 0.420221 0.434179 0.433256 0.433102 0.436643 0.439209 0.437310 0.436746
0.420221 0.434179 0.433256 0.433102 0.436643 0.439209 0.437310 0.436746 0.435719 0.445932
0.433256 0.433102 0.436643 0.439209 0.437310 0.436746 0.435719 0.445932 0.445572 0.448652
0.436643 0.439209 0.437310 0.436746 0.435719 0.445932 0.445572 0.448652 0.451115 0.455528
0.437310 0.436746 0.435719 0.445932 0.445572 0.448652 0.451115 0.455528 0.463637 0.461122
0.435719 0.445932 0.445572 0.448652 0.451115 0.455528 0.463637 0.461122 0.461481 0.458197
0.445572 0.448652 0.451115 0.455528 0.463637 0.461122 0.461481 0.458197 0.459172 0.468512
0.451115 0.455528 0.463637 0.461122 0.461481 0.458197 0.459172 0.468512 0.458813 0.470924
0.463637 0.461122 0.461481 0.458197 0.459172 0.468512 0.458813 0.470924 0.470308 0.474927
0.461481 0.458197 0.459172 0.468512 0.458813 0.470924 0.470308 0.474927 0.469128 0.466100
0.459172 0.468512 0.458813 0.470924 0.470308 0.474927 0.469128 0.466100 0.471232 0.473028
0.458813 0.470924 0.470308 0.474927 0.469128 0.466100 0.471232 0.473028 0.470308 0.470103
0.470308 0.474927 0.469128 0.466100 0.471232 0.473028 0.470308 0.470103 0.477493 0.480367
0.469128 0.466100 0.471232 0.473028 0.470308 0.470103 0.477493 0.480367 0.478160 0.481342
0.471232 0.473028 0.470308 0.470103 0.477493 0.480367 0.478160 0.481342 0.485293 0.485806
0.470308 0.470103 0.477493 0.480367 0.478160 0.481342 0.485293 0.485806 0.482163 0.480726
0.477493 0.480367 0.478160 0.481342 0.485293 0.485806 0.482163 0.480726 0.480726 0.479289
0.478160 0.481342 0.485293 0.485806 0.482163 0.480726 0.480726 0.479289 0.467999 0.476107
0.485293 0.485806 0.482163 0.480726 0.480726 0.479289 0.467999 0.476107 0.472207 0.474157
0.482163 0.480726 0.480726 0.479289 0.467999 0.476107 0.472207 0.474157 0.479084 0.477185
0.480726 0.479289 0.467999 0.476107 0.472207 0.474157 0.479084 0.477185 0.473028 0.476158
0.467999 0.476107 0.472207 0.474157 0.479084 0.477185 0.473028 0.476158 0.481906 0.480007
0.472207 0.474157 0.479084 0.477185 0.473028 0.476158 0.481906 0.480007 0.488937 0.486422
0.479084 0.477185 0.473028 0.476158 0.481906 0.480007 0.488937 0.486422 0.488372 0.478981
0.473028 0.476158 0.481906 0.480007 0.488937 0.486422 0.488372 0.478981 0.485293 0.476364
0.481906 0.480007 0.488937 0.486422 0.488372 0.478981 0.485293 0.476364 0.476984 0.468150
0.488937 0.486422 0.488372 0.478981 0.485293 0.476364 0.476984 0.468150 0.467633 0.473316
0.488372 0.478981 0.485293 0.476364 0.476984 0.468150 0.467633 0.473316 0.486334 0.493360
0.485293 0.476364 0.476984 0.468150 0.467633 0.473316 0.486334 0.493360 0.487781 0.487677
0.476984 0.468150 0.467633 0.473316 0.486334 0.493360 0.487781 0.487677 0.484733 0.486644
0.467633 0.473316 0.486334 0.493360 0.487781 0.487677 0.484733 0.486644 0.483286 0.485043
0.486334 0.493360 0.487781 0.487677 0.484733 0.486644 0.483286 0.485043 0.493825 0.498113
0.487781 0.487677 0.484733 0.486644 0.483286 0.485043 0.493825 0.498113 0.500747 0.494083
0.484733 0.486644 0.483286 0.485043 0.493825 0.498113 0.500747 0.494083 0.485972 0.478585
0.483286 0.485043 0.493825 0.498113 0.500747 0.494083 0.485972 0.478585 0.481065 0.482046
0.493825 0.498113 0.500747 0.494083 0.485972 0.478585 0.481065 0.482046 0.493050 0.487936
0.500747 0.494083 0.485972 0.478585 0.481065 0.482046 0.493050 0.487936 0.499766 0.500489
0.485972 0.478585 0.481065 0.482046 0.493050 0.487936 0.499766 0.500489 0.499766 0.514644
0.481065 0.482046 0.493050 0.487936 0.499766 0.500489 0.499766 0.514644 0.488866 0.478895
0.493050 0.487936 0.499766 0.500489 0.499766 0.514644 0.488866 0.478895 0.491293 0.501264
0.499766 0.500489 0.499766 0.514644 0.488866 0.478895 0.491293 0.501264 0.519862 0.522031
0.499766 0.514644 0.488866 0.478895 0.491293 0.501264 0.519862 0.522031 0.522496 0.520069
0.488866 0.478895 0.491293 0.501264 0.519862 0.522031 0.522496 0.520069 0.518570 0.530194
0.491293 0.501264 0.519862 0.522031 0.522496 0.520069 0.518570 0.530194 0.534792 0.540733
0.519862 0.522031 0.522496 0.520069 0.518570 0.530194 0.534792 0.540733 0.540991 0.549722
0.522496 0.520069 0.518570 0.530194 0.534792 0.540733 0.540991 0.549722 0.552305 0.550806
0.518570 0.530194 0.534792 0.540733 0.540991 0.549722 0.552305 0.550806 0.551478 0.552408
0.534792 0.540733 0.540991 0.549722 0.552305 0.550806 0.551478 0.552408 0.546415 0.547345
0.540991 0.549722 0.552305 0.550806 0.551478 0.552408 0.546415 0.547345 0.543161 0.532984
0.552305 0.550806 0.551478 0.552408 0.546415 0.547345 0.543161 0.532984 0.536135 0.534637
0.551478 0.552408 0.546415 0.547345 0.543161 0.532984 0.536135 0.534637 0.536600 0.536238
0.546415 0.547345 0.543161 0.532984 0.536135 0.534637 0.536600 0.536238 0.536600 0.536703
0.543161 0.532984 0.536135 0.534637 0.536600 0.536238 0.536600 0.536703 0.533759 0.537685
0.536135 0.534637 0.536600 0.536238 0.536600 0.536703 0.533759 0.537685 0.537736 0.536755
0.536600 0.536238 0.536600 0.536703 0.533759 0.537685 0.537736 0.536755 0.538976 0.550238
0.536600 0.536703 0.533759 0.537685 0.537736 0.536755 0.538976 0.550238 0.546467 0.547965
0.533759 0.537685 0.537736 0.536755 0.538976 0.550238 0.546467 0.547965 0.541198 0.550191
0.537736 0.536755 0.538976 0.550238 0.546467 0.547965 0.541198 0.550191 0.546604 0.548839
0.538976 0.550238 0.546467 0.547965 0.541198 0.550191 0.546604 0.548839 0.546032 0.549671
0.546467 0.547965 0.541198 0.550191 0.546604 0.548839 0.546032 0.549671 0.547799 0.548683
0.541198 0.550191 0.546604 0.548839 0.546032 0.549671 0.547799 0.548683 0.547799 0.553465
0.546604 0.548839 0.546032 0.549671 0.547799 0.548683 0.547799 0.553465 0.551646 0.546916
0.546032 0.549671 0.547799 0.548683 0.547799 0.553465 0.551646 0.546916 0.550762 0.555077
0.547799 0.548683 0.547799 0.553465 0.551646 0.546916 0.550762 0.555077 0.553258 0.549567
0.547799 0.553465 0.551646 0.546916 0.550762 0.555077 0.553258 0.549567 0.551386 0.528202
0.551646 0.546916 0.550762 0.555077 0.553258 0.549567 0.551386 0.528202 0.540990 0.530437
0.550762 0.555077 0.553258 0.549567 0.551386 0.528202 0.540990 0.530437 0.528098 0.533140
0.553258 0.549567 0.551386 0.528202 0.540990 0.530437 0.528098 0.533140 0.525187 0.533816
0.551386 0.528202 0.540990 0.530437 0.528098 0.533140 0.525187 0.533816 0.538391 0.548735
0.540990 0.530437 0.528098 0.533140 0.525187 0.533816 0.538391 0.548735 0.550087 0.537299
0.528098 0.533140 0.525187 0.533816 0.538391 0.548735 0.550087 0.537299 0.529814 0.531633
0.525187 0.533816 0.538391 0.548735 0.550087 0.537299 0.529814 0.531633 0.538339 0.526798
0.538391 0.548735 0.550087 0.537299 0.529814 0.531633 0.538339 0.526798 0.531269 0.525083
0.550087 0.537299 0.529814 0.531633 0.538339 0.526798 0.531269 0.525083 0.507617 0.511308
0.529814 0.531633 0.538339 0.526798 0.531269 0.525083 0.507617 0.511308 0.507409 0.505798
0.538339 0.526798 0.531269 0.525083 0.507617 0.511308 0.507409 0.505798 0.504810 0.497221
0.531269 0.525083 0.507617 0.511308 0.507409 0.505798 0.504810 0.497221 0.497428 0.498988
0.507617 0.511308 0.507409 0.505798 0.504810 0.497221 0.497428 0.498988 0.500599 0.499976
0.507409 0.505798 0.504810 0.497221 0.497428 0.498988 0.500599 0.499976 0.498624 0.498416
0.504810 0.497221 0.497428 0.498988 0.500599 0.499976 0.498624 0.498416 0.498156 0.496285
0.497428 0.498988 0.500599 0.499976 0.498624 0.498416 0.498156 0.496285 0.505486 0.479287
0.500599 0.499976 0.498624 0.498416 0.498156 0.496285 0.505486 0.479287 0.480742 0.476843
0.498624 0.498416 0.498156 0.496285 0.505486 0.479287 0.480742 0.476843 0.476895 0.474452
0.498156 0.496285 0.505486 0.479287 0.480742 0.476843 0.476895 0.474452 0.468994 0.476687
0.505486 0.479287 0.480742 0.476843 0.476895 0.474452 0.468994 0.476687 0.482405 0.480586
0.480742 0.476843 0.476895 0.474452 0.468994 0.476687 0.482405 0.480586 0.497532 0.504238
0.476895 0.474452 0.468994 0.476687 0.482405 0.480586 0.497532 0.504238 0.500911 0.521132
0.468994 0.476687 0.482405 0.480586 0.497532 0.504238 0.500911 0.521132 0.525291 0.514011
0.482405 0.480586 0.497532 0.504238 0.500911 0.521132 0.525291 0.514011 0.520924 0.515065
0.497532 0.504238 0.500911 0.521132 0.525291 0.514011 0.520924 0.515065 0.519041 0.520035
0.500911 0.521132 0.525291 0.514011 0.520924 0.515065 0.519041 0.520035 0.512502 0.514542
0.525291 0.514011 0.520924 0.515065 0.519041 0.520035 0.512502 0.514542 0.516321 0.522808
0.520924 0.515065 0.519041 0.520035 0.512502 0.514542 0.516321 0.522808 0.517629 0.519041
0.519041 0.520035 0.512502 0.514542 0.516321 0.522808 0.517629 0.519041 0.513653 0.518309
0.512502 0.514542 0.516321 0.522808 0.517629 0.519041 0.513653 0.518309 0.517262 0.513025
0.516321 0.522808 0.517629 0.519041 0.513653 0.518309 0.517262 0.513025 0.513966 0.536201
0.517629 0.519041 0.513653 0.518309 0.517262 0.513025 0.513966 0.536201 0.535311 0.548966
0.513653 0.518309 0.517262 0.513025 0.513966 0.536201 0.535311 0.548966 0.554982 0.550745
0.517262 0.513025 0.513966 0.536201 0.535311 0.548966 0.554982 0.550745 0.539078 0.536044
0.513966 0.536201 0.535311 0.548966 0.554982 0.550745 0.539078 0.536044 0.543525 0.547239
0.535311 0.548966 0.554982 0.550745 0.539078 0.536044 0.543525 0.547239 0.549803 0.548652
0.554982 0.550745 0.539078 0.536044 0.543525 0.547239 0.549803 0.548652 0.552680 0.550326
0.539078 0.536044 0.543525 0.547239 0.549803 0.548652 0.552680 0.550326 0.551215 0.546821
0.543525 0.547239 0.549803 0.548652 0.552680 0.550326 0.551215 0.546821 0.548547 0.549384
0.549803 0.548652 0.552680 0.550326 0.551215 0.546821 0.548547 0.549384 0.546664 0.548076
0.552680 0.550326 0.551215 0.546821 0.548547 0.549384 0.546664 0.548076 0.544885 0.547606
0.551215 0.546821 0.548547 0.549384 0.546664 0.548076 0.544885 0.547606 0.542583 0.538973
0.548547 0.549384 0.546664 0.548076 0.544885 0.547606 0.542583 0.538973 0.545827 0.543473
0.546664 0.548076 0.544885 0.547606 0.542583 0.538973 0.545827 0.543473 0.543211 0.542531
0.544885 0.547606 0.542583 0.538973 0.545827 0.543473 0.543211 0.542531 0.548966 0.549960
0.542583 0.538973 0.545827 0.543473 0.543211 0.542531 0.548966 0.549960 0.548966 0.549070
0.545827 0.543473 0.543211 0.542531 0.548966 0.549960 0.548966 0.549070 0.535782 0.539758
0.543211 0.542531 0.548966 0.549960 0.548966 0.549070 0.535782 0.539758 0.540229 0.543682
0.548966 0.549960 0.548966 0.549070 0.535782 0.539758 0.540229 0.543682 0.532905 0.529766
0.548966 0.549070 0.535782 0.539758 0.540229 0.543682 0.532905 0.529766 0.531597 0.526418
0.535782 0.539758 0.540229 0.543682 0.532905 0.529766 0.531597 0.526418 0.530917 0.531231
0.540229 0.543682 0.532905 0.529766 0.531597 0.526418 0.530917 0.531231 0.534684 0.541537
0.532905 0.529766 0.531597 0.526418 0.530917 0.531231 0.534684 0.541537 0.547344 0.551634
0.531597 0.526418 0.530917 0.531231 0.534684 0.541537 0.547344 0.551634 0.562202 0.565236
0.530917 0.531231 0.534684 0.541537 0.547344 0.551634 0.562202 0.565236 0.571950 0.580954
0.534684 0.541537 0.547344 0.551634 0.562202 0.565236 0.571950 0.580954 0.578532 0.580743
0.547344 0.551634 0.562202 0.565236 0.571950 0.580954 0.578532 0.580743 0.594802 0.600858
0.562202 0.565236 0.571950 0.580954 0.578532 0.580743 0.594802 0.600858 0.602016 0.599384
0.571950 0.580954 0.578532 0.580743 0.594802 0.600858 0.602016 0.599384 0.596435 0.614917
0.578532 0.580743 0.594802 0.600858 0.602016 0.599384 0.596435 0.614917 0.615075 0.612021
0.594802 0.600858 0.602016 0.599384 0.596435 0.614917 0.615075 0.612021 0.609862 0.610863
0.602016 0.599384 0.596435 0.614917 0.615075 0.612021 0.609862 0.610863 0.613074 0.615128
0.596435 0.614917 0.615075 0.612021 0.609862 0.610863 0.613074 0.615128 0.622026 0.623658
0.615075 0.612021 0.609862 0.610863 0.613074 0.615128 0.622026 0.623658 0.617392 0.621973
0.609862 0.610863 0.613074 0.615128 0.622026 0.623658 0.617392 0.621973 0.617287 0.628081
0.613074 0.615128 0.622026 0.623658 0.617392 0.621973 0.617287 0.628081 0.631504 0.626870
0.622026 0.623658 0.617392 0.621973 0.617287 0.628081 0.631504 0.626870 0.627344 0.626923
0.617392 0.621973 0.617287 0.628081 0.631504 0.626870 0.627344 0.626923 0.623605 0.617919
0.617287 0.628081 0.631504 0.626870 0.627344 0.626923 0.623605 0.617919 0.620867 0.619235
0.631504 0.626870 0.627344 0.626923 0.623605 0.617919 0.620867 0.619235 0.622394 0.622658
0.627344 0.626923 0.623605 0.617919 0.620867 0.619235 0.622394 0.622658 0.619446 0.616655
0.623605 0.617919 0.620867 0.619235 0.622394 0.622658 0.619446 0.616655 0.616918 0.615075
0.620867 0.619235 0.622394 0.622658 0.619446 0.616655 0.616918 0.615075 0.615602 0.614127
0.622394 0.622658 0.619446 0.616655 0.616918 0.615075 0.615602 0.614127 0.616023 0.614075
0.619446 0.616655 0.616918 0.615075 0.615602 0.614127 0.616023 0.614075 0.608546 0.617550
0.616918 0.615075 0.615602 0.614127 0.616023 0.614075 0.608546 0.617550 0.616813 0.614759
0.615602 0.614127 0.616023 0.614075 0.608546 0.617550 0.616813 0.614759 0.621763 0.623553
0.616023 0.614075 0.608546 0.617550 0.616813 0.614759 0.621763 0.623553 0.637928 0.642667
0.608546 0.617550 0.616813 0.614759 0.621763 0.623553 0.637928 0.642667 0.641983 0.647828
0.616813 0.614759 0.621763 0.623553 0.637928 0.642667 0.641983 0.647828 0.646353 0.640982
0.621763 0.623553 0.637928 0.642667 0.641983 0.647828 0.646353 0.640982 0.650039 0.655831
0.637928 0.642667 0.641983 0.647828 0.646353 0.640982 0.650039 0.655831 0.665731 0.665151
0.641983 0.647828 0.646353 0.640982 0.650039 0.655831 0.665731 0.665151 0.661202 0.657569
0.646353 0.640982 0.650039 0.655831 0.665731 0.665151 0.661202 0.657569 0.650618 0.651197
0.650039 0.655831 0.665731 0.665151 0.661202 0.657569 0.650618 0.651197 0.650250 0.655831
0.665731 0.665151 0.661202 0.657569 0.650618 0.651197 0.650250 0.655831 0.657306 0.647268
0.661202 0.657569 0.650618 0.651197 0.650250 0.655831 0.657306 0.647268 0.649386 0.652353
0.650618 0.651197 0.650250 0.655831 0.657306 0.647268 0.649386 0.652353 0.666708 0.662576
0.650250 0.655831 0.657306 0.647268 0.649386 0.652353 0.666708 0.662576 0.661305 0.672164
0.657306 0.647268 0.649386 0.652353 0.666708 0.662576 0.661305 0.672164 0.678150 0.687526
0.649386 0.652353 0.666708 0.662576 0.661305 0.672164 0.678150 0.687526 0.698279 0.697643
0.666708 0.662576 0.661305 0.672164 0.678150 0.687526 0.698279 0.697643 0.710091 0.707549
0.661305 0.672164 0.678150 0.687526 0.698279 0.697643 0.710091 0.707549 0.703258 0.701139
0.678150 0.687526 0.698279 0.697643 0.710091 0.707549 0.703258 0.701139 0.706065 0.711309
0.698279 0.697643 0.710091 0.707549 0.703258 0.701139 0.706065 0.711309 0.713746 0.722857
0.710091 0.707549 0.703258 0.701139 0.706065 0.711309 0.713746 0.722857 0.727625 0.734405
0.703258 0.701139 0.706065 0.711309 0.713746 0.722857 0.727625 0.734405 0.744734 0.745370
0.706065 0.711309 0.713746 0.722857 0.727625 0.734405 0.744734 0.745370 0.745370 0.742721
0.713746 0.722857 0.727625 0.734405 0.744734 0.745370 0.745370 0.742721 0.739331 0.742933
0.727625 0.734405 0.744734 0.745370 0.745370 0.742721 0.739331 0.742933 0.741397 0.726406
0.744734 0.745370 0.745370 0.742721 0.739331 0.742933 0.741397 0.726406 0.730856 0.716183
0.745370 0.742721 0.739331 0.742933 0.741397 0.726406 0.730856 0.716183 0.717984 0.726671
0.739331 0.742933 0.741397 0.726406 0.730856 0.716183 0.717984 0.726671 0.726300 0.717083
0.741397 0.726406 0.730856 0.716183 0.717984 0.726671 0.726300 0.717083 0.725400 0.730167
0.730856 0.716183 0.717984 0.726671 0.726300 0.717083 0.725400 0.730167 0.725771 0.734458
0.717984 0.726671 0.726300 0.717083 0.725400 0.730167 0.725771 0.734458 0.733345 0.736947
0.726300 0.717083 0.725400 0.730167 0.725771 0.734458 0.733345 0.736947 0.736471 0.734511
0.725400 0.730167 0.725771 0.734458 0.733345 0.736947 0.736471 0.734511 0.738696 0.740549
0.725771 0.734458 0.733345 0.736947 0.736471 0.734511 0.738696 0.740549 0.733716 0.727572
0.733345 0.736947 0.736471 0.734511 0.738696 0.740549 0.733716 0.727572 0.671369 0.669463
0.736471 0.734511 0.738696 0.740549 0.733716 0.727572 0.671369 0.669463 0.674866 0.673117
0.738696 0.740549 0.733716 0.727572 0.671369 0.669463 0.674866 0.673117 0.680798 0.691445
0.733716 0.727572 0.671369 0.669463 0.674866 0.673117 0.680798 0.691445 0.703258 0.714964
0.671369 0.669463 0.674866 0.673117 0.680798 0.691445 0.703258 0.714964 0.715123 0.714011
0.674866 0.673117 0.680798 0.691445 0.703258 0.714964 0.715123 0.714011 0.708661 0.708926
0.680798 0.691445 0.703258 0.714964 0.715123 0.714011 0.708661 0.708926 0.707602 0.706277
0.703258 0.714964 0.715123 0.714011 0.708661 0.708926 0.707602 0.706277 0.713640 0.712634
0.715123 0.714011 0.708661 0.708926 0.707602 0.706277 0.713640 0.712634 0.716554 0.702940
0.708661 0.708926 0.707602 0.706277 0.713640 0.712634 0.716554 0.702940 0.693299 0.698702
0.707602 0.706277 0.713640 0.712634 0.716554 0.702940 0.693299 0.698702 0.703523 0.694919
0.713640 0.712634 0.716554 0.702940 0.693299 0.698702 0.703523 0.694919 0.691989 0.692042
0.716554 0.702940 0.693299 0.698702 0.703523 0.694919 0.691989 0.692042 0.693800 0.696251
0.693299 0.698702 0.703523 0.694919 0.691989 0.692042 0.693800 0.696251 0.700353 0.703709
0.703523 0.694919 0.691989 0.692042 0.693800 0.696251 0.700353 0.703709 0.699660 0.685915
0.691989 0.692042 0.693800 0.696251 0.700353 0.703709 0.699660 0.685915 0.691616 0.704455
0.693800 0.696251 0.700353 0.703709 0.699660 0.685915 0.691616 0.704455 0.711008 0.731626
0.700353 0.703709 0.699660 0.685915 0.691616 0.704455 0.711008 0.731626 0.732052 0.731253
0.699660 0.685915 0.691616 0.704455 0.711008 0.731626 0.732052 0.731253 0.741588 0.751817
0.691616 0.704455 0.711008 0.731626 0.732052 0.731253 0.741588 0.751817 0.754001 0.752936
0.711008 0.731626 0.732052 0.731253 0.741588 0.751817 0.754001 0.752936 0.736687 0.736314
0.732052 0.731253 0.741588 0.751817 0.754001 0.752936 0.736687 0.736314 0.738019 0.737859
0.741588 0.751817 0.754001 0.752936 0.736687 0.736314 0.738019 0.737859 0.739457 0.731199
0.754001 0.752936 0.736687 0.736314 0.738019 0.737859 0.739457 0.731199 0.731572 0.733437
0.736687 0.736314 0.738019 0.737859 0.739457 0.731199 0.731572 0.733437 0.748674 0.758317
0.738019 0.737859 0.739457 0.731199 0.731572 0.733437 0.748674 0.758317 0.768706 0.767906
0.739457 0.731199 0.731572 0.733437 0.748674 0.758317 0.768706 0.767906 0.768706 0.769558
0.731572 0.733437 0.748674 0.758317 0.768706 0.767906 0.768706 0.769558 0.769931 0.768652
0.748674 0.758317 0.768706 0.767906 0.768706 0.769558 0.769931 0.768652 0.774406 0.775098
0.768706 0.767906 0.768706 0.769558 0.769931 0.768652 0.774406 0.775098 0.780426 0.775258
0.768706 0.769558 0.769931 0.768652 0.774406 0.775098 0.780426 0.775258 0.778029 0.783196
0.769931 0.768652 0.774406 0.775098 0.780426 0.775258 0.778029 0.783196 0.794278 0.795503
0.774406 0.775098 0.780426 0.775258 0.778029 0.783196 0.794278 0.795503 0.865294 0.881437
0.780426 0.775258 0.778029 0.783196 0.794278 0.795503 0.865294 0.881437 0.856184 0.865774
0.778029 0.783196 0.794278 0.795503 0.865294 0.881437 0.856184 0.865774 0.845955 0.841533
0.794278 0.795503 0.865294 0.881437 0.856184 0.865774 0.845955 0.841533 0.841480 0.852401
0.865294 0.881437 0.856184 0.865774 0.845955 0.841533 0.841480 0.852401 0.852348 0.842173
0.856184 0.865774 0.845955 0.841533 0.841480 0.852401 0.852348 0.842173 0.840787 0.839615
0.845955 0.841533 0.841480 0.852401 0.852348 0.842173 0.840787 0.839615 0.831943 0.826936
0.841480 0.852401 0.852348 0.842173 0.840787 0.839615 0.831943 0.826936 0.831038 0.836951
0.852348 0.842173 0.840787 0.839615 0.831943 0.826936 0.831038 0.836951 0.826669 0.837431
0.840787 0.839615 0.831943 0.826936 0.831038 0.836951 0.826669 0.837431 0.837111 0.848459
0.831943 0.826936 0.831038 0.836951 0.826669 0.837431 0.837111 0.848459 0.862311 0.855163
0.831038 0.836951 0.826669 0.837431 0.837111 0.848459 0.862311 0.855163 0.854092 0.868120
0.826669 0.837431 0.837111 0.848459 0.862311 0.855163 0.854092 0.868120 0.876848 0.889592
0.837111 0.848459 0.862311 0.855163 0.854092 0.868120 0.876848 0.889592 0.917060 0.906404
0.862311 0.855163 0.854092 0.868120 0.876848 0.889592 0.917060 0.906404 0.896285 0.890930
0.854092 0.868120 0.876848 0.889592 0.917060 0.906404 0.896285 0.890930 0.893125 0.901853
0.876848 0.889592 0.917060 0.906404 0.896285 0.890930 0.893125 0.901853 0.890234 0.896499
0.917060 0.906404 0.896285 0.890930 0.893125 0.901853 0.890234 0.896499 0.881935 0.895481
0.896285 0.890930 0.893125 0.901853 0.890234 0.896499 0.881935 0.895481 0.889966 0.889538
0.893125 0.901853 0.890234 0.896499 0.881935 0.895481 0.889966 0.889538 0.891787 0.891626
0.890234 0.896499 0.881935 0.895481 0.889966 0.889538 0.891787 0.891626 0.883755 0.872297
0.881935 0.895481 0.889966 0.889538 0.891787 0.891626 0.883755 0.872297 0.872029 0.875884
0.889966 0.889538 0.891787 0.891626 0.883755 0.872297 0.872029 0.875884 0.879900 0.877330
0.891787 0.891626 0.883755 0.872297 0.872029 0.875884 0.879900 0.877330 0.875456 0.876902
0.883755 0.872297 0.872029 0.875884 0.879900 0.877330 0.875456 0.876902 0.876848 0.893340
0.872029 0.875884 0.879900 0.877330 0.875456 0.876902 0.876848 0.893340 0.903299 0.899122
0.879900 0.877330 0.875456 0.876902 0.876848 0.893340 0.903299 0.899122 0.907100 0.906351
0.875456 0.876902 0.876848 0.893340 0.903299 0.899122 0.907100 0.906351 0.912616 0.924181
0.876848 0.893340 0.903299 0.899122 0.907100 0.906351 0.912616 0.924181 0.925627 0.943671
0.903299 0.899122 0.907100 0.906351 0.912616 0.924181 0.925627 0.943671 0.931892 0.944046
0.907100 0.906351 0.912616 0.924181 0.925627 0.943671 0.931892 0.944046 0.939334 0.934033
0.912616 0.924181 0.925627 0.943671 0.931892 0.944046 0.939334 0.934033 0.941422 0.966428
0.925627 0.943671 0.931892 0.944046 0.939334 0.934033 0.941422 0.966428 1.000000 0.985971
0.931892 0.944046 0.939334 0.934033 0.941422 0.966428 1.000000 0.985971 0.962037 0.956468
0.939334 0.934033 0.941422 0.966428 1.000000 0.985971 0.962037 0.956468 0.942761 0.927929
0.941422 0.966428 1.000000 0.985971 0.962037 0.956468 0.942761 0.927929 0.854413 0.866139
1.000000 0.985971 0.962037 0.956468 0.942761 0.927929 0.854413 0.866139 0.863783 0.808632
0.962037 0.956468 0.942761 0.927929 0.854413 0.866139 0.863783 0.808632 0.821055 0.842366
0.942761 0.927929 0.854413 0.866139 0.863783 0.808632 0.821055 0.842366 0.853984 0.857411
0.854413 0.866139 0.863783 0.808632 0.821055 0.842366 0.853984 0.857411 0.880194 0.889889
0.863783 0.808632 0.821055 0.842366 0.853984 0.857411 0.880194 0.889889 0.881271 0.865706
0.821055 0.842366 0.853984 0.857411 0.880194 0.889889 0.881271 0.865706 0.886280 0.891774
0.853984 0.857411 0.880194 0.889889 0.881271 0.865706 0.886280 0.891774 0.930122 0.912025
0.880194 0.889889 0.881271 0.865706 0.886280 0.891774 0.930122 0.912025 0.883641 0.861182
0.881271 0.865706 0.886280 0.891774 0.930122 0.912025 0.883641 0.861182 0.855957 0.869099
0.886280 0.891774 0.930122 0.912025 0.883641 0.861182 0.855957 0.869099 0.873677 0.883964
0.930122 0.912025 0.883641 0.861182 0.855957 0.869099 0.873677 0.883964 0.888112 0.915096
0.883641 0.861182 0.855957 0.869099 0.873677 0.883964 0.888112 0.915096 0.906747 0.894736
0.855957 0.869099 0.873677 0.883964 0.888112 0.915096 0.906747 0.894736 0.877070 0.885580
0.873677 0.883964 0.888112 0.915096 0.906747 0.894736 0.877070 0.885580 0.892851 0.862366
0.888112 0.915096 0.906747 0.894736 0.877070 0.885580 0.892851 0.862366 0.867160 0.876262
0.906747 0.894736 0.877070 0.885580 0.892851 0.862366 0.867160 0.876262 0.817178 0.775113
0.877070 0.885580 0.892851 0.862366 0.867160 0.876262 0.817178 0.775113 0.801397 0.777860
0.892851 0.862366 0.867160 0.876262 0.817178 0.775113 0.801397 0.777860 0.781468 0.797519
0.867160 0.876262 0.817178 0.775113 0.801397 0.777860 0.781468 0.797519 0.760355 0.780338
0.817178 0.775113 0.801397 0.777860 0.781468 0.797519 0.760355 0.780338 0.786962 0.792941
0.801397 0.777860 0.781468 0.797519 0.760355 0.780338 0.786962 0.792941 0.758363 0.761379
0.781468 0.797519 0.760355 0.780338 0.786962 0.792941 0.758363 0.761379 0.783838 0.769566
0.760355 0.780338 0.786962 0.792941 0.758363 0.761379 0.783838 0.769566 0.780822 0.775975
0.786962 0.792941 0.758363 0.761379 0.783838 0.769566 0.780822 0.775975 0.787716 0.800589
0.758363 0.761379 0.783838 0.769566 0.780822 0.775975 0.787716 0.800589 0.797519 0.793910
0.783838 0.769566 0.780822 0.775975 0.787716 0.800589 0.797519 0.793910 0.787986 0.777914
0.780822 0.775975 0.787716 0.800589 0.797519 0.793910 0.787986 0.777914 0.698470 0.686136
0.787716 0.800589 0.797519 0.793910 0.787986 0.777914 0.698470 0.686136 0.676711 0.671486
0.797519 0.793910 0.787986 0.777914 0.698470 0.686136 0.676711 0.671486 0.662169 0.665562
0.787986 0.777914 0.698470 0.686136 0.676711 0.671486 0.662169 0.665562 0.662761 0.669117
0.698470 0.686136 0.676711 0.671486 0.662169 0.665562 0.662761 0.669117 0.688937 0.693784
0.676711 0.671486 0.662169 0.665562 0.662761 0.669117 0.688937 0.693784 0.701756 0.710804
0.662169 0.665562 0.662761 0.669117 0.688937 0.693784 0.701756 0.710804 0.719476 0.720176
0.662761 0.669117 0.688937 0.693784 0.701756 0.710804 0.719476 0.720176 0.723407 0.705364
0.688937 0.693784 0.701756 0.710804 0.719476 0.720176 0.723407 0.705364 0.693515 0.701704
0.701756 0.710804 0.719476 0.720176 0.723407 0.705364 0.693515 0.701704 0.694112 0.709296
0.719476 0.720176 0.723407 0.705364 0.693515 0.701704 0.694112 0.709296 0.694166 0.692539
0.723407 0.705364 0.693515 0.701704 0.694112 0.709296 0.694166 0.692539 0.696552 0.694491
0.693515 0.701704 0.694112 0.709296 0.694166 0.692539 0.696552 0.694491 0.676650 0.692593
0.694112 0.709296 0.694166 0.692539 0.696552 0.694491 0.676650 0.692593 0.684730 0.697528
0.694166 0.692539 0.696552 0.694491 0.676650 0.692593 0.684730 0.697528 0.705500 0.706259
