
0.265764 0.278217 0.278217 0.267756 0.251317 0.209972 0.224418 0.172113 0.174106 0.031638
0.278217 0.278217 0.267756 0.251317 0.209972 0.224418 0.172113 0.174106 0.031638 0.042099
0.278217 0.267756 0.251317 0.209972 0.224418 0.172113 0.174106 0.031638 0.042099 0.047080
0.267756 0.251317 0.209972 0.224418 0.172113 0.174106 0.031638 0.042099 0.047080 0.050567
0.251317 0.209972 0.224418 0.172113 0.174106 0.031638 0.042099 0.047080 0.050567 0.130269
0.209972 0.224418 0.172113 0.174106 0.031638 0.042099 0.047080 0.050567 0.130269 0.134753
0.224418 0.172113 0.174106 0.031638 0.042099 0.047080 0.050567 0.130269 0.134753 0.144715
0.172113 0.174106 0.031638 0.042099 0.047080 0.050567 0.130269 0.134753 0.144715 0.159660
0.174106 0.031638 0.042099 0.047080 0.050567 0.130269 0.134753 0.144715 0.159660 0.180180
0.031638 0.042099 0.047080 0.050567 0.130269 0.134753 0.144715 0.159660 0.180180 0.134635
0.042099 0.047080 0.050567 0.130269 0.134753 0.144715 0.159660 0.180180 0.134635 0.158659
0.047080 0.050567 0.130269 0.134753 0.144715 0.159660 0.180180 0.134635 0.158659 0.168168
0.050567 0.130269 0.134753 0.144715 0.159660 0.180180 0.134635 0.158659 0.168168 0.156657
0.130269 0.134753 0.144715 0.159660 0.180180 0.134635 0.158659 0.168168 0.156657 0.171672
0.134753 0.144715 0.159660 0.180180 0.134635 0.158659 0.168168 0.156657 0.171672 0.096597
0.144715 0.159660 0.180180 0.134635 0.158659 0.168168 0.156657 0.171672 0.096597 0.161662
0.159660 0.180180 0.134635 0.158659 0.168168 0.156657 0.171672 0.096597 0.161662 0.174675
0.180180 0.134635 0.158659 0.168168 0.156657 0.171672 0.096597 0.161662 0.174675 0.167668
0.134635 0.158659 0.168168 0.156657 0.171672 0.096597 0.161662 0.174675 0.167668 0.162663
0.158659 0.168168 0.156657 0.171672 0.096597 0.161662 0.174675 0.167668 0.162663 0.173173
0.168168 0.156657 0.171672 0.096597 0.161662 0.174675 0.167668 0.162663 0.173173 0.156657
0.156657 0.171672 0.096597 0.161662 0.174675 0.167668 0.162663 0.173173 0.156657 0.121622
0.171672 0.096597 0.161662 0.174675 0.167668 0.162663 0.173173 0.156657 0.121622 0.128128
0.096597 0.161662 0.174675 0.167668 0.162663 0.173173 0.156657 0.121622 0.128128 0.098599
0.161662 0.174675 0.167668 0.162663 0.173173 0.156657 0.121622 0.128128 0.098599 0.101101
0.174675 0.167668 0.162663 0.173173 0.156657 0.121622 0.128128 0.098599 0.101101 0.135135
0.167668 0.162663 0.173173 0.156657 0.121622 0.128128 0.098599 0.101101 0.135135 0.119620
0.162663 0.173173 0.156657 0.121622 0.128128 0.098599 0.101101 0.135135 0.119620 0.111612
0.173173 0.156657 0.121622 0.128128 0.098599 0.101101 0.135135 0.119620 0.111612 0.102603
0.156657 0.121622 0.128128 0.098599 0.101101 0.135135 0.119620 0.111612 0.102603 0.093594
0.121622 0.128128 0.098599 0.101101 0.135135 0.119620 0.111612 0.102603 0.093594 0.088088
0.128128 0.098599 0.101101 0.135135 0.119620 0.111612 0.102603 0.093594 0.088088 0.105105
0.098599 0.101101 0.135135 0.119620 0.111612 0.102603 0.093594 0.088088 0.105105 0.128128
0.101101 0.135135 0.119620 0.111612 0.102603 0.093594 0.088088 0.105105 0.128128 0.148148
0.135135 0.119620 0.111612 0.102603 0.093594 0.088088 0.105105 0.128128 0.148148 0.142643
0.119620 0.111612 0.102603 0.093594 0.088088 0.105105 0.128128 0.148148 0.142643 0.134134
0.111612 0.102603 0.093594 0.088088 0.105105 0.128128 0.148148 0.142643 0.134134 0.149149
0.102603 0.093594 0.088088 0.105105 0.128128 0.148148 0.142643 0.134134 0.149149 0.144645
0.093594 0.088088 0.105105 0.128128 0.148148 0.142643 0.134134 0.149149 0.144645 0.126627
0.088088 0.105105 0.128128 0.148148 0.142643 0.134134 0.149149 0.144645 0.126627 0.156657
0.105105 0.128128 0.148148 0.142643 0.134134 0.149149 0.144645 0.126627 0.156657 0.152152
0.128128 0.148148 0.142643 0.134134 0.149149 0.144645 0.126627 0.156657 0.152152 0.157157
0.148148 0.142643 0.134134 0.149149 0.144645 0.126627 0.156657 0.152152 0.157157 0.182683
0.142643 0.134134 0.149149 0.144645 0.126627 0.156657 0.152152 0.157157 0.182683 0.185686
0.134134 0.149149 0.144645 0.126627 0.156657 0.152152 0.157157 0.182683 0.185686 0.146647
0.149149 0.144645 0.126627 0.156657 0.152152 0.157157 0.182683 0.185686 0.146647 0.148649
0.144645 0.126627 0.156657 0.152152 0.157157 0.182683 0.185686 0.146647 0.148649 0.160160
0.126627 0.156657 0.152152 0.157157 0.182683 0.185686 0.146647 0.148649 0.160160 0.150150
0.156657 0.152152 0.157157 0.182683 0.185686 0.146647 0.148649 0.160160 0.150150 0.157658
0.152152 0.157157 0.182683 0.185686 0.146647 0.148649 0.160160 0.150150 0.157658 0.194194
0.157157 0.182683 0.185686 0.146647 0.148649 0.160160 0.150150 0.157658 0.194194 0.203203
0.182683 0.185686 0.146647 0.148649 0.160160 0.150150 0.157658 0.194194 0.203203 0.185185
0.185686 0.146647 0.148649 0.160160 0.150150 0.157658 0.194194 0.203203 0.185185 0.154154
0.146647 0.148649 0.160160 0.150150 0.157658 0.194194 0.203203 0.185185 0.154154 0.158158
0.148649 0.160160 0.150150 0.157658 0.194194 0.203203 0.185185 0.154154 0.158158 0.115115
0.160160 0.150150 0.157658 0.194194 0.203203 0.185185 0.154154 0.158158 0.115115 0.128128
0.150150 0.157658 0.194194 0.203203 0.185185 0.154154 0.158158 0.115115 0.128128 0.143644
0.157658 0.194194 0.203203 0.185185 0.154154 0.158158 0.115115 0.128128 0.143644 0.144645
0.194194 0.203203 0.185185 0.154154 0.158158 0.115115 0.128128 0.143644 0.144645 0.163664
0.203203 0.185185 0.154154 0.158158 0.115115 0.128128 0.143644 0.144645 0.163664 0.167167
0.185185 0.154154 0.158158 0.115115 0.128128 0.143644 0.144645 0.163664 0.167167 0.163163
0.154154 0.158158 0.115115 0.128128 0.143644 0.144645 0.163664 0.167167 0.163163 0.164665
0.158158 0.115115 0.128128 0.143644 0.144645 0.163664 0.167167 0.163163 0.164665 0.140140
0.115115 0.128128 0.143644 0.144645 0.163664 0.167167 0.163163 0.164665 0.140140 0.118619
0.128128 0.143644 0.144645 0.163664 0.167167 0.163163 0.164665 0.140140 0.118619 0.114114
0.143644 0.144645 0.163664 0.167167 0.163163 0.164665 0.140140 0.118619 0.114114 0.072072
0.144645 0.163664 0.167167 0.163163 0.164665 0.140140 0.118619 0.114114 0.072072 0.064064
0.163664 0.167167 0.163163 0.164665 0.140140 0.118619 0.114114 0.072072 0.064064 0.073574
0.167167 0.163163 0.164665 0.140140 0.118619 0.114114 0.072072 0.064064 0.073574 0.044545
0.163163 0.164665 0.140140 0.118619 0.114114 0.072072 0.064064 0.073574 0.044545 0.064064
0.164665 0.140140 0.118619 0.114114 0.072072 0.064064 0.073574 0.044545 0.064064 0.058058
0.140140 0.118619 0.114114 0.072072 0.064064 0.073574 0.044545 0.064064 0.058058 0.064565
0.118619 0.114114 0.072072 0.064064 0.073574 0.044545 0.064064 0.058058 0.064565 0.068569
0.114114 0.072072 0.064064 0.073574 0.044545 0.064064 0.058058 0.064565 0.068569 0.074575
0.072072 0.064064 0.073574 0.044545 0.064064 0.058058 0.064565 0.068569 0.074575 0.108609
0.064064 0.073574 0.044545 0.064064 0.058058 0.064565 0.068569 0.074575 0.108609 0.111111
0.073574 0.044545 0.064064 0.058058 0.064565 0.068569 0.074575 0.108609 0.111111 0.111111
0.044545 0.064064 0.058058 0.064565 0.068569 0.074575 0.108609 0.111111 0.111111 0.126126
0.064064 0.058058 0.064565 0.068569 0.074575 0.108609 0.111111 0.111111 0.126126 0.114114
0.058058 0.064565 0.068569 0.074575 0.108609 0.111111 0.111111 0.126126 0.114114 0.110611
0.064565 0.068569 0.074575 0.108609 0.111111 0.111111 0.126126 0.114114 0.110611 0.119119
0.068569 0.074575 0.108609 0.111111 0.111111 0.126126 0.114114 0.110611 0.119119 0.128128
0.074575 0.108609 0.111111 0.111111 0.126126 0.114114 0.110611 0.119119 0.128128 0.127127
0.108609 0.111111 0.111111 0.126126 0.114114 0.110611 0.119119 0.128128 0.127127 0.163163
0.111111 0.111111 0.126126 0.114114 0.110611 0.119119 0.128128 0.127127 0.163163 0.206707
0.111111 0.126126 0.114114 0.110611 0.119119 0.128128 0.127127 0.163163 0.206707 0.203203
0.126126 0.114114 0.110611 0.119119 0.128128 0.127127 0.163163 0.206707 0.203203 0.196697
0.114114 0.110611 0.119119 0.128128 0.127127 0.163163 0.206707 0.203203 0.196697 0.201201
0.110611 0.119119 0.128128 0.127127 0.163163 0.206707 0.203203 0.196697 0.201201 0.219720
0.119119 0.128128 0.127127 0.163163 0.206707 0.203203 0.196697 0.201201 0.219720 0.224224
0.128128 0.127127 0.163163 0.206707 0.203203 0.196697 0.201201 0.219720 0.224224 0.203704
0.127127 0.163163 0.206707 0.203203 0.196697 0.201201 0.219720 0.224224 0.203704 0.196196
0.163163 0.206707 0.203203 0.196697 0.201201 0.219720 0.224224 0.203704 0.196196 0.206206
0.206707 0.203203 0.196697 0.201201 0.219720 0.224224 0.203704 0.196196 0.206206 0.201702
0.203203 0.196697 0.201201 0.219720 0.224224 0.203704 0.196196 0.206206 0.201702 0.161161
0.196697 0.201201 0.219720 0.224224 0.203704 0.196196 0.206206 0.201702 0.161161 0.154154
0.201201 0.219720 0.224224 0.203704 0.196196 0.206206 0.201702 0.161161 0.154154 0.166667
0.219720 0.224224 0.203704 0.196196 0.206206 0.201702 0.161161 0.154154 0.166667 0.176677
0.224224 0.203704 0.196196 0.206206 0.201702 0.161161 0.154154 0.166667 0.176677 0.157157
0.203704 0.196196 0.206206 0.201702 0.161161 0.154154 0.166667 0.176677 0.157157 0.156657
0.196196 0.206206 0.201702 0.161161 0.154154 0.166667 0.176677 0.157157 0.156657 0.121622
0.206206 0.201702 0.161161 0.154154 0.166667 0.176677 0.157157 0.156657 0.121622 0.093594
0.201702 0.161161 0.154154 0.166667 0.176677 0.157157 0.156657 0.121622 0.093594 0.095095
0.161161 0.154154 0.166667 0.176677 0.157157 0.156657 0.121622 0.093594 0.095095 0.082583
0.154154 0.166667 0.176677 0.157157 0.156657 0.121622 0.093594 0.095095 0.082583 0.078579
0.166667 0.176677 0.157157 0.156657 0.121622 0.093594 0.095095 0.082583 0.078579 0.086086
0.176677 0.157157 0.156657 0.121622 0.093594 0.095095 0.082583 0.078579 0.086086 0.090591
0.157157 0.156657 0.121622 0.093594 0.095095 0.082583 0.078579 0.086086 0.090591 0.088589
0.156657 0.121622 0.093594 0.095095 0.082583 0.078579 0.086086 0.090591 0.088589 0.100100
0.121622 0.093594 0.095095 0.082583 0.078579 0.086086 0.090591 0.088589 0.100100 0.076577
0.093594 0.095095 0.082583 0.078579 0.086086 0.090591 0.088589 0.100100 0.076577 0.074074
0.095095 0.082583 0.078579 0.086086 0.090591 0.088589 0.100100 0.076577 0.074074 0.075576
0.082583 0.078579 0.086086 0.090591 0.088589 0.100100 0.076577 0.074074 0.075576 0.055556
0.078579 0.086086 0.090591 0.088589 0.100100 0.076577 0.074074 0.075576 0.055556 0.059059
0.086086 0.090591 0.088589 0.100100 0.076577 0.074074 0.075576 0.055556 0.059059 0.069570
0.090591 0.088589 0.100100 0.076577 0.074074 0.075576 0.055556 0.059059 0.069570 0.059560
0.088589 0.100100 0.076577 0.074074 0.075576 0.055556 0.059059 0.069570 0.059560 0.058058
0.100100 0.076577 0.074074 0.075576 0.055556 0.059059 0.069570 0.059560 0.058058 0.054555
0.076577 0.074074 0.075576 0.055556 0.059059 0.069570 0.059560 0.058058 0.054555 0.071071
0.074074 0.075576 0.055556 0.059059 0.069570 0.059560 0.058058 0.054555 0.071071 0.055055
0.075576 0.055556 0.059059 0.069570 0.059560 0.058058 0.054555 0.071071 0.055055 0.043043
0.055556 0.059059 0.069570 0.059560 0.058058 0.054555 0.071071 0.055055 0.043043 0.045045
0.059059 0.069570 0.059560 0.058058 0.054555 0.071071 0.055055 0.043043 0.045045 0.051051
0.069570 0.059560 0.058058 0.054555 0.071071 0.055055 0.043043 0.045045 0.051051 0.052553
0.059560 0.058058 0.054555 0.071071 0.055055 0.043043 0.045045 0.051051 0.052553 0.061562
0.058058 0.054555 0.071071 0.055055 0.043043 0.045045 0.051051 0.052553 0.061562 0.072573
0.054555 0.071071 0.055055 0.043043 0.045045 0.051051 0.052553 0.061562 0.072573 0.073574
0.071071 0.055055 0.043043 0.045045 0.051051 0.052553 0.061562 0.072573 0.073574 0.068068
0.055055 0.043043 0.045045 0.051051 0.052553 0.061562 0.072573 0.073574 0.068068 0.023023
0.043043 0.045045 0.051051 0.052553 0.061562 0.072573 0.073574 0.068068 0.023023 0.019520
0.045045 0.051051 0.052553 0.061562 0.072573 0.073574 0.068068 0.023023 0.019520 0.007508
0.051051 0.052553 0.061562 0.072573 0.073574 0.068068 0.023023 0.019520 0.007508 0.013514
0.052553 0.061562 0.072573 0.073574 0.068068 0.023023 0.019520 0.007508 0.013514 0.000000
0.061562 0.072573 0.073574 0.068068 0.023023 0.019520 0.007508 0.013514 0.000000 0.005506
0.072573 0.073574 0.068068 0.023023 0.019520 0.007508 0.013514 0.000000 0.005506 0.016016
0.073574 0.068068 0.023023 0.019520 0.007508 0.013514 0.000000 0.005506 0.016016 0.012513
0.068068 0.023023 0.019520 0.007508 0.013514 0.000000 0.005506 0.016016 0.012513 0.015015
0.023023 0.019520 0.007508 0.013514 0.000000 0.005506 0.016016 0.012513 0.015015 0.015516
0.019520 0.007508 0.013514 0.000000 0.005506 0.016016 0.012513 0.015015 0.015516 0.017017
0.007508 0.013514 0.000000 0.005506 0.016016 0.012513 0.015015 0.015516 0.017017 0.023524
0.013514 0.000000 0.005506 0.016016 0.012513 0.015015 0.015516 0.017017 0.023524 0.017017
0.000000 0.005506 0.016016 0.012513 0.015015 0.015516 0.017017 0.023524 0.017017 0.012513
0.005506 0.016016 0.012513 0.015015 0.015516 0.017017 0.023524 0.017017 0.012513 0.012012
0.016016 0.012513 0.015015 0.015516 0.017017 0.023524 0.017017 0.012513 0.012012 0.008509
0.012513 0.015015 0.015516 0.017017 0.023524 0.017017 0.012513 0.012012 0.008509 0.017017
0.015015 0.015516 0.017017 0.023524 0.017017 0.012513 0.012012 0.008509 0.017017 0.022522
0.015516 0.017017 0.023524 0.017017 0.012513 0.012012 0.008509 0.017017 0.022522 0.028028
0.017017 0.023524 0.017017 0.012513 0.012012 0.008509 0.017017 0.022522 0.028028 0.028529
0.023524 0.017017 0.012513 0.012012 0.008509 0.017017 0.022522 0.028028 0.028529 0.028028
0.017017 0.012513 0.012012 0.008509 0.017017 0.022522 0.028028 0.028529 0.028028 0.016517
0.012513 0.012012 0.008509 0.017017 0.022522 0.028028 0.028529 0.028028 0.016517 0.013514
0.012012 0.008509 0.017017 0.022522 0.028028 0.028529 0.028028 0.016517 0.013514 0.014515
0.008509 0.017017 0.022522 0.028028 0.028529 0.028028 0.016517 0.013514 0.014515 0.023023
0.017017 0.022522 0.028028 0.028529 0.028028 0.016517 0.013514 0.014515 0.023023 0.041542
0.022522 0.028028 0.028529 0.028028 0.016517 0.013514 0.014515 0.023023 0.041542 0.062062
0.028028 0.028529 0.028028 0.016517 0.013514 0.014515 0.023023 0.041542 0.062062 0.065065
0.028529 0.028028 0.016517 0.013514 0.014515 0.023023 0.041542 0.062062 0.065065 0.057558
0.028028 0.016517 0.013514 0.014515 0.023023 0.041542 0.062062 0.065065 0.057558 0.042543
0.016517 0.013514 0.014515 0.023023 0.041542 0.062062 0.065065 0.057558 0.042543 0.029530
0.013514 0.014515 0.023023 0.041542 0.062062 0.065065 0.057558 0.042543 0.029530 0.039540
0.014515 0.023023 0.041542 0.062062 0.065065 0.057558 0.042543 0.029530 0.039540 0.037037
0.023023 0.041542 0.062062 0.065065 0.057558 0.042543 0.029530 0.039540 0.037037 0.042543
0.041542 0.062062 0.065065 0.057558 0.042543 0.029530 0.039540 0.037037 0.042543 0.061061
0.062062 0.065065 0.057558 0.042543 0.029530 0.039540 0.037037 0.042543 0.061061 0.074074
0.065065 0.057558 0.042543 0.029530 0.039540 0.037037 0.042543 0.061061 0.074074 0.067568
0.057558 0.042543 0.029530 0.039540 0.037037 0.042543 0.061061 0.074074 0.067568 0.077077
0.042543 0.029530 0.039540 0.037037 0.042543 0.061061 0.074074 0.067568 0.077077 0.107107
0.029530 0.039540 0.037037 0.042543 0.061061 0.074074 0.067568 0.077077 0.107107 0.115115
0.039540 0.037037 0.042543 0.061061 0.074074 0.067568 0.077077 0.107107 0.115115 0.125125
0.037037 0.042543 0.061061 0.074074 0.067568 0.077077 0.107107 0.115115 0.125125 0.151652
0.042543 0.061061 0.074074 0.067568 0.077077 0.107107 0.115115 0.125125 0.151652 0.132633
0.061061 0.074074 0.067568 0.077077 0.107107 0.115115 0.125125 0.151652 0.132633 0.114615
0.074074 0.067568 0.077077 0.107107 0.115115 0.125125 0.151652 0.132633 0.114615 0.120621
0.067568 0.077077 0.107107 0.115115 0.125125 0.151652 0.132633 0.114615 0.120621 0.115616
0.077077 0.107107 0.115115 0.125125 0.151652 0.132633 0.114615 0.120621 0.115616 0.099600
0.107107 0.115115 0.125125 0.151652 0.132633 0.114615 0.120621 0.115616 0.099600 0.175676
0.115115 0.125125 0.151652 0.132633 0.114615 0.120621 0.115616 0.099600 0.175676 0.211712
0.125125 0.151652 0.132633 0.114615 0.120621 0.115616 0.099600 0.175676 0.211712 0.333333
0.151652 0.132633 0.114615 0.120621 0.115616 0.099600 0.175676 0.211712 0.333333 0.364364
0.132633 0.114615 0.120621 0.115616 0.099600 0.175676 0.211712 0.333333 0.364364 0.377878
0.114615 0.120621 0.115616 0.099600 0.175676 0.211712 0.333333 0.364364 0.377878 0.473473
0.120621 0.115616 0.099600 0.175676 0.211712 0.333333 0.364364 0.377878 0.473473 0.378879
0.115616 0.099600 0.175676 0.211712 0.333333 0.364364 0.377878 0.473473 0.378879 0.517017
0.099600 0.175676 0.211712 0.333333 0.364364 0.377878 0.473473 0.378879 0.517017 0.669169
0.175676 0.211712 0.333333 0.364364 0.377878 0.473473 0.378879 0.517017 0.669169 0.836336
0.211712 0.333333 0.364364 0.377878 0.473473 0.378879 0.517017 0.669169 0.836336 0.907908
0.333333 0.364364 0.377878 0.473473 0.378879 0.517017 0.669169 0.836336 0.907908 0.873874
0.364364 0.377878 0.473473 0.378879 0.517017 0.669169 0.836336 0.907908 0.873874 0.807307
0.377878 0.473473 0.378879 0.517017 0.669169 0.836336 0.907908 0.873874 0.807307 0.891391
0.473473 0.378879 0.517017 0.669169 0.836336 0.907908 0.873874 0.807307 0.891391 0.792292
0.378879 0.517017 0.669169 0.836336 0.907908 0.873874 0.807307 0.891391 0.792292 0.882382
0.517017 0.669169 0.836336 0.907908 0.873874 0.807307 0.891391 0.792292 0.882382 0.901401
0.669169 0.836336 0.907908 0.873874 0.807307 0.891391 0.792292 0.882382 0.901401 0.934434
0.836336 0.907908 0.873874 0.807307 0.891391 0.792292 0.882382 0.901401 0.934434 0.800300
0.907908 0.873874 0.807307 0.891391 0.792292 0.882382 0.901401 0.934434 0.800300 0.873874
0.873874 0.807307 0.891391 0.792292 0.882382 0.901401 0.934434 0.800300 0.873874 0.997497
0.807307 0.891391 0.792292 0.882382 0.901401 0.934434 0.800300 0.873874 0.997497 0.938939
0.891391 0.792292 0.882382 0.901401 0.934434 0.800300 0.873874 0.997497 0.938939 1.000000
0.792292 0.882382 0.901401 0.934434 0.800300 0.873874 0.997497 0.938939 1.000000 0.844845
0.882382 0.901401 0.934434 0.800300 0.873874 0.997497 0.938939 1.000000 0.844845 0.774775
0.901401 0.934434 0.800300 0.873874 0.997497 0.938939 1.000000 0.844845 0.774775 0.700200
0.934434 0.800300 0.873874 0.997497 0.938939 1.000000 0.844845 0.774775 0.700200 0.732232
0.800300 0.873874 0.997497 0.938939 1.000000 0.844845 0.774775 0.700200 0.732232 0.742743
0.873874 0.997497 0.938939 1.000000 0.844845 0.774775 0.700200 0.732232 0.742743 0.749750
0.997497 0.938939 1.000000 0.844845 0.774775 0.700200 0.732232 0.742743 0.749750 0.802302
0.938939 1.000000 0.844845 0.774775 0.700200 0.732232 0.742743 0.749750 0.802302 0.814314
1.000000 0.844845 0.774775 0.700200 0.732232 0.742743 0.749750 0.802302 0.814314 0.722723
0.844845 0.774775 0.700200 0.732232 0.742743 0.749750 0.802302 0.814314 0.722723 0.895395
0.774775 0.700200 0.732232 0.742743 0.749750 0.802302 0.814314 0.722723 0.895395 0.979480
0.700200 0.732232 0.742743 0.749750 0.802302 0.814314 0.722723 0.895395 0.979480 0.812813
0.732232 0.742743 0.749750 0.802302 0.814314 0.722723 0.895395 0.979480 0.812813 0.762262
0.742743 0.749750 0.802302 0.814314 0.722723 0.895395 0.979480 0.812813 0.762262 0.589089
0.749750 0.802302 0.814314 0.722723 0.895395 0.979480 0.812813 0.762262 0.589089 0.572572
0.802302 0.814314 0.722723 0.895395 0.979480 0.812813 0.762262 0.589089 0.572572 0.558559
0.814314 0.722723 0.895395 0.979480 0.812813 0.762262 0.589089 0.572572 0.558559 0.590090
0.722723 0.895395 0.979480 0.812813 0.762262 0.589089 0.572572 0.558559 0.590090 0.562563
0.895395 0.979480 0.812813 0.762262 0.589089 0.572572 0.558559 0.590090 0.562563 0.447447
0.979480 0.812813 0.762262 0.589089 0.572572 0.558559 0.590090 0.562563 0.447447 0.457458
0.812813 0.762262 0.589089 0.572572 0.558559 0.590090 0.562563 0.447447 0.457458 0.499499
0.762262 0.589089 0.572572 0.558559 0.590090 0.562563 0.447447 0.457458 0.499499 0.464464
0.589089 0.572572 0.558559 0.590090 0.562563 0.447447 0.457458 0.499499 0.464464 0.490491
0.572572 0.558559 0.590090 0.562563 0.447447 0.457458 0.499499 0.464464 0.490491 0.474475
0.558559 0.590090 0.562563 0.447447 0.457458 0.499499 0.464464 0.490491 0.474475 0.460460
0.590090 0.562563 0.447447 0.457458 0.499499 0.464464 0.490491 0.474475 0.460460 0.479980
0.562563 0.447447 0.457458 0.499499 0.464464 0.490491 0.474475 0.460460 0.479980 0.530531
0.447447 0.457458 0.499499 0.464464 0.490491 0.474475 0.460460 0.479980 0.530531 0.489990
0.457458 0.499499 0.464464 0.490491 0.474475 0.460460 0.479980 0.530531 0.489990 0.636637
0.499499 0.464464 0.490491 0.474475 0.460460 0.479980 0.530531 0.489990 0.636637 0.615616
0.464464 0.490491 0.474475 0.460460 0.479980 0.530531 0.489990 0.636637 0.615616 0.633634
0.490491 0.474475 0.460460 0.479980 0.530531 0.489990 0.636637 0.615616 0.633634 0.642142
0.474475 0.460460 0.479980 0.530531 0.489990 0.636637 0.615616 0.633634 0.642142 0.699199
