
0.330875 0.287436 0.273089 0.269502 0.185813 0.172263 0.180632 0.138389 0.151540 0.156322
0.287436 0.273089 0.269502 0.185813 0.172263 0.180632 0.138389 0.151540 0.156322 0.155127
0.273089 0.269502 0.185813 0.172263 0.180632 0.138389 0.151540 0.156322 0.155127 0.173060
0.269502 0.185813 0.172263 0.180632 0.138389 0.151540 0.156322 0.155127 0.173060 0.183422
0.185813 0.172263 0.180632 0.138389 0.151540 0.156322 0.155127 0.173060 0.183422 0.201754
0.172263 0.180632 0.138389 0.151540 0.156322 0.155127 0.173060 0.183422 0.201754 0.230846
0.180632 0.138389 0.151540 0.156322 0.155127 0.173060 0.183422 0.201754 0.230846 0.223672
0.138389 0.151540 0.156322 0.155127 0.173060 0.183422 0.201754 0.230846 0.223672 0.231643
0.151540 0.156322 0.155127 0.173060 0.183422 0.201754 0.230846 0.223672 0.231643 0.228853
0.156322 0.155127 0.173060 0.183422 0.201754 0.230846 0.223672 0.231643 0.228853 0.254757
0.155127 0.173060 0.183422 0.201754 0.230846 0.223672 0.231643 0.228853 0.254757 0.256351
0.173060 0.183422 0.201754 0.230846 0.223672 0.231643 0.228853 0.254757 0.256351 0.239215
0.183422 0.201754 0.230846 0.223672 0.231643 0.228853 0.254757 0.256351 0.239215 0.232440
0.201754 0.230846 0.223672 0.231643 0.228853 0.254757 0.256351 0.239215 0.232440 0.249576
0.230846 0.223672 0.231643 0.228853 0.254757 0.256351 0.239215 0.232440 0.249576 0.277074
0.223672 0.231643 0.228853 0.254757 0.256351 0.239215 0.232440 0.249576 0.277074 0.259938
0.231643 0.228853 0.254757 0.256351 0.239215 0.232440 0.249576 0.277074 0.259938 0.245192
0.228853 0.254757 0.256351 0.239215 0.232440 0.249576 0.277074 0.259938 0.245192 0.253163
0.254757 0.256351 0.239215 0.232440 0.249576 0.277074 0.259938 0.245192 0.253163 0.239613
0.256351 0.239215 0.232440 0.249576 0.277074 0.259938 0.245192 0.253163 0.239613 0.243598
0.239215 0.232440 0.249576 0.277074 0.259938 0.245192 0.253163 0.239613 0.243598 0.250772
0.232440 0.249576 0.277074 0.259938 0.245192 0.253163 0.239613 0.243598 0.250772 0.260735
0.249576 0.277074 0.259938 0.245192 0.253163 0.239613 0.243598 0.250772 0.260735 0.257945
0.277074 0.259938 0.245192 0.253163 0.239613 0.243598 0.250772 0.260735 0.257945 0.210123
0.259938 0.245192 0.253163 0.239613 0.243598 0.250772 0.260735 0.257945 0.210123 0.260336
0.245192 0.253163 0.239613 0.243598 0.250772 0.260735 0.257945 0.210123 0.260336 0.281458
0.253163 0.239613 0.243598 0.250772 0.260735 0.257945 0.210123 0.260336 0.281458 0.269104
0.239613 0.243598 0.250772 0.260735 0.257945 0.210123 0.260336 0.281458 0.269104 0.271495
0.243598 0.250772 0.260735 0.257945 0.210123 0.260336 0.281458 0.269104 0.271495 0.307760
0.250772 0.260735 0.257945 0.210123 0.260336 0.281458 0.269104 0.271495 0.307760 0.322107
0.260735 0.257945 0.210123 0.260336 0.281458 0.269104 0.271495 0.307760 0.322107 0.307362
0.257945 0.210123 0.260336 0.281458 0.269104 0.271495 0.307760 0.322107 0.307362 0.308159
0.210123 0.260336 0.281458 0.269104 0.271495 0.307760 0.322107 0.307362 0.308159 0.373915
0.260336 0.281458 0.269104 0.271495 0.307760 0.322107 0.307362 0.308159 0.373915 0.362358
0.281458 0.269104 0.271495 0.307760 0.322107 0.307362 0.308159 0.373915 0.362358 0.353989
0.269104 0.271495 0.307760 0.322107 0.307362 0.308159 0.373915 0.362358 0.353989 0.341236
0.271495 0.307760 0.322107 0.307362 0.308159 0.373915 0.362358 0.353989 0.341236 0.351199
0.307760 0.322107 0.307362 0.308159 0.373915 0.362358 0.353989 0.341236 0.351199 0.335657
0.322107 0.307362 0.308159 0.373915 0.362358 0.353989 0.341236 0.351199 0.335657 0.317325
0.307362 0.308159 0.373915 0.362358 0.353989 0.341236 0.351199 0.335657 0.317325 0.355982
0.308159 0.373915 0.362358 0.353989 0.341236 0.351199 0.335657 0.317325 0.355982 0.377502
0.373915 0.362358 0.353989 0.341236 0.351199 0.335657 0.317325 0.355982 0.377502 0.369133
0.362358 0.353989 0.341236 0.351199 0.335657 0.317325 0.355982 0.377502 0.369133 0.321709
0.353989 0.341236 0.351199 0.335657 0.317325 0.355982 0.377502 0.369133 0.321709 0.328085
0.341236 0.351199 0.335657 0.317325 0.355982 0.377502 0.369133 0.321709 0.328085 0.335657
0.351199 0.335657 0.317325 0.355982 0.377502 0.369133 0.321709 0.328085 0.335657 0.302181
0.335657 0.317325 0.355982 0.377502 0.369133 0.321709 0.328085 0.335657 0.302181 0.307760
0.317325 0.355982 0.377502 0.369133 0.321709 0.328085 0.335657 0.302181 0.307760 0.283849
0.355982 0.377502 0.369133 0.321709 0.328085 0.335657 0.302181 0.307760 0.283849 0.286639
0.377502 0.369133 0.321709 0.328085 0.335657 0.302181 0.307760 0.283849 0.286639 0.279864
0.369133 0.321709 0.328085 0.335657 0.302181 0.307760 0.283849 0.286639 0.279864 0.293812
0.321709 0.328085 0.335657 0.302181 0.307760 0.283849 0.286639 0.279864 0.293812 0.308557
0.328085 0.335657 0.302181 0.307760 0.283849 0.286639 0.279864 0.293812 0.308557 0.304174
0.335657 0.302181 0.307760 0.283849 0.286639 0.279864 0.293812 0.308557 0.304174 0.296203
0.302181 0.307760 0.283849 0.286639 0.279864 0.293812 0.308557 0.304174 0.296203 0.281856
0.307760 0.283849 0.286639 0.279864 0.293812 0.308557 0.304174 0.296203 0.281856 0.269502
0.283849 0.286639 0.279864 0.293812 0.308557 0.304174 0.296203 0.281856 0.269502 0.304971
0.286639 0.279864 0.293812 0.308557 0.304174 0.296203 0.281856 0.269502 0.304971 0.298993
0.279864 0.293812 0.308557 0.304174 0.296203 0.281856 0.269502 0.304971 0.298993 0.285842
0.293812 0.308557 0.304174 0.296203 0.281856 0.269502 0.304971 0.298993 0.285842 0.295805
0.308557 0.304174 0.296203 0.281856 0.269502 0.304971 0.298993 0.285842 0.295805 0.305369
0.304174 0.296203 0.281856 0.269502 0.304971 0.298993 0.285842 0.295805 0.305369 0.308956
0.296203 0.281856 0.269502 0.304971 0.298993 0.285842 0.295805 0.305369 0.308956 0.298993
0.281856 0.269502 0.304971 0.298993 0.285842 0.295805 0.305369 0.308956 0.298993 0.286240
0.269502 0.304971 0.298993 0.285842 0.295805 0.305369 0.308956 0.298993 0.286240 0.275082
0.304971 0.298993 0.285842 0.295805 0.305369 0.308956 0.298993 0.286240 0.275082 0.251569
0.298993 0.285842 0.295805 0.305369 0.308956 0.298993 0.286240 0.275082 0.251569 0.252764
0.285842 0.295805 0.305369 0.308956 0.298993 0.286240 0.275082 0.251569 0.252764 0.219289
0.295805 0.305369 0.308956 0.298993 0.286240 0.275082 0.251569 0.252764 0.219289 0.227658
0.305369 0.308956 0.298993 0.286240 0.275082 0.251569 0.252764 0.219289 0.227658 0.229650
0.308956 0.298993 0.286240 0.275082 0.251569 0.252764 0.219289 0.227658 0.229650 0.232440
0.298993 0.286240 0.275082 0.251569 0.252764 0.219289 0.227658 0.229650 0.232440 0.243200
0.286240 0.275082 0.251569 0.252764 0.219289 0.227658 0.229650 0.232440 0.243200 0.241606
0.275082 0.251569 0.252764 0.219289 0.227658 0.229650 0.232440 0.243200 0.241606 0.227259
0.251569 0.252764 0.219289 0.227658 0.229650 0.232440 0.243200 0.241606 0.227259 0.210521
0.252764 0.219289 0.227658 0.229650 0.232440 0.243200 0.241606 0.227259 0.210521 0.199362
0.219289 0.227658 0.229650 0.232440 0.243200 0.241606 0.227259 0.210521 0.199362 0.208528
0.227658 0.229650 0.232440 0.243200 0.241606 0.227259 0.210521 0.199362 0.208528 0.192986
0.229650 0.232440 0.243200 0.241606 0.227259 0.210521 0.199362 0.208528 0.192986 0.182226
0.232440 0.243200 0.241606 0.227259 0.210521 0.199362 0.208528 0.192986 0.182226 0.169872
0.243200 0.241606 0.227259 0.210521 0.199362 0.208528 0.192986 0.182226 0.169872 0.097341
0.241606 0.227259 0.210521 0.199362 0.208528 0.192986 0.182226 0.169872 0.097341 0.122448
0.227259 0.210521 0.199362 0.208528 0.192986 0.182226 0.169872 0.097341 0.122448 0.106108
0.210521 0.199362 0.208528 0.192986 0.182226 0.169872 0.097341 0.122448 0.106108 0.117267
0.199362 0.208528 0.192986 0.182226 0.169872 0.097341 0.122448 0.106108 0.117267 0.115274
0.208528 0.192986 0.182226 0.169872 0.097341 0.122448 0.106108 0.117267 0.115274 0.131215
0.192986 0.182226 0.169872 0.097341 0.122448 0.106108 0.117267 0.115274 0.131215 0.128824
0.182226 0.169872 0.097341 0.122448 0.106108 0.117267 0.115274 0.131215 0.128824 0.129223
0.169872 0.097341 0.122448 0.106108 0.117267 0.115274 0.131215 0.128824 0.129223 0.150344
0.097341 0.122448 0.106108 0.117267 0.115274 0.131215 0.128824 0.129223 0.150344 0.140780
0.122448 0.106108 0.117267 0.115274 0.131215 0.128824 0.129223 0.150344 0.140780 0.163894
0.106108 0.117267 0.115274 0.131215 0.128824 0.129223 0.150344 0.140780 0.163894 0.153931
0.117267 0.115274 0.131215 0.128824 0.129223 0.150344 0.140780 0.163894 0.153931 0.130020
0.115274 0.131215 0.128824 0.129223 0.150344 0.140780 0.163894 0.153931 0.130020 0.144765
0.131215 0.128824 0.129223 0.150344 0.140780 0.163894 0.153931 0.130020 0.144765 0.157518
0.128824 0.129223 0.150344 0.140780 0.163894 0.153931 0.130020 0.144765 0.157518 0.154712
0.129223 0.150344 0.140780 0.163894 0.153931 0.130020 0.144765 0.157518 0.154712 0.129060
0.150344 0.140780 0.163894 0.153931 0.130020 0.144765 0.157518 0.154712 0.129060 0.147097
0.140780 0.163894 0.153931 0.130020 0.144765 0.157518 0.154712 0.129060 0.147097 0.151506
0.163894 0.153931 0.130020 0.144765 0.157518 0.154712 0.129060 0.147097 0.151506 0.163530
0.153931 0.130020 0.144765 0.157518 0.154712 0.129060 0.147097 0.151506 0.163530 0.155514
0.130020 0.144765 0.157518 0.154712 0.129060 0.147097 0.151506 0.163530 0.155514 0.147898
0.144765 0.157518 0.154712 0.129060 0.147097 0.151506 0.163530 0.155514 0.147898 0.130664
0.157518 0.154712 0.129060 0.147097 0.151506 0.163530 0.155514 0.147898 0.130664 0.141886
0.154712 0.129060 0.147097 0.151506 0.163530 0.155514 0.147898 0.130664 0.141886 0.164732
0.129060 0.147097 0.151506 0.163530 0.155514 0.147898 0.130664 0.141886 0.164732 0.170744
0.147097 0.151506 0.163530 0.155514 0.147898 0.130664 0.141886 0.164732 0.170744 0.168740
0.151506 0.163530 0.155514 0.147898 0.130664 0.141886 0.164732 0.170744 0.168740 0.168340
0.163530 0.155514 0.147898 0.130664 0.141886 0.164732 0.170744 0.168740 0.168340 0.165534
0.155514 0.147898 0.130664 0.141886 0.164732 0.170744 0.168740 0.168340 0.165534 0.169542
0.147898 0.130664 0.141886 0.164732 0.170744 0.168740 0.168340 0.165534 0.169542 0.163129
0.130664 0.141886 0.164732 0.170744 0.168740 0.168340 0.165534 0.169542 0.163129 0.142688
0.141886 0.164732 0.170744 0.168740 0.168340 0.165534 0.169542 0.163129 0.142688 0.121846
0.164732 0.170744 0.168740 0.168340 0.165534 0.169542 0.163129 0.142688 0.121846 0.115032
0.170744 0.168740 0.168340 0.165534 0.169542 0.163129 0.142688 0.121846 0.115032 0.104210
0.168740 0.168340 0.165534 0.169542 0.163129 0.142688 0.121846 0.115032 0.104210 0.119441
0.168340 0.165534 0.169542 0.163129 0.142688 0.121846 0.115032 0.104210 0.119441 0.109020
0.165534 0.169542 0.163129 0.142688 0.121846 0.115032 0.104210 0.119441 0.109020 0.122647
0.169542 0.163129 0.142688 0.121846 0.115032 0.104210 0.119441 0.109020 0.122647 0.123449
0.163129 0.142688 0.121846 0.115032 0.104210 0.119441 0.109020 0.122647 0.123449 0.129060
0.142688 0.121846 0.115032 0.104210 0.119441 0.109020 0.122647 0.123449 0.129060 0.121445
0.121846 0.115032 0.104210 0.119441 0.109020 0.122647 0.123449 0.129060 0.121445 0.109821
0.115032 0.104210 0.119441 0.109020 0.122647 0.123449 0.129060 0.121445 0.109821 0.103008
0.104210 0.119441 0.109020 0.122647 0.123449 0.129060 0.121445 0.109821 0.103008 0.098198
0.119441 0.109020 0.122647 0.123449 0.129060 0.121445 0.109821 0.103008 0.098198 0.102206
0.109020 0.122647 0.123449 0.129060 0.121445 0.109821 0.103008 0.098198 0.102206 0.108218
0.122647 0.123449 0.129060 0.121445 0.109821 0.103008 0.098198 0.102206 0.108218 0.105012
0.123449 0.129060 0.121445 0.109821 0.103008 0.098198 0.102206 0.108218 0.105012 0.106214
0.129060 0.121445 0.109821 0.103008 0.098198 0.102206 0.108218 0.105012 0.106214 0.098599
0.121445 0.109821 0.103008 0.098198 0.102206 0.108218 0.105012 0.106214 0.098599 0.114230
0.109821 0.103008 0.098198 0.102206 0.108218 0.105012 0.106214 0.098599 0.114230 0.122647
0.103008 0.098198 0.102206 0.108218 0.105012 0.106214 0.098599 0.114230 0.122647 0.121846
0.098198 0.102206 0.108218 0.105012 0.106214 0.098599 0.114230 0.122647 0.121846 0.105813
0.102206 0.108218 0.105012 0.106214 0.098599 0.114230 0.122647 0.121846 0.105813 0.109821
0.108218 0.105012 0.106214 0.098599 0.114230 0.122647 0.121846 0.105813 0.109821 0.109821
0.105012 0.106214 0.098599 0.114230 0.122647 0.121846 0.105813 0.109821 0.109821 0.134672
0.106214 0.098599 0.114230 0.122647 0.121846 0.105813 0.109821 0.109821 0.134672 0.126255
0.098599 0.114230 0.122647 0.121846 0.105813 0.109821 0.109821 0.134672 0.126255 0.163129
0.114230 0.122647 0.121846 0.105813 0.109821 0.109821 0.134672 0.126255 0.163129 0.157919
0.122647 0.121846 0.105813 0.109821 0.109821 0.134672 0.126255 0.163129 0.157919 0.136275
0.121846 0.105813 0.109821 0.109821 0.134672 0.126255 0.163129 0.157919 0.136275 0.146696
0.105813 0.109821 0.109821 0.134672 0.126255 0.163129 0.157919 0.136275 0.146696 0.155514
0.109821 0.109821 0.134672 0.126255 0.163129 0.157919 0.136275 0.146696 0.155514 0.161927
0.109821 0.134672 0.126255 0.163129 0.157919 0.136275 0.146696 0.155514 0.161927 0.146696
0.134672 0.126255 0.163129 0.157919 0.136275 0.146696 0.155514 0.161927 0.146696 0.140684
0.126255 0.163129 0.157919 0.136275 0.146696 0.155514 0.161927 0.146696 0.140684 0.146696
0.163129 0.157919 0.136275 0.146696 0.155514 0.161927 0.146696 0.140684 0.146696 0.147498
0.157919 0.136275 0.146696 0.155514 0.161927 0.146696 0.140684 0.146696 0.147498 0.138279
0.136275 0.146696 0.155514 0.161927 0.146696 0.140684 0.146696 0.147498 0.138279 0.148700
0.146696 0.155514 0.161927 0.146696 0.140684 0.146696 0.147498 0.138279 0.148700 0.155514
0.155514 0.161927 0.146696 0.140684 0.146696 0.147498 0.138279 0.148700 0.155514 0.151906
0.161927 0.146696 0.140684 0.146696 0.147498 0.138279 0.148700 0.155514 0.151906 0.136275
0.146696 0.140684 0.146696 0.147498 0.138279 0.148700 0.155514 0.151906 0.136275 0.132668
0.140684 0.146696 0.147498 0.138279 0.148700 0.155514 0.151906 0.136275 0.132668 0.108218
0.146696 0.147498 0.138279 0.148700 0.155514 0.151906 0.136275 0.132668 0.108218 0.102206
0.147498 0.138279 0.148700 0.155514 0.151906 0.136275 0.132668 0.108218 0.102206 0.106214
0.138279 0.148700 0.155514 0.151906 0.136275 0.132668 0.108218 0.102206 0.106214 0.039680
0.148700 0.155514 0.151906 0.136275 0.132668 0.108218 0.102206 0.106214 0.039680 0.028457
0.155514 0.151906 0.136275 0.132668 0.108218 0.102206 0.106214 0.039680 0.028457 0.023648
0.151906 0.136275 0.132668 0.108218 0.102206 0.106214 0.039680 0.028457 0.023648 0.020040
0.136275 0.132668 0.108218 0.102206 0.106214 0.039680 0.028457 0.023648 0.020040 0.020040
0.132668 0.108218 0.102206 0.106214 0.039680 0.028457 0.023648 0.020040 0.020040 0.000000
0.108218 0.102206 0.106214 0.039680 0.028457 0.023648 0.020040 0.020040 0.000000 0.010421
0.102206 0.106214 0.039680 0.028457 0.023648 0.020040 0.020040 0.000000 0.010421 0.041684
0.106214 0.039680 0.028457 0.023648 0.020040 0.020040 0.000000 0.010421 0.041684 0.026453
0.039680 0.028457 0.023648 0.020040 0.020040 0.000000 0.010421 0.041684 0.026453 0.029660
0.028457 0.023648 0.020040 0.020040 0.000000 0.010421 0.041684 0.026453 0.029660 0.030461
0.023648 0.020040 0.020040 0.000000 0.010421 0.041684 0.026453 0.029660 0.030461 0.041283
0.020040 0.020040 0.000000 0.010421 0.041684 0.026453 0.029660 0.030461 0.041283 0.030862
0.020040 0.000000 0.010421 0.041684 0.026453 0.029660 0.030461 0.041283 0.030862 0.033267
0.000000 0.010421 0.041684 0.026453 0.029660 0.030461 0.041283 0.030862 0.033267 0.039680
0.010421 0.041684 0.026453 0.029660 0.030461 0.041283 0.030862 0.033267 0.039680 0.043287
0.041684 0.026453 0.029660 0.030461 0.041283 0.030862 0.033267 0.039680 0.043287 0.058117
0.026453 0.029660 0.030461 0.041283 0.030862 0.033267 0.039680 0.043287 0.058117 0.064931
0.029660 0.030461 0.041283 0.030862 0.033267 0.039680 0.043287 0.058117 0.064931 0.057716
0.030461 0.041283 0.030862 0.033267 0.039680 0.043287 0.058117 0.064931 0.057716 0.051704
0.041283 0.030862 0.033267 0.039680 0.043287 0.058117 0.064931 0.057716 0.051704 0.041283
0.030862 0.033267 0.039680 0.043287 0.058117 0.064931 0.057716 0.051704 0.041283 0.038478
0.033267 0.039680 0.043287 0.058117 0.064931 0.057716 0.051704 0.041283 0.038478 0.051704
0.039680 0.043287 0.058117 0.064931 0.057716 0.051704 0.041283 0.038478 0.051704 0.062927
0.043287 0.058117 0.064931 0.057716 0.051704 0.041283 0.038478 0.051704 0.062927 0.055712
0.058117 0.064931 0.057716 0.051704 0.041283 0.038478 0.051704 0.062927 0.055712 0.076554
0.064931 0.057716 0.051704 0.041283 0.038478 0.051704 0.062927 0.055712 0.076554 0.076154
0.057716 0.051704 0.041283 0.038478 0.051704 0.062927 0.055712 0.076554 0.076154 0.094190
0.051704 0.041283 0.038478 0.051704 0.062927 0.055712 0.076554 0.076154 0.094190 0.107417
0.041283 0.038478 0.051704 0.062927 0.055712 0.076554 0.076154 0.094190 0.107417 0.111024
0.038478 0.051704 0.062927 0.055712 0.076554 0.076154 0.094190 0.107417 0.111024 0.101405
0.051704 0.062927 0.055712 0.076554 0.076154 0.094190 0.107417 0.111024 0.101405 0.069340
0.062927 0.055712 0.076554 0.076154 0.094190 0.107417 0.111024 0.101405 0.069340 0.073749
0.055712 0.076554 0.076154 0.094190 0.107417 0.111024 0.101405 0.069340 0.073749 0.079360
0.076554 0.076154 0.094190 0.107417 0.111024 0.101405 0.069340 0.073749 0.079360 0.085773
0.076154 0.094190 0.107417 0.111024 0.101405 0.069340 0.073749 0.079360 0.085773 0.074550
0.094190 0.107417 0.111024 0.101405 0.069340 0.073749 0.079360 0.085773 0.074550 0.080963
0.107417 0.111024 0.101405 0.069340 0.073749 0.079360 0.085773 0.074550 0.080963 0.094190
0.111024 0.101405 0.069340 0.073749 0.079360 0.085773 0.074550 0.080963 0.094190 0.097797
0.101405 0.069340 0.073749 0.079360 0.085773 0.074550 0.080963 0.094190 0.097797 0.095793
0.069340 0.073749 0.079360 0.085773 0.074550 0.080963 0.094190 0.097797 0.095793 0.096595
0.073749 0.079360 0.085773 0.074550 0.080963 0.094190 0.097797 0.095793 0.096595 0.092988
0.079360 0.085773 0.074550 0.080963 0.094190 0.097797 0.095793 0.096595 0.092988 0.078558
0.085773 0.074550 0.080963 0.094190 0.097797 0.095793 0.096595 0.092988 0.078558 0.078558
0.074550 0.080963 0.094190 0.097797 0.095793 0.096595 0.092988 0.078558 0.078558 0.079360
0.080963 0.094190 0.097797 0.095793 0.096595 0.092988 0.078558 0.078558 0.079360 0.086575
0.094190 0.097797 0.095793 0.096595 0.092988 0.078558 0.078558 0.079360 0.086575 0.066935
0.097797 0.095793 0.096595 0.092988 0.078558 0.078558 0.079360 0.086575 0.066935 0.077757
0.095793 0.096595 0.092988 0.078558 0.078558 0.079360 0.086575 0.066935 0.077757 0.077757
0.096595 0.092988 0.078558 0.078558 0.079360 0.086575 0.066935 0.077757 0.077757 0.078158
0.092988 0.078558 0.078558 0.079360 0.086575 0.066935 0.077757 0.077757 0.078158 0.073348
0.078558 0.078558 0.079360 0.086575 0.066935 0.077757 0.077757 0.078158 0.073348 0.067336
0.078558 0.079360 0.086575 0.066935 0.077757 0.077757 0.078158 0.073348 0.067336 0.074550
0.079360 0.086575 0.066935 0.077757 0.077757 0.078158 0.073348 0.067336 0.074550 0.067737
0.086575 0.066935 0.077757 0.077757 0.078158 0.073348 0.067336 0.074550 0.067737 0.065332
0.066935 0.077757 0.077757 0.078158 0.073348 0.067336 0.074550 0.067737 0.065332 0.064931
0.077757 0.077757 0.078158 0.073348 0.067336 0.074550 0.067737 0.065332 0.064931 0.083368
0.077757 0.078158 0.073348 0.067336 0.074550 0.067737 0.065332 0.064931 0.083368 0.113830
0.078158 0.073348 0.067336 0.074550 0.067737 0.065332 0.064931 0.083368 0.113830 0.126255
0.073348 0.067336 0.074550 0.067737 0.065332 0.064931 0.083368 0.113830 0.126255 0.129862
0.067336 0.074550 0.067737 0.065332 0.064931 0.083368 0.113830 0.126255 0.129862 0.145493
0.074550 0.067737 0.065332 0.064931 0.083368 0.113830 0.126255 0.129862 0.145493 0.122247
0.067737 0.065332 0.064931 0.083368 0.113830 0.126255 0.129862 0.145493 0.122247 0.119842
0.065332 0.064931 0.083368 0.113830 0.126255 0.129862 0.145493 0.122247 0.119842 0.119441
0.064931 0.083368 0.113830 0.126255 0.129862 0.145493 0.122247 0.119842 0.119441 0.157919
0.083368 0.113830 0.126255 0.129862 0.145493 0.122247 0.119842 0.119441 0.157919 0.137878
0.113830 0.126255 0.129862 0.145493 0.122247 0.119842 0.119441 0.157919 0.137878 0.146295
0.126255 0.129862 0.145493 0.122247 0.119842 0.119441 0.157919 0.137878 0.146295 0.133068
0.129862 0.145493 0.122247 0.119842 0.119441 0.157919 0.137878 0.146295 0.133068 0.126655
0.145493 0.122247 0.119842 0.119441 0.157919 0.137878 0.146295 0.133068 0.126655 0.130664
0.122247 0.119842 0.119441 0.157919 0.137878 0.146295 0.133068 0.126655 0.130664 0.129060
0.119842 0.119441 0.157919 0.137878 0.146295 0.133068 0.126655 0.130664 0.129060 0.114631
0.119441 0.157919 0.137878 0.146295 0.133068 0.126655 0.130664 0.129060 0.114631 0.116635
0.157919 0.137878 0.146295 0.133068 0.126655 0.130664 0.129060 0.114631 0.116635 0.127056
0.137878 0.146295 0.133068 0.126655 0.130664 0.129060 0.114631 0.116635 0.127056 0.117437
0.146295 0.133068 0.126655 0.130664 0.129060 0.114631 0.116635 0.127056 0.117437 0.117036
0.133068 0.126655 0.130664 0.129060 0.114631 0.116635 0.127056 0.117437 0.117036 0.105413
0.126655 0.130664 0.129060 0.114631 0.116635 0.127056 0.117437 0.117036 0.105413 0.105813
0.130664 0.129060 0.114631 0.116635 0.127056 0.117437 0.117036 0.105413 0.105813 0.102607
0.129060 0.114631 0.116635 0.127056 0.117437 0.117036 0.105413 0.105813 0.102607 0.117036
0.114631 0.116635 0.127056 0.117437 0.117036 0.105413 0.105813 0.102607 0.117036 0.133870
0.116635 0.127056 0.117437 0.117036 0.105413 0.105813 0.102607 0.117036 0.133870 0.135072
0.127056 0.117437 0.117036 0.105413 0.105813 0.102607 0.117036 0.133870 0.135072 0.148299
0.117437 0.117036 0.105413 0.105813 0.102607 0.117036 0.133870 0.135072 0.148299 0.148299
0.117036 0.105413 0.105813 0.102607 0.117036 0.133870 0.135072 0.148299 0.148299 0.151506
0.105413 0.105813 0.102607 0.117036 0.133870 0.135072 0.148299 0.148299 0.151506 0.167538
0.105813 0.102607 0.117036 0.133870 0.135072 0.148299 0.148299 0.151506 0.167538 0.245295
0.102607 0.117036 0.133870 0.135072 0.148299 0.148299 0.151506 0.167538 0.245295 0.226858
0.117036 0.133870 0.135072 0.148299 0.148299 0.151506 0.167538 0.245295 0.226858 0.217238
0.133870 0.135072 0.148299 0.148299 0.151506 0.167538 0.245295 0.226858 0.217238 0.234473
0.135072 0.148299 0.148299 0.151506 0.167538 0.245295 0.226858 0.217238 0.234473 0.282570
0.148299 0.148299 0.151506 0.167538 0.245295 0.226858 0.217238 0.234473 0.282570 0.260125
0.148299 0.151506 0.167538 0.245295 0.226858 0.217238 0.234473 0.282570 0.260125 0.299805
0.151506 0.167538 0.245295 0.226858 0.217238 0.234473 0.282570 0.260125 0.299805 0.286979
0.167538 0.245295 0.226858 0.217238 0.234473 0.282570 0.260125 0.299805 0.286979 0.282971
0.245295 0.226858 0.217238 0.234473 0.282570 0.260125 0.299805 0.286979 0.282971 0.294594
0.226858 0.217238 0.234473 0.282570 0.260125 0.299805 0.286979 0.282971 0.294594 0.320647
0.217238 0.234473 0.282570 0.260125 0.299805 0.286979 0.282971 0.294594 0.320647 0.315436
0.234473 0.282570 0.260125 0.299805 0.286979 0.282971 0.294594 0.320647 0.315436 0.314234
0.282570 0.260125 0.299805 0.286979 0.282971 0.294594 0.320647 0.315436 0.314234 0.290185
0.260125 0.299805 0.286979 0.282971 0.294594 0.320647 0.315436 0.314234 0.290185 0.322250
0.299805 0.286979 0.282971 0.294594 0.320647 0.315436 0.314234 0.290185 0.322250 0.415238
0.286979 0.282971 0.294594 0.320647 0.315436 0.314234 0.290185 0.322250 0.415238 0.439286
0.282971 0.294594 0.320647 0.315436 0.314234 0.290185 0.322250 0.415238 0.439286 0.423654
0.294594 0.320647 0.315436 0.314234 0.290185 0.322250 0.415238 0.439286 0.423654 0.393193
0.320647 0.315436 0.314234 0.290185 0.322250 0.415238 0.439286 0.423654 0.393193 0.407221
0.315436 0.314234 0.290185 0.322250 0.415238 0.439286 0.423654 0.393193 0.407221 0.438484
0.314234 0.290185 0.322250 0.415238 0.439286 0.423654 0.393193 0.407221 0.438484 0.417642
0.290185 0.322250 0.415238 0.439286 0.423654 0.393193 0.407221 0.438484 0.417642 0.414837
0.322250 0.415238 0.439286 0.423654 0.393193 0.407221 0.438484 0.417642 0.414837 0.438484
0.415238 0.439286 0.423654 0.393193 0.407221 0.438484 0.417642 0.414837 0.438484 0.469347
0.439286 0.423654 0.393193 0.407221 0.438484 0.417642 0.414837 0.438484 0.469347 0.396400
0.423654 0.393193 0.407221 0.438484 0.417642 0.414837 0.438484 0.469347 0.396400 0.375558
0.393193 0.407221 0.438484 0.417642 0.414837 0.438484 0.469347 0.396400 0.375558 0.365537
0.407221 0.438484 0.417642 0.414837 0.438484 0.469347 0.396400 0.375558 0.365537 0.398003
0.438484 0.417642 0.414837 0.438484 0.469347 0.396400 0.375558 0.365537 0.398003 0.438484
0.417642 0.414837 0.438484 0.469347 0.396400 0.375558 0.365537 0.398003 0.438484 0.440889
0.414837 0.438484 0.469347 0.396400 0.375558 0.365537 0.398003 0.438484 0.440889 0.442493
0.438484 0.469347 0.396400 0.375558 0.365537 0.398003 0.438484 0.440889 0.442493 0.443695
0.469347 0.396400 0.375558 0.365537 0.398003 0.438484 0.440889 0.442493 0.443695 0.428865
0.396400 0.375558 0.365537 0.398003 0.438484 0.440889 0.442493 0.443695 0.428865 0.430869
0.375558 0.365537 0.398003 0.438484 0.440889 0.442493 0.443695 0.428865 0.430869 0.410829
0.365537 0.398003 0.438484 0.440889 0.442493 0.443695 0.428865 0.430869 0.410829 0.402412
0.398003 0.438484 0.440889 0.442493 0.443695 0.428865 0.430869 0.410829 0.402412 0.393594
0.438484 0.440889 0.442493 0.443695 0.428865 0.430869 0.410829 0.402412 0.393594 0.392792
0.440889 0.442493 0.443695 0.428865 0.430869 0.410829 0.402412 0.393594 0.392792 0.409226
0.442493 0.443695 0.428865 0.430869 0.410829 0.402412 0.393594 0.392792 0.409226 0.419246
0.443695 0.428865 0.430869 0.410829 0.402412 0.393594 0.392792 0.409226 0.419246 0.419246
0.428865 0.430869 0.410829 0.402412 0.393594 0.392792 0.409226 0.419246 0.419246 0.410829
0.430869 0.410829 0.402412 0.393594 0.392792 0.409226 0.419246 0.419246 0.410829 0.397602
0.410829 0.402412 0.393594 0.392792 0.409226 0.419246 0.419246 0.410829 0.397602 0.364335
0.402412 0.393594 0.392792 0.409226 0.419246 0.419246 0.410829 0.397602 0.364335 0.375958
0.393594 0.392792 0.409226 0.419246 0.419246 0.410829 0.397602 0.364335 0.375958 0.333873
0.392792 0.409226 0.419246 0.419246 0.410829 0.397602 0.364335 0.375958 0.333873 0.335477
0.409226 0.419246 0.419246 0.410829 0.397602 0.364335 0.375958 0.333873 0.335477 0.220845
0.419246 0.419246 0.410829 0.397602 0.364335 0.375958 0.333873 0.335477 0.220845 0.229262
0.419246 0.410829 0.397602 0.364335 0.375958 0.333873 0.335477 0.220845 0.229262 0.233270
0.410829 0.397602 0.364335 0.375958 0.333873 0.335477 0.220845 0.229262 0.233270 0.236076
0.397602 0.364335 0.375958 0.333873 0.335477 0.220845 0.229262 0.233270 0.236076 0.300205
0.364335 0.375958 0.333873 0.335477 0.220845 0.229262 0.233270 0.236076 0.300205 0.303813
0.375958 0.333873 0.335477 0.220845 0.229262 0.233270 0.236076 0.300205 0.303813 0.311829
0.333873 0.335477 0.220845 0.229262 0.233270 0.236076 0.300205 0.303813 0.311829 0.323853
0.335477 0.220845 0.229262 0.233270 0.236076 0.300205 0.303813 0.311829 0.323853 0.340364
0.220845 0.229262 0.233270 0.236076 0.300205 0.303813 0.311829 0.323853 0.340364 0.303718
0.229262 0.233270 0.236076 0.300205 0.303813 0.311829 0.323853 0.340364 0.303718 0.323048
0.233270 0.236076 0.300205 0.303813 0.311829 0.323853 0.340364 0.303718 0.323048 0.330699
0.236076 0.300205 0.303813 0.311829 0.323853 0.340364 0.303718 0.323048 0.330699 0.321437
0.300205 0.303813 0.311829 0.323853 0.340364 0.303718 0.323048 0.330699 0.321437 0.333518
0.303813 0.311829 0.323853 0.340364 0.303718 0.323048 0.330699 0.321437 0.333518 0.273112
0.311829 0.323853 0.340364 0.303718 0.323048 0.330699 0.321437 0.333518 0.273112 0.325464
0.323853 0.340364 0.303718 0.323048 0.330699 0.321437 0.333518 0.273112 0.325464 0.335934
0.340364 0.303718 0.323048 0.330699 0.321437 0.333518 0.273112 0.325464 0.335934 0.330297
0.303718 0.323048 0.330699 0.321437 0.333518 0.273112 0.325464 0.335934 0.330297 0.326269
0.323048 0.330699 0.321437 0.333518 0.273112 0.325464 0.335934 0.330297 0.326269 0.334726
0.330699 0.321437 0.333518 0.273112 0.325464 0.335934 0.330297 0.326269 0.334726 0.321437
0.321437 0.333518 0.273112 0.325464 0.335934 0.330297 0.326269 0.334726 0.321437 0.293247
0.333518 0.273112 0.325464 0.335934 0.330297 0.326269 0.334726 0.321437 0.293247 0.298483
0.273112 0.325464 0.335934 0.330297 0.326269 0.334726 0.321437 0.293247 0.298483 0.274723
0.325464 0.335934 0.330297 0.326269 0.334726 0.321437 0.293247 0.298483 0.274723 0.276736
0.335934 0.330297 0.326269 0.334726 0.321437 0.293247 0.298483 0.274723 0.276736 0.304121
0.330297 0.326269 0.334726 0.321437 0.293247 0.298483 0.274723 0.276736 0.304121 0.291637
0.326269 0.334726 0.321437 0.293247 0.298483 0.274723 0.276736 0.304121 0.291637 0.285193
0.334726 0.321437 0.293247 0.298483 0.274723 0.276736 0.304121 0.291637 0.285193 0.277945
0.321437 0.293247 0.298483 0.274723 0.276736 0.304121 0.291637 0.285193 0.277945 0.270696
0.293247 0.298483 0.274723 0.276736 0.304121 0.291637 0.285193 0.277945 0.270696 0.266266
0.298483 0.274723 0.276736 0.304121 0.291637 0.285193 0.277945 0.270696 0.266266 0.279958
0.274723 0.276736 0.304121 0.291637 0.285193 0.277945 0.270696 0.266266 0.279958 0.298483
0.276736 0.304121 0.291637 0.285193 0.277945 0.270696 0.266266 0.279958 0.298483 0.314591
0.304121 0.291637 0.285193 0.277945 0.270696 0.266266 0.279958 0.298483 0.314591 0.310161
0.291637 0.285193 0.277945 0.270696 0.266266 0.279958 0.298483 0.314591 0.310161 0.303315
0.285193 0.277945 0.270696 0.266266 0.279958 0.298483 0.314591 0.310161 0.303315 0.315396
0.277945 0.270696 0.266266 0.279958 0.298483 0.314591 0.310161 0.303315 0.315396 0.311772
0.270696 0.266266 0.279958 0.298483 0.314591 0.310161 0.303315 0.315396 0.311772 0.297274
0.266266 0.279958 0.298483 0.314591 0.310161 0.303315 0.315396 0.311772 0.297274 0.321437
0.279958 0.298483 0.314591 0.310161 0.303315 0.315396 0.311772 0.297274 0.321437 0.317813
0.298483 0.314591 0.310161 0.303315 0.315396 0.311772 0.297274 0.321437 0.317813 0.321840
0.314591 0.310161 0.303315 0.315396 0.311772 0.297274 0.321437 0.317813 0.321840 0.342378
0.310161 0.303315 0.315396 0.311772 0.297274 0.321437 0.317813 0.321840 0.342378 0.344794
0.303315 0.315396 0.311772 0.297274 0.321437 0.317813 0.321840 0.342378 0.344794 0.313383
0.315396 0.311772 0.297274 0.321437 0.317813 0.321840 0.342378 0.344794 0.313383 0.314994
0.311772 0.297274 0.321437 0.317813 0.321840 0.342378 0.344794 0.313383 0.314994 0.324256
0.297274 0.321437 0.317813 0.321840 0.342378 0.344794 0.313383 0.314994 0.324256 0.316202
0.321437 0.317813 0.321840 0.342378 0.344794 0.313383 0.314994 0.324256 0.316202 0.322242
0.317813 0.321840 0.342378 0.344794 0.313383 0.314994 0.324256 0.316202 0.322242 0.351640
0.321840 0.342378 0.344794 0.313383 0.314994 0.324256 0.316202 0.322242 0.351640 0.358889
0.342378 0.344794 0.313383 0.314994 0.324256 0.316202 0.322242 0.351640 0.358889 0.344391
0.344794 0.313383 0.314994 0.324256 0.316202 0.322242 0.351640 0.358889 0.344391 0.319423
0.313383 0.314994 0.324256 0.316202 0.322242 0.351640 0.358889 0.344391 0.319423 0.322645
0.314994 0.324256 0.316202 0.322242 0.351640 0.358889 0.344391 0.319423 0.322645 0.288012
0.324256 0.316202 0.322242 0.351640 0.358889 0.344391 0.319423 0.322645 0.288012 0.298483
0.316202 0.322242 0.351640 0.358889 0.344391 0.319423 0.322645 0.288012 0.298483 0.310967
0.322242 0.351640 0.358889 0.344391 0.319423 0.322645 0.288012 0.298483 0.310967 0.311772
0.351640 0.358889 0.344391 0.319423 0.322645 0.288012 0.298483 0.310967 0.311772 0.327075
0.358889 0.344391 0.319423 0.322645 0.288012 0.298483 0.310967 0.311772 0.327075 0.329894
0.344391 0.319423 0.322645 0.288012 0.298483 0.310967 0.311772 0.327075 0.329894 0.326672
0.319423 0.322645 0.288012 0.298483 0.310967 0.311772 0.327075 0.329894 0.326672 0.327880
0.322645 0.288012 0.298483 0.310967 0.311772 0.327075 0.329894 0.326672 0.327880 0.308148
0.288012 0.298483 0.310967 0.311772 0.327075 0.329894 0.326672 0.327880 0.308148 0.290831
0.298483 0.310967 0.311772 0.327075 0.329894 0.326672 0.327880 0.308148 0.290831 0.287207
0.310967 0.311772 0.327075 0.329894 0.326672 0.327880 0.308148 0.290831 0.287207 0.253379
0.311772 0.327075 0.329894 0.326672 0.327880 0.308148 0.290831 0.287207 0.253379 0.246936
0.327075 0.329894 0.326672 0.327880 0.308148 0.290831 0.287207 0.253379 0.246936 0.254587
0.329894 0.326672 0.327880 0.308148 0.290831 0.287207 0.253379 0.246936 0.254587 0.231230
0.326672 0.327880 0.308148 0.290831 0.287207 0.253379 0.246936 0.254587 0.231230 0.246936
0.327880 0.308148 0.290831 0.287207 0.253379 0.246936 0.254587 0.231230 0.246936 0.242104
0.308148 0.290831 0.287207 0.253379 0.246936 0.254587 0.231230 0.246936 0.242104 0.247339
0.290831 0.287207 0.253379 0.246936 0.254587 0.231230 0.246936 0.242104 0.247339 0.250560
0.287207 0.253379 0.246936 0.254587 0.231230 0.246936 0.242104 0.247339 0.250560 0.255393
0.253379 0.246936 0.254587 0.231230 0.246936 0.242104 0.247339 0.250560 0.255393 0.282777
0.246936 0.254587 0.231230 0.246936 0.242104 0.247339 0.250560 0.255393 0.282777 0.284791
0.254587 0.231230 0.246936 0.242104 0.247339 0.250560 0.255393 0.282777 0.284791 0.284791
0.231230 0.246936 0.242104 0.247339 0.250560 0.255393 0.282777 0.284791 0.284791 0.296872
0.246936 0.242104 0.247339 0.250560 0.255393 0.282777 0.284791 0.284791 0.296872 0.287207
0.242104 0.247339 0.250560 0.255393 0.282777 0.284791 0.284791 0.296872 0.287207 0.284388
0.247339 0.250560 0.255393 0.282777 0.284791 0.284791 0.296872 0.287207 0.284388 0.291234
0.250560 0.255393 0.282777 0.284791 0.284791 0.296872 0.287207 0.284388 0.291234 0.298483
0.255393 0.282777 0.284791 0.284791 0.296872 0.287207 0.284388 0.291234 0.298483 0.297677
0.282777 0.284791 0.284791 0.296872 0.287207 0.284388 0.291234 0.298483 0.297677 0.326672
0.284791 0.284791 0.296872 0.287207 0.284388 0.291234 0.298483 0.297677 0.326672 0.361708
0.284791 0.296872 0.287207 0.284388 0.291234 0.298483 0.297677 0.326672 0.361708 0.358889
0.296872 0.287207 0.284388 0.291234 0.298483 0.297677 0.326672 0.361708 0.358889 0.353654
0.287207 0.284388 0.291234 0.298483 0.297677 0.326672 0.361708 0.358889 0.353654 0.357278
0.284388 0.291234 0.298483 0.297677 0.326672 0.361708 0.358889 0.353654 0.357278 0.372178
0.291234 0.298483 0.297677 0.326672 0.361708 0.358889 0.353654 0.357278 0.372178 0.375803
0.298483 0.297677 0.326672 0.361708 0.358889 0.353654 0.357278 0.372178 0.375803 0.359292
0.297677 0.326672 0.361708 0.358889 0.353654 0.357278 0.372178 0.375803 0.359292 0.353251
0.326672 0.361708 0.358889 0.353654 0.357278 0.372178 0.375803 0.359292 0.353251 0.361305
0.361708 0.358889 0.353654 0.357278 0.372178 0.375803 0.359292 0.353251 0.361305 0.357681
0.358889 0.353654 0.357278 0.372178 0.375803 0.359292 0.353251 0.361305 0.357681 0.325061
0.353654 0.357278 0.372178 0.375803 0.359292 0.353251 0.361305 0.357681 0.325061 0.319423
0.357278 0.372178 0.375803 0.359292 0.353251 0.361305 0.357681 0.325061 0.319423 0.329491
0.372178 0.375803 0.359292 0.353251 0.361305 0.357681 0.325061 0.319423 0.329491 0.337545
0.375803 0.359292 0.353251 0.361305 0.357681 0.325061 0.319423 0.329491 0.337545 0.321840
0.359292 0.353251 0.361305 0.357681 0.325061 0.319423 0.329491 0.337545 0.321840 0.321437
0.353251 0.361305 0.357681 0.325061 0.319423 0.329491 0.337545 0.321840 0.321437 0.293247
0.361305 0.357681 0.325061 0.319423 0.329491 0.337545 0.321840 0.321437 0.293247 0.270696
0.357681 0.325061 0.319423 0.329491 0.337545 0.321840 0.321437 0.293247 0.270696 0.271904
0.325061 0.319423 0.329491 0.337545 0.321840 0.321437 0.293247 0.270696 0.271904 0.261836
0.319423 0.329491 0.337545 0.321840 0.321437 0.293247 0.270696 0.271904 0.261836 0.258615
0.329491 0.337545 0.321840 0.321437 0.293247 0.270696 0.271904 0.261836 0.258615 0.264655
0.337545 0.321840 0.321437 0.293247 0.270696 0.271904 0.261836 0.258615 0.264655 0.268280
0.321840 0.321437 0.293247 0.270696 0.271904 0.261836 0.258615 0.264655 0.268280 0.266669
0.321437 0.293247 0.270696 0.271904 0.261836 0.258615 0.264655 0.268280 0.266669 0.275931
0.293247 0.270696 0.271904 0.261836 0.258615 0.264655 0.268280 0.266669 0.275931 0.257004
0.270696 0.271904 0.261836 0.258615 0.264655 0.268280 0.266669 0.275931 0.257004 0.254990
0.271904 0.261836 0.258615 0.264655 0.268280 0.266669 0.275931 0.257004 0.254990 0.256198
0.261836 0.258615 0.264655 0.268280 0.266669 0.275931 0.257004 0.254990 0.256198 0.240090
0.258615 0.264655 0.268280 0.266669 0.275931 0.257004 0.254990 0.256198 0.240090 0.242909
0.264655 0.268280 0.266669 0.275931 0.257004 0.254990 0.256198 0.240090 0.242909 0.251366
0.268280 0.266669 0.275931 0.257004 0.254990 0.256198 0.240090 0.242909 0.251366 0.243312
0.266669 0.275931 0.257004 0.254990 0.256198 0.240090 0.242909 0.251366 0.243312 0.242104
0.275931 0.257004 0.254990 0.256198 0.240090 0.242909 0.251366 0.243312 0.242104 0.239285
0.257004 0.254990 0.256198 0.240090 0.242909 0.251366 0.243312 0.242104 0.239285 0.252574
0.254990 0.256198 0.240090 0.242909 0.251366 0.243312 0.242104 0.239285 0.252574 0.239687
0.256198 0.240090 0.242909 0.251366 0.243312 0.242104 0.239285 0.252574 0.239687 0.230022
0.240090 0.242909 0.251366 0.243312 0.242104 0.239285 0.252574 0.239687 0.230022 0.231633
0.242909 0.251366 0.243312 0.242104 0.239285 0.252574 0.239687 0.230022 0.231633 0.236466
0.251366 0.243312 0.242104 0.239285 0.252574 0.239687 0.230022 0.231633 0.236466 0.237674
0.243312 0.242104 0.239285 0.252574 0.239687 0.230022 0.231633 0.236466 0.237674 0.244922
0.242104 0.239285 0.252574 0.239687 0.230022 0.231633 0.236466 0.237674 0.244922 0.253782
0.239285 0.252574 0.239687 0.230022 0.231633 0.236466 0.237674 0.244922 0.253782 0.254587
0.252574 0.239687 0.230022 0.231633 0.236466 0.237674 0.244922 0.253782 0.254587 0.250158
0.239687 0.230022 0.231633 0.236466 0.237674 0.244922 0.253782 0.254587 0.250158 0.213914
0.230022 0.231633 0.236466 0.237674 0.244922 0.253782 0.254587 0.250158 0.213914 0.211095
0.231633 0.236466 0.237674 0.244922 0.253782 0.254587 0.250158 0.213914 0.211095 0.201430
0.236466 0.237674 0.244922 0.253782 0.254587 0.250158 0.213914 0.211095 0.201430 0.206263
0.237674 0.244922 0.253782 0.254587 0.250158 0.213914 0.211095 0.201430 0.206263 0.195389
0.244922 0.253782 0.254587 0.250158 0.213914 0.211095 0.201430 0.206263 0.195389 0.199819
0.253782 0.254587 0.250158 0.213914 0.211095 0.201430 0.206263 0.195389 0.199819 0.208276
0.254587 0.250158 0.213914 0.211095 0.201430 0.206263 0.195389 0.199819 0.208276 0.205457
0.250158 0.213914 0.211095 0.201430 0.206263 0.195389 0.199819 0.208276 0.205457 0.207471
0.213914 0.211095 0.201430 0.206263 0.195389 0.199819 0.208276 0.205457 0.207471 0.207873
0.211095 0.201430 0.206263 0.195389 0.199819 0.208276 0.205457 0.207471 0.207873 0.209081
0.201430 0.206263 0.195389 0.199819 0.208276 0.205457 0.207471 0.207873 0.209081 0.214317
0.206263 0.195389 0.199819 0.208276 0.205457 0.207471 0.207873 0.209081 0.214317 0.209081
0.195389 0.199819 0.208276 0.205457 0.207471 0.207873 0.209081 0.214317 0.209081 0.205457
0.199819 0.208276 0.205457 0.207471 0.207873 0.209081 0.214317 0.209081 0.205457 0.205054
0.208276 0.205457 0.207471 0.207873 0.209081 0.214317 0.209081 0.205457 0.205054 0.202235
0.205457 0.207471 0.207873 0.209081 0.214317 0.209081 0.205457 0.205054 0.202235 0.209081
0.207471 0.207873 0.209081 0.214317 0.209081 0.205457 0.205054 0.202235 0.209081 0.213511
0.207873 0.209081 0.214317 0.209081 0.205457 0.205054 0.202235 0.209081 0.213511 0.217941
0.209081 0.214317 0.209081 0.205457 0.205054 0.202235 0.209081 0.213511 0.217941 0.218344
0.214317 0.209081 0.205457 0.205054 0.202235 0.209081 0.213511 0.217941 0.218344 0.217941
0.209081 0.205457 0.205054 0.202235 0.209081 0.213511 0.217941 0.218344 0.217941 0.208679
0.205457 0.205054 0.202235 0.209081 0.213511 0.217941 0.218344 0.217941 0.208679 0.206263
0.205054 0.202235 0.209081 0.213511 0.217941 0.218344 0.217941 0.208679 0.206263 0.207068
0.202235 0.209081 0.213511 0.217941 0.218344 0.217941 0.208679 0.206263 0.207068 0.213914
0.209081 0.213511 0.217941 0.218344 0.217941 0.208679 0.206263 0.207068 0.213914 0.228814
0.213511 0.217941 0.218344 0.217941 0.208679 0.206263 0.207068 0.213914 0.228814 0.245325
0.217941 0.218344 0.217941 0.208679 0.206263 0.207068 0.213914 0.228814 0.245325 0.247741
0.218344 0.217941 0.208679 0.206263 0.207068 0.213914 0.228814 0.245325 0.247741 0.241701
0.217941 0.208679 0.206263 0.207068 0.213914 0.228814 0.245325 0.247741 0.241701 0.229620
0.208679 0.206263 0.207068 0.213914 0.228814 0.245325 0.247741 0.241701 0.229620 0.219149
0.206263 0.207068 0.213914 0.228814 0.245325 0.247741 0.241701 0.229620 0.219149 0.227203
0.207068 0.213914 0.228814 0.245325 0.247741 0.241701 0.229620 0.219149 0.227203 0.225190
0.213914 0.228814 0.245325 0.247741 0.241701 0.229620 0.219149 0.227203 0.225190 0.229620
0.228814 0.245325 0.247741 0.241701 0.229620 0.219149 0.227203 0.225190 0.229620 0.244520
0.245325 0.247741 0.241701 0.229620 0.219149 0.227203 0.225190 0.229620 0.244520 0.254990
0.247741 0.241701 0.229620 0.219149 0.227203 0.225190 0.229620 0.244520 0.254990 0.249755
0.241701 0.229620 0.219149 0.227203 0.225190 0.229620 0.244520 0.254990 0.249755 0.257406
0.229620 0.219149 0.227203 0.225190 0.229620 0.244520 0.254990 0.249755 0.257406 0.281569
0.219149 0.227203 0.225190 0.229620 0.244520 0.254990 0.249755 0.257406 0.281569 0.288012
0.227203 0.225190 0.229620 0.244520 0.254990 0.249755 0.257406 0.281569 0.288012 0.296066
0.225190 0.229620 0.244520 0.254990 0.249755 0.257406 0.281569 0.288012 0.296066 0.317410
0.229620 0.244520 0.254990 0.249755 0.257406 0.281569 0.288012 0.296066 0.317410 0.302107
0.244520 0.254990 0.249755 0.257406 0.281569 0.288012 0.296066 0.317410 0.302107 0.287609
0.254990 0.249755 0.257406 0.281569 0.288012 0.296066 0.317410 0.302107 0.287609 0.292442
