
0.278717 0.271002 0.255305 0.245462 0.271268 0.281909 0.315696 0.324475 0.346290 0.323145
0.271002 0.255305 0.245462 0.271268 0.281909 0.315696 0.324475 0.346290 0.323145 0.278185
0.255305 0.245462 0.271268 0.281909 0.315696 0.324475 0.346290 0.323145 0.278185 0.268873
0.245462 0.271268 0.281909 0.315696 0.324475 0.346290 0.323145 0.278185 0.268873 0.269938
0.271268 0.281909 0.315696 0.324475 0.346290 0.323145 0.278185 0.268873 0.269938 0.259296
0.281909 0.315696 0.324475 0.346290 0.323145 0.278185 0.268873 0.269938 0.259296 0.277919
0.315696 0.324475 0.346290 0.323145 0.278185 0.268873 0.269938 0.259296 0.277919 0.300798
0.324475 0.346290 0.323145 0.278185 0.268873 0.269938 0.259296 0.277919 0.300798 0.315962
0.346290 0.323145 0.278185 0.268873 0.269938 0.259296 0.277919 0.300798 0.315962 0.333787
0.323145 0.278185 0.268873 0.269938 0.259296 0.277919 0.300798 0.315962 0.333787 0.335383
0.278185 0.268873 0.269938 0.259296 0.277919 0.300798 0.315962 0.333787 0.335383 0.357996
0.268873 0.269938 0.259296 0.277919 0.300798 0.315962 0.333787 0.335383 0.357996 0.354804
0.269938 0.259296 0.277919 0.300798 0.315962 0.333787 0.335383 0.357996 0.354804 0.363849
0.259296 0.277919 0.300798 0.315962 0.333787 0.335383 0.357996 0.354804 0.363849 0.331925
0.277919 0.300798 0.315962 0.333787 0.335383 0.357996 0.354804 0.363849 0.331925 0.340438
0.300798 0.315962 0.333787 0.335383 0.357996 0.354804 0.363849 0.331925 0.340438 0.320485
0.315962 0.333787 0.335383 0.357996 0.354804 0.363849 0.331925 0.340438 0.320485 0.299202
0.333787 0.335383 0.357996 0.354804 0.363849 0.331925 0.340438 0.320485 0.299202 0.290423
0.335383 0.357996 0.354804 0.363849 0.331925 0.340438 0.320485 0.299202 0.290423 0.309045
0.357996 0.354804 0.363849 0.331925 0.340438 0.320485 0.299202 0.290423 0.309045 0.253177
0.354804 0.363849 0.331925 0.340438 0.320485 0.299202 0.290423 0.309045 0.253177 0.257434
0.363849 0.331925 0.340438 0.320485 0.299202 0.290423 0.309045 0.253177 0.257434 0.301330
0.331925 0.340438 0.320485 0.299202 0.290423 0.309045 0.253177 0.257434 0.301330 0.303990
0.340438 0.320485 0.299202 0.290423 0.309045 0.253177 0.257434 0.301330 0.303990 0.267543
0.320485 0.299202 0.290423 0.309045 0.253177 0.257434 0.301330 0.303990 0.267543 0.279515
0.299202 0.290423 0.309045 0.253177 0.257434 0.301330 0.303990 0.267543 0.279515 0.261956
0.290423 0.309045 0.253177 0.257434 0.301330 0.303990 0.267543 0.279515 0.261956 0.283239
0.309045 0.253177 0.257434 0.301330 0.303990 0.267543 0.279515 0.261956 0.283239 0.270470
0.253177 0.257434 0.301330 0.303990 0.267543 0.279515 0.261956 0.283239 0.270470 0.258764
0.257434 0.301330 0.303990 0.267543 0.279515 0.261956 0.283239 0.270470 0.258764 0.263287
0.301330 0.303990 0.267543 0.279515 0.261956 0.283239 0.270470 0.258764 0.263287 0.307981
0.303990 0.267543 0.279515 0.261956 0.283239 0.270470 0.258764 0.263287 0.307981 0.350015
0.267543 0.279515 0.261956 0.283239 0.270470 0.258764 0.263287 0.307981 0.350015 0.362785
0.279515 0.261956 0.283239 0.270470 0.258764 0.263287 0.307981 0.350015 0.362785 0.325007
0.261956 0.283239 0.270470 0.258764 0.263287 0.307981 0.350015 0.362785 0.325007 0.348152
0.283239 0.270470 0.258764 0.263287 0.307981 0.350015 0.362785 0.325007 0.348152 0.349483
0.270470 0.258764 0.263287 0.307981 0.350015 0.362785 0.325007 0.348152 0.349483 0.367574
0.258764 0.263287 0.307981 0.350015 0.362785 0.325007 0.348152 0.349483 0.367574 0.364913
0.263287 0.307981 0.350015 0.362785 0.325007 0.348152 0.349483 0.367574 0.364913 0.361189
0.307981 0.350015 0.362785 0.325007 0.348152 0.349483 0.367574 0.364913 0.361189 0.364381
0.350015 0.362785 0.325007 0.348152 0.349483 0.367574 0.364913 0.361189 0.364381 0.343364
0.362785 0.325007 0.348152 0.349483 0.367574 0.364913 0.361189 0.364381 0.343364 0.350281
0.325007 0.348152 0.349483 0.367574 0.364913 0.361189 0.364381 0.343364 0.350281 0.369702
0.348152 0.349483 0.367574 0.364913 0.361189 0.364381 0.343364 0.350281 0.369702 0.367041
0.349483 0.367574 0.364913 0.361189 0.364381 0.343364 0.350281 0.369702 0.367041 0.372894
0.367574 0.364913 0.361189 0.364381 0.343364 0.350281 0.369702 0.367041 0.372894 0.385132
0.364913 0.361189 0.364381 0.343364 0.350281 0.369702 0.367041 0.372894 0.385132 0.380343
0.361189 0.364381 0.343364 0.350281 0.369702 0.367041 0.372894 0.385132 0.380343 0.357198
0.364381 0.343364 0.350281 0.369702 0.367041 0.372894 0.385132 0.380343 0.357198 0.355868
0.343364 0.350281 0.369702 0.367041 0.372894 0.385132 0.380343 0.357198 0.355868 0.365977
0.350281 0.369702 0.367041 0.372894 0.385132 0.380343 0.357198 0.355868 0.365977 0.366775
0.369702 0.367041 0.372894 0.385132 0.380343 0.357198 0.355868 0.365977 0.366775 0.335116
0.367041 0.372894 0.385132 0.380343 0.357198 0.355868 0.365977 0.366775 0.335116 0.332190
0.372894 0.385132 0.380343 0.357198 0.355868 0.365977 0.366775 0.335116 0.332190 0.296807
0.385132 0.380343 0.357198 0.355868 0.365977 0.366775 0.335116 0.332190 0.296807 0.292817
0.380343 0.357198 0.355868 0.365977 0.366775 0.335116 0.332190 0.296807 0.292817 0.307183
0.357198 0.355868 0.365977 0.366775 0.335116 0.332190 0.296807 0.292817 0.307183 0.394975
0.355868 0.365977 0.366775 0.335116 0.332190 0.296807 0.292817 0.307183 0.394975 0.368372
0.365977 0.366775 0.335116 0.332190 0.296807 0.292817 0.307183 0.394975 0.368372 0.407213
0.366775 0.335116 0.332190 0.296807 0.292817 0.307183 0.394975 0.368372 0.407213 0.425570
0.335116 0.332190 0.296807 0.292817 0.307183 0.394975 0.368372 0.407213 0.425570 0.400828
0.332190 0.296807 0.292817 0.307183 0.394975 0.368372 0.407213 0.425570 0.400828 0.387792
0.296807 0.292817 0.307183 0.394975 0.368372 0.407213 0.425570 0.400828 0.387792 0.384510
0.292817 0.307183 0.394975 0.368372 0.407213 0.425570 0.400828 0.387792 0.384510 0.367553
0.307183 0.394975 0.368372 0.407213 0.425570 0.400828 0.387792 0.384510 0.367553 0.373570
0.394975 0.368372 0.407213 0.425570 0.400828 0.387792 0.384510 0.367553 0.373570 0.377946
0.368372 0.407213 0.425570 0.400828 0.387792 0.384510 0.367553 0.373570 0.377946 0.397091
0.407213 0.425570 0.400828 0.387792 0.384510 0.367553 0.373570 0.377946 0.397091 0.396818
0.425570 0.400828 0.387792 0.384510 0.367553 0.373570 0.377946 0.397091 0.396818 0.436201
0.400828 0.387792 0.384510 0.367553 0.373570 0.377946 0.397091 0.396818 0.436201 0.456714
0.387792 0.384510 0.367553 0.373570 0.377946 0.397091 0.396818 0.436201 0.456714 0.454252
0.384510 0.367553 0.373570 0.377946 0.397091 0.396818 0.436201 0.456714 0.454252 0.437569
0.367553 0.373570 0.377946 0.397091 0.396818 0.436201 0.456714 0.454252 0.437569 0.451244
0.373570 0.377946 0.397091 0.396818 0.436201 0.456714 0.454252 0.437569 0.451244 0.459448
0.377946 0.397091 0.396818 0.436201 0.456714 0.454252 0.437569 0.451244 0.459448 0.470388
0.397091 0.396818 0.436201 0.456714 0.454252 0.437569 0.451244 0.459448 0.470388 0.462184
0.396818 0.436201 0.456714 0.454252 0.437569 0.451244 0.459448 0.470388 0.462184 0.462457
0.436201 0.456714 0.454252 0.437569 0.451244 0.459448 0.470388 0.462184 0.462457 0.481328
0.456714 0.454252 0.437569 0.451244 0.459448 0.470388 0.462184 0.462457 0.481328 0.479414
0.454252 0.437569 0.451244 0.459448 0.470388 0.462184 0.462457 0.481328 0.479414 0.438389
0.437569 0.451244 0.459448 0.470388 0.462184 0.462457 0.481328 0.479414 0.438389 0.437569
0.451244 0.459448 0.470388 0.462184 0.462457 0.481328 0.479414 0.438389 0.437569 0.437022
0.459448 0.470388 0.462184 0.462457 0.481328 0.479414 0.438389 0.437569 0.437022 0.434834
0.470388 0.462184 0.462457 0.481328 0.479414 0.438389 0.437569 0.437022 0.434834 0.431552
0.462184 0.462457 0.481328 0.479414 0.438389 0.437569 0.437022 0.434834 0.431552 0.414595
0.462457 0.481328 0.479414 0.438389 0.437569 0.437022 0.434834 0.431552 0.414595 0.400920
0.481328 0.479414 0.438389 0.437569 0.437022 0.434834 0.431552 0.414595 0.400920 0.387792
0.479414 0.438389 0.437569 0.437022 0.434834 0.431552 0.414595 0.400920 0.387792 0.373023
0.438389 0.437569 0.437022 0.434834 0.431552 0.414595 0.400920 0.387792 0.373023 0.382322
0.437569 0.437022 0.434834 0.431552 0.414595 0.400920 0.387792 0.373023 0.382322 0.390527
0.437022 0.434834 0.431552 0.414595 0.400920 0.387792 0.373023 0.382322 0.390527 0.372750
0.434834 0.431552 0.414595 0.400920 0.387792 0.373023 0.382322 0.390527 0.372750 0.370836
0.431552 0.414595 0.400920 0.387792 0.373023 0.382322 0.390527 0.372750 0.370836 0.374391
0.414595 0.400920 0.387792 0.373023 0.382322 0.390527 0.372750 0.370836 0.374391 0.376306
0.400920 0.387792 0.373023 0.382322 0.390527 0.372750 0.370836 0.374391 0.376306 0.368921
0.387792 0.373023 0.382322 0.390527 0.372750 0.370836 0.374391 0.376306 0.368921 0.388613
0.373023 0.382322 0.390527 0.372750 0.370836 0.374391 0.376306 0.368921 0.388613 0.389160
0.382322 0.390527 0.372750 0.370836 0.374391 0.376306 0.368921 0.388613 0.389160 0.389433
0.390527 0.372750 0.370836 0.374391 0.376306 0.368921 0.388613 0.389160 0.389433 0.385057
0.372750 0.370836 0.374391 0.376306 0.368921 0.388613 0.389160 0.389433 0.385057 0.375758
0.370836 0.374391 0.376306 0.368921 0.388613 0.389160 0.389433 0.385057 0.375758 0.369741
0.374391 0.376306 0.368921 0.388613 0.389160 0.389433 0.385057 0.375758 0.369741 0.358255
0.376306 0.368921 0.388613 0.389160 0.389433 0.385057 0.375758 0.369741 0.358255 0.371930
0.368921 0.388613 0.389160 0.389433 0.385057 0.375758 0.369741 0.358255 0.371930 0.358528
0.388613 0.389160 0.389433 0.385057 0.375758 0.369741 0.358255 0.371930 0.358528 0.395997
0.389160 0.389433 0.385057 0.375758 0.369741 0.358255 0.371930 0.358528 0.395997 0.411313
0.389433 0.385057 0.375758 0.369741 0.358255 0.371930 0.358528 0.395997 0.411313 0.424988
0.385057 0.375758 0.369741 0.358255 0.371930 0.358528 0.395997 0.411313 0.424988 0.441398
0.375758 0.369741 0.358255 0.371930 0.358528 0.395997 0.411313 0.424988 0.441398 0.444680
0.369741 0.358255 0.371930 0.358528 0.395997 0.411313 0.424988 0.441398 0.444680 0.466286
0.358255 0.371930 0.358528 0.395997 0.411313 0.424988 0.441398 0.444680 0.466286 0.492542
0.371930 0.358528 0.395997 0.411313 0.424988 0.441398 0.444680 0.466286 0.492542 0.500473
0.358528 0.395997 0.411313 0.424988 0.441398 0.444680 0.466286 0.492542 0.500473 0.491174
0.395997 0.411313 0.424988 0.441398 0.444680 0.466286 0.492542 0.500473 0.491174 0.475038
0.411313 0.424988 0.441398 0.444680 0.466286 0.492542 0.500473 0.491174 0.475038 0.501841
0.424988 0.441398 0.444680 0.466286 0.492542 0.500473 0.491174 0.475038 0.501841 0.484337
0.441398 0.444680 0.466286 0.492542 0.500473 0.491174 0.475038 0.501841 0.484337 0.487619
0.444680 0.466286 0.492542 0.500473 0.491174 0.475038 0.501841 0.484337 0.487619 0.486525
0.466286 0.492542 0.500473 0.491174 0.475038 0.501841 0.484337 0.487619 0.486525 0.477499
0.492542 0.500473 0.491174 0.475038 0.501841 0.484337 0.487619 0.486525 0.477499 0.481055
0.500473 0.491174 0.475038 0.501841 0.484337 0.487619 0.486525 0.477499 0.481055 0.492815
0.491174 0.475038 0.501841 0.484337 0.487619 0.486525 0.477499 0.481055 0.492815 0.499106
0.475038 0.501841 0.484337 0.487619 0.486525 0.477499 0.481055 0.492815 0.499106 0.447141
0.501841 0.484337 0.487619 0.486525 0.477499 0.481055 0.492815 0.499106 0.447141 0.421706
0.484337 0.487619 0.486525 0.477499 0.481055 0.492815 0.499106 0.447141 0.421706 0.420885
0.487619 0.486525 0.477499 0.481055 0.492815 0.499106 0.447141 0.421706 0.420885 0.442492
0.486525 0.477499 0.481055 0.492815 0.499106 0.447141 0.421706 0.420885 0.442492 0.428817
0.477499 0.481055 0.492815 0.499106 0.447141 0.421706 0.420885 0.442492 0.428817 0.553805
0.481055 0.492815 0.499106 0.447141 0.421706 0.420885 0.442492 0.428817 0.553805 0.596744
0.492815 0.499106 0.447141 0.421706 0.420885 0.442492 0.428817 0.553805 0.596744 0.597565
0.499106 0.447141 0.421706 0.420885 0.442492 0.428817 0.553805 0.596744 0.597565 0.574318
0.447141 0.421706 0.420885 0.442492 0.428817 0.553805 0.596744 0.597565 0.574318 0.575138
0.421706 0.420885 0.442492 0.428817 0.553805 0.596744 0.597565 0.574318 0.575138 0.560369
0.420885 0.442492 0.428817 0.553805 0.596744 0.597565 0.574318 0.575138 0.560369 0.571309
0.442492 0.428817 0.553805 0.596744 0.597565 0.574318 0.575138 0.560369 0.571309 0.567207
0.428817 0.553805 0.596744 0.597565 0.574318 0.575138 0.560369 0.571309 0.567207 0.575685
0.553805 0.596744 0.597565 0.574318 0.575138 0.560369 0.571309 0.567207 0.575685 0.584164
0.596744 0.597565 0.574318 0.575138 0.560369 0.571309 0.567207 0.575685 0.584164 0.567754
0.597565 0.574318 0.575138 0.560369 0.571309 0.567207 0.575685 0.584164 0.567754 0.581702
0.574318 0.575138 0.560369 0.571309 0.567207 0.575685 0.584164 0.567754 0.581702 0.608231
0.575138 0.560369 0.571309 0.567207 0.575685 0.584164 0.567754 0.581702 0.608231 0.617257
0.560369 0.571309 0.567207 0.575685 0.584164 0.567754 0.581702 0.608231 0.617257 0.624915
0.571309 0.567207 0.575685 0.584164 0.567754 0.581702 0.608231 0.617257 0.624915 0.650897
0.567207 0.575685 0.584164 0.567754 0.581702 0.608231 0.617257 0.624915 0.650897 0.621360
0.575685 0.584164 0.567754 0.581702 0.608231 0.617257 0.624915 0.650897 0.621360 0.636402
0.584164 0.567754 0.581702 0.608231 0.617257 0.624915 0.650897 0.621360 0.636402 0.618624
0.567754 0.581702 0.608231 0.617257 0.624915 0.650897 0.621360 0.636402 0.618624 0.630111
0.581702 0.608231 0.617257 0.624915 0.650897 0.621360 0.636402 0.618624 0.630111 0.664572
0.608231 0.617257 0.624915 0.650897 0.621360 0.636402 0.618624 0.630111 0.664572 0.687819
0.617257 0.624915 0.650897 0.621360 0.636402 0.618624 0.630111 0.664572 0.687819 0.703955
0.624915 0.650897 0.621360 0.636402 0.618624 0.630111 0.664572 0.687819 0.703955 0.686178
0.650897 0.621360 0.636402 0.618624 0.630111 0.664572 0.687819 0.703955 0.686178 0.698759
0.621360 0.636402 0.618624 0.630111 0.664572 0.687819 0.703955 0.686178 0.698759 0.690007
0.636402 0.618624 0.630111 0.664572 0.687819 0.703955 0.686178 0.698759 0.690007 0.684811
0.618624 0.630111 0.664572 0.687819 0.703955 0.686178 0.698759 0.690007 0.684811 0.706964
0.630111 0.664572 0.687819 0.703955 0.686178 0.698759 0.690007 0.684811 0.706964 0.700947
0.664572 0.687819 0.703955 0.686178 0.698759 0.690007 0.684811 0.706964 0.700947 0.688366
0.687819 0.703955 0.686178 0.698759 0.690007 0.684811 0.706964 0.700947 0.688366 0.653632
0.703955 0.686178 0.698759 0.690007 0.684811 0.706964 0.700947 0.688366 0.653632 0.650897
0.686178 0.698759 0.690007 0.684811 0.706964 0.700947 0.688366 0.653632 0.650897 0.667854
0.698759 0.690007 0.684811 0.706964 0.700947 0.688366 0.653632 0.650897 0.667854 0.686725
0.690007 0.684811 0.706964 0.700947 0.688366 0.653632 0.650897 0.667854 0.686725 0.659922
0.684811 0.706964 0.700947 0.688366 0.653632 0.650897 0.667854 0.686725 0.659922 0.651444
0.706964 0.700947 0.688366 0.653632 0.650897 0.667854 0.686725 0.659922 0.651444 0.658828
0.700947 0.688366 0.653632 0.650897 0.667854 0.686725 0.659922 0.651444 0.658828 0.658828
0.688366 0.653632 0.650897 0.667854 0.686725 0.659922 0.651444 0.658828 0.658828 0.666486
0.653632 0.650897 0.667854 0.686725 0.659922 0.651444 0.658828 0.658828 0.666486 0.653905
0.650897 0.667854 0.686725 0.659922 0.651444 0.658828 0.658828 0.666486 0.653905 0.648162
0.667854 0.686725 0.659922 0.651444 0.658828 0.658828 0.666486 0.653905 0.648162 0.661016
0.686725 0.659922 0.651444 0.658828 0.658828 0.666486 0.653905 0.648162 0.661016 0.662657
0.659922 0.651444 0.658828 0.658828 0.666486 0.653905 0.648162 0.661016 0.662657 0.682075
0.651444 0.658828 0.658828 0.666486 0.653905 0.648162 0.661016 0.662657 0.682075 0.675512
0.658828 0.658828 0.666486 0.653905 0.648162 0.661016 0.662657 0.682075 0.675512 0.667307
0.658828 0.666486 0.653905 0.648162 0.661016 0.662657 0.682075 0.675512 0.667307 0.689187
0.666486 0.653905 0.648162 0.661016 0.662657 0.682075 0.675512 0.667307 0.689187 0.706964
0.653905 0.648162 0.661016 0.662657 0.682075 0.675512 0.667307 0.689187 0.706964 0.695750
0.648162 0.661016 0.662657 0.682075 0.675512 0.667307 0.689187 0.706964 0.695750 0.713801
0.661016 0.662657 0.682075 0.675512 0.667307 0.689187 0.706964 0.695750 0.713801 0.717904
0.662657 0.682075 0.675512 0.667307 0.689187 0.706964 0.695750 0.713801 0.717904 0.687819
0.682075 0.675512 0.667307 0.689187 0.706964 0.695750 0.713801 0.717904 0.687819 0.677426
0.675512 0.667307 0.689187 0.706964 0.695750 0.713801 0.717904 0.687819 0.677426 0.676332
0.667307 0.689187 0.706964 0.695750 0.713801 0.717904 0.687819 0.677426 0.676332 0.664025
0.689187 0.706964 0.695750 0.713801 0.717904 0.687819 0.677426 0.676332 0.664025 0.619445
0.706964 0.695750 0.713801 0.717904 0.687819 0.677426 0.676332 0.664025 0.619445 0.589360
0.695750 0.713801 0.717904 0.687819 0.677426 0.676332 0.664025 0.619445 0.589360 0.596471
0.713801 0.717904 0.687819 0.677426 0.676332 0.664025 0.619445 0.589360 0.596471 0.609052
0.717904 0.687819 0.677426 0.676332 0.664025 0.619445 0.589360 0.596471 0.609052 0.623274
0.687819 0.677426 0.676332 0.664025 0.619445 0.589360 0.596471 0.609052 0.623274 0.610146
0.677426 0.676332 0.664025 0.619445 0.589360 0.596471 0.609052 0.623274 0.610146 0.595498
0.676332 0.664025 0.619445 0.589360 0.596471 0.609052 0.623274 0.610146 0.595498 0.530992
0.664025 0.619445 0.589360 0.596471 0.609052 0.623274 0.610146 0.595498 0.530992 0.552963
0.619445 0.589360 0.596471 0.609052 0.623274 0.610146 0.595498 0.530992 0.552963 0.585921
0.589360 0.596471 0.609052 0.623274 0.610146 0.595498 0.530992 0.552963 0.585921 0.609582
0.596471 0.609052 0.623274 0.610146 0.595498 0.530992 0.552963 0.585921 0.609582 0.606484
0.609052 0.623274 0.610146 0.595498 0.530992 0.552963 0.585921 0.609582 0.606484 0.608737
0.623274 0.610146 0.595498 0.530992 0.552963 0.585921 0.609582 0.606484 0.608737 0.617188
0.610146 0.595498 0.530992 0.552963 0.585921 0.609582 0.606484 0.608737 0.617188 0.599160
0.595498 0.530992 0.552963 0.585921 0.609582 0.606484 0.608737 0.617188 0.599160 0.610146
0.530992 0.552963 0.585921 0.609582 0.606484 0.608737 0.617188 0.599160 0.610146 0.600287
0.552963 0.585921 0.609582 0.606484 0.608737 0.617188 0.599160 0.610146 0.600287 0.617470
0.585921 0.609582 0.606484 0.608737 0.617188 0.599160 0.610146 0.600287 0.617470 0.663666
0.609582 0.606484 0.608737 0.617188 0.599160 0.610146 0.600287 0.617470 0.663666 0.660568
0.606484 0.608737 0.617188 0.599160 0.610146 0.600287 0.617470 0.663666 0.660568 0.656061
0.608737 0.617188 0.599160 0.610146 0.600287 0.617470 0.663666 0.660568 0.656061 0.653526
0.617188 0.599160 0.610146 0.600287 0.617470 0.663666 0.660568 0.656061 0.653526 0.669300
0.599160 0.610146 0.600287 0.617470 0.663666 0.660568 0.656061 0.653526 0.669300 0.677469
0.610146 0.600287 0.617470 0.663666 0.660568 0.656061 0.653526 0.669300 0.677469 0.685074
0.600287 0.617470 0.663666 0.660568 0.656061 0.653526 0.669300 0.677469 0.685074 0.687328
0.617470 0.663666 0.660568 0.656061 0.653526 0.669300 0.677469 0.685074 0.687328 0.707328
0.663666 0.660568 0.656061 0.653526 0.669300 0.677469 0.685074 0.687328 0.707328 0.728454
0.660568 0.656061 0.653526 0.669300 0.677469 0.685074 0.687328 0.707328 0.728454 0.750707
0.656061 0.653526 0.669300 0.677469 0.685074 0.687328 0.707328 0.728454 0.750707 0.738032
0.653526 0.669300 0.677469 0.685074 0.687328 0.707328 0.728454 0.750707 0.738032 0.753524
0.669300 0.677469 0.685074 0.687328 0.707328 0.728454 0.750707 0.738032 0.753524 0.739440
0.677469 0.685074 0.687328 0.707328 0.728454 0.750707 0.738032 0.753524 0.739440 0.751834
0.685074 0.687328 0.707328 0.728454 0.750707 0.738032 0.753524 0.739440 0.751834 0.751834
0.687328 0.707328 0.728454 0.750707 0.738032 0.753524 0.739440 0.751834 0.751834 0.748172
0.707328 0.728454 0.750707 0.738032 0.753524 0.739440 0.751834 0.751834 0.748172 0.749581
0.728454 0.750707 0.738032 0.753524 0.739440 0.751834 0.751834 0.748172 0.749581 0.734933
0.750707 0.738032 0.753524 0.739440 0.751834 0.751834 0.748172 0.749581 0.734933 0.723665
0.738032 0.753524 0.739440 0.751834 0.751834 0.748172 0.749581 0.734933 0.723665 0.733806
0.753524 0.739440 0.751834 0.751834 0.748172 0.749581 0.734933 0.723665 0.733806 0.713807
0.739440 0.751834 0.751834 0.748172 0.749581 0.734933 0.723665 0.733806 0.713807 0.726482
0.751834 0.751834 0.748172 0.749581 0.734933 0.723665 0.733806 0.713807 0.726482 0.679159
0.751834 0.748172 0.749581 0.734933 0.723665 0.733806 0.713807 0.726482 0.679159 0.615498
0.748172 0.749581 0.734933 0.723665 0.733806 0.713807 0.726482 0.679159 0.615498 0.622540
0.749581 0.734933 0.723665 0.733806 0.713807 0.726482 0.679159 0.615498 0.622540 0.632399
0.734933 0.723665 0.733806 0.713807 0.726482 0.679159 0.615498 0.622540 0.632399 0.650990
0.723665 0.733806 0.713807 0.726482 0.679159 0.615498 0.622540 0.632399 0.650990 0.639160
0.733806 0.713807 0.726482 0.679159 0.615498 0.622540 0.632399 0.650990 0.639160 0.636906
0.713807 0.726482 0.679159 0.615498 0.622540 0.632399 0.650990 0.639160 0.636906 0.655779
0.726482 0.679159 0.615498 0.622540 0.632399 0.650990 0.639160 0.636906 0.655779 0.664230
0.679159 0.615498 0.622540 0.632399 0.650990 0.639160 0.636906 0.655779 0.664230 0.670990
0.615498 0.622540 0.632399 0.650990 0.639160 0.636906 0.655779 0.664230 0.670990 0.702539
0.622540 0.632399 0.650990 0.639160 0.636906 0.655779 0.664230 0.670990 0.702539 0.693525
0.632399 0.650990 0.639160 0.636906 0.655779 0.664230 0.670990 0.702539 0.693525 0.680286
0.650990 0.639160 0.636906 0.655779 0.664230 0.670990 0.702539 0.693525 0.680286 0.684511
0.639160 0.636906 0.655779 0.664230 0.670990 0.702539 0.693525 0.680286 0.684511 0.680849
0.636906 0.655779 0.664230 0.670990 0.702539 0.693525 0.680286 0.684511 0.680849 0.688737
0.655779 0.664230 0.670990 0.702539 0.693525 0.680286 0.684511 0.680849 0.688737 0.698595
0.664230 0.670990 0.702539 0.693525 0.680286 0.684511 0.680849 0.688737 0.698595 0.710144
0.670990 0.702539 0.693525 0.680286 0.684511 0.680849 0.688737 0.698595 0.710144 0.703947
0.702539 0.693525 0.680286 0.684511 0.680849 0.688737 0.698595 0.710144 0.703947 0.703384
0.693525 0.680286 0.684511 0.680849 0.688737 0.698595 0.710144 0.703947 0.703384 0.681694
0.680286 0.684511 0.680849 0.688737 0.698595 0.710144 0.703947 0.703384 0.681694 0.652681
0.684511 0.680849 0.688737 0.698595 0.710144 0.703947 0.703384 0.681694 0.652681 0.640850
0.680849 0.688737 0.698595 0.710144 0.703947 0.703384 0.681694 0.652681 0.640850 0.607329
0.688737 0.698595 0.710144 0.703947 0.703384 0.681694 0.652681 0.640850 0.607329 0.625638
0.698595 0.710144 0.703947 0.703384 0.681694 0.652681 0.640850 0.607329 0.625638 0.634089
0.710144 0.703947 0.703384 0.681694 0.652681 0.640850 0.607329 0.625638 0.634089 0.663385
0.703947 0.703384 0.681694 0.652681 0.640850 0.607329 0.625638 0.634089 0.663385 0.667046
0.703384 0.681694 0.652681 0.640850 0.607329 0.625638 0.634089 0.663385 0.667046 0.691835
0.681694 0.652681 0.640850 0.607329 0.625638 0.634089 0.663385 0.667046 0.691835 0.713807
0.652681 0.640850 0.607329 0.625638 0.634089 0.663385 0.667046 0.691835 0.713807 0.669018
0.640850 0.607329 0.625638 0.634089 0.663385 0.667046 0.691835 0.713807 0.669018 0.683948
0.607329 0.625638 0.634089 0.663385 0.667046 0.691835 0.713807 0.669018 0.683948 0.709863
0.625638 0.634089 0.663385 0.667046 0.691835 0.713807 0.669018 0.683948 0.709863 0.700004
0.634089 0.663385 0.667046 0.691835 0.713807 0.669018 0.683948 0.709863 0.700004 0.709299
0.663385 0.667046 0.691835 0.713807 0.669018 0.683948 0.709863 0.700004 0.709299 0.679159
0.667046 0.691835 0.713807 0.669018 0.683948 0.709863 0.700004 0.709299 0.679159 0.671553
0.691835 0.713807 0.669018 0.683948 0.709863 0.700004 0.709299 0.679159 0.671553 0.679159
0.713807 0.669018 0.683948 0.709863 0.700004 0.709299 0.679159 0.671553 0.679159 0.687328
0.669018 0.683948 0.709863 0.700004 0.709299 0.679159 0.671553 0.679159 0.687328 0.711271
0.683948 0.709863 0.700004 0.709299 0.679159 0.671553 0.679159 0.687328 0.711271 0.738032
0.709863 0.700004 0.709299 0.679159 0.671553 0.679159 0.687328 0.711271 0.738032 0.735496
0.700004 0.709299 0.679159 0.671553 0.679159 0.687328 0.711271 0.738032 0.735496 0.713525
0.709299 0.679159 0.671553 0.679159 0.687328 0.711271 0.738032 0.735496 0.713525 0.730708
0.679159 0.671553 0.679159 0.687328 0.711271 0.738032 0.735496 0.713525 0.730708 0.671835
0.671553 0.679159 0.687328 0.711271 0.738032 0.735496 0.713525 0.730708 0.671835 0.628737
0.679159 0.687328 0.711271 0.738032 0.735496 0.713525 0.730708 0.671835 0.628737 0.651554
0.687328 0.711271 0.738032 0.735496 0.713525 0.730708 0.671835 0.628737 0.651554 0.661976
0.711271 0.738032 0.735496 0.713525 0.730708 0.671835 0.628737 0.651554 0.661976 0.669582
0.738032 0.735496 0.713525 0.730708 0.671835 0.628737 0.651554 0.661976 0.669582 0.668737
0.735496 0.713525 0.730708 0.671835 0.628737 0.651554 0.661976 0.669582 0.668737 0.699159
0.713525 0.730708 0.671835 0.628737 0.651554 0.661976 0.669582 0.668737 0.699159 0.682539
0.730708 0.671835 0.628737 0.651554 0.661976 0.669582 0.668737 0.699159 0.682539 0.692117
0.671835 0.628737 0.651554 0.661976 0.669582 0.668737 0.699159 0.682539 0.692117 0.731553
0.628737 0.651554 0.661976 0.669582 0.668737 0.699159 0.682539 0.692117 0.731553 0.743947
0.651554 0.661976 0.669582 0.668737 0.699159 0.682539 0.692117 0.731553 0.743947 0.743947
0.661976 0.669582 0.668737 0.699159 0.682539 0.692117 0.731553 0.743947 0.743947 0.739158
0.669582 0.668737 0.699159 0.682539 0.692117 0.731553 0.743947 0.743947 0.739158 0.725637
0.668737 0.699159 0.682539 0.692117 0.731553 0.743947 0.743947 0.739158 0.725637 0.714088
0.699159 0.682539 0.692117 0.731553 0.743947 0.743947 0.739158 0.725637 0.714088 0.710426
0.682539 0.692117 0.731553 0.743947 0.743947 0.739158 0.725637 0.714088 0.710426 0.720567
0.692117 0.731553 0.743947 0.743947 0.739158 0.725637 0.714088 0.710426 0.720567 0.721412
0.731553 0.743947 0.743947 0.739158 0.725637 0.714088 0.710426 0.720567 0.721412 0.687610
0.743947 0.743947 0.739158 0.725637 0.714088 0.710426 0.720567 0.721412 0.687610 0.687046
0.743947 0.739158 0.725637 0.714088 0.710426 0.720567 0.721412 0.687610 0.687046 0.699159
0.739158 0.725637 0.714088 0.710426 0.720567 0.721412 0.687610 0.687046 0.699159 0.683948
0.725637 0.714088 0.710426 0.720567 0.721412 0.687610 0.687046 0.699159 0.683948 0.724229
0.714088 0.710426 0.720567 0.721412 0.687610 0.687046 0.699159 0.683948 0.724229 0.715778
0.710426 0.720567 0.721412 0.687610 0.687046 0.699159 0.683948 0.724229 0.715778 0.732398
0.720567 0.721412 0.687610 0.687046 0.699159 0.683948 0.724229 0.715778 0.732398 0.760848
0.721412 0.687610 0.687046 0.699159 0.683948 0.724229 0.715778 0.732398 0.760848 0.760285
0.687610 0.687046 0.699159 0.683948 0.724229 0.715778 0.732398 0.760848 0.760285 0.779721
0.687046 0.699159 0.683948 0.724229 0.715778 0.732398 0.760848 0.760285 0.779721 0.793524
0.699159 0.683948 0.724229 0.715778 0.732398 0.760848 0.760285 0.779721 0.793524 0.816059
0.683948 0.724229 0.715778 0.732398 0.760848 0.760285 0.779721 0.793524 0.816059 0.804510
0.724229 0.715778 0.732398 0.760848 0.760285 0.779721 0.793524 0.816059 0.804510 0.801129
0.715778 0.732398 0.760848 0.760285 0.779721 0.793524 0.816059 0.804510 0.801129 0.788453
0.732398 0.760848 0.760285 0.779721 0.793524 0.816059 0.804510 0.801129 0.788453 0.815777
0.760848 0.760285 0.779721 0.793524 0.816059 0.804510 0.801129 0.788453 0.815777 0.817749
0.760285 0.779721 0.793524 0.816059 0.804510 0.801129 0.788453 0.815777 0.817749 0.829580
0.779721 0.793524 0.816059 0.804510 0.801129 0.788453 0.815777 0.817749 0.829580 0.803664
0.793524 0.816059 0.804510 0.801129 0.788453 0.815777 0.817749 0.829580 0.803664 0.820284
0.816059 0.804510 0.801129 0.788453 0.815777 0.817749 0.829580 0.803664 0.820284 0.843664
0.804510 0.801129 0.788453 0.815777 0.817749 0.829580 0.803664 0.820284 0.843664 0.838594
0.801129 0.788453 0.815777 0.817749 0.829580 0.803664 0.820284 0.843664 0.838594 0.818594
0.788453 0.815777 0.817749 0.829580 0.803664 0.820284 0.843664 0.838594 0.818594 0.811833
0.815777 0.817749 0.829580 0.803664 0.820284 0.843664 0.838594 0.818594 0.811833 0.782820
0.817749 0.829580 0.803664 0.820284 0.843664 0.838594 0.818594 0.811833 0.782820 0.809580
0.829580 0.803664 0.820284 0.843664 0.838594 0.818594 0.811833 0.782820 0.809580 0.825636
0.803664 0.820284 0.843664 0.838594 0.818594 0.811833 0.782820 0.809580 0.825636 0.812115
0.820284 0.843664 0.838594 0.818594 0.811833 0.782820 0.809580 0.825636 0.812115 0.823383
0.843664 0.838594 0.818594 0.811833 0.782820 0.809580 0.825636 0.812115 0.823383 0.920846
0.838594 0.818594 0.811833 0.782820 0.809580 0.825636 0.812115 0.823383 0.920846 0.936339
0.818594 0.811833 0.782820 0.809580 0.825636 0.812115 0.823383 0.920846 0.936339 1.000000
0.811833 0.782820 0.809580 0.825636 0.812115 0.823383 0.920846 0.936339 1.000000 0.956902
0.782820 0.809580 0.825636 0.812115 0.823383 0.920846 0.936339 1.000000 0.956902 0.979437
0.809580 0.825636 0.812115 0.823383 0.920846 0.936339 1.000000 0.956902 0.979437 0.967050
0.825636 0.812115 0.823383 0.920846 0.936339 1.000000 0.956902 0.979437 0.967050 0.967626
0.812115 0.823383 0.920846 0.936339 1.000000 0.956902 0.979437 0.967050 0.967626 0.994993
0.823383 0.920846 0.936339 1.000000 0.956902 0.979437 0.967050 0.967626 0.994993 0.971659
0.920846 0.936339 1.000000 0.956902 0.979437 0.967050 0.967626 0.994993 0.971659 0.937379
0.936339 1.000000 0.956902 0.979437 0.967050 0.967626 0.994993 0.971659 0.937379 0.895609
1.000000 0.956902 0.979437 0.967050 0.967626 0.994993 0.971659 0.937379 0.895609 0.869106
0.956902 0.979437 0.967050 0.967626 0.994993 0.971659 0.937379 0.895609 0.869106 0.792768
0.979437 0.967050 0.967626 0.994993 0.971659 0.937379 0.895609 0.869106 0.792768 0.755031
0.967050 0.967626 0.994993 0.971659 0.937379 0.895609 0.869106 0.792768 0.755031 0.715853
0.967626 0.994993 0.971659 0.937379 0.895609 0.869106 0.792768 0.755031 0.715853 0.658239
0.994993 0.971659 0.937379 0.895609 0.869106 0.792768 0.755031 0.715853 0.658239 0.647869
0.971659 0.937379 0.895609 0.869106 0.792768 0.755031 0.715853 0.658239 0.647869 0.566633
0.937379 0.895609 0.869106 0.792768 0.755031 0.715853 0.658239 0.647869 0.566633 0.428936
0.895609 0.869106 0.792768 0.755031 0.715853 0.658239 0.647869 0.566633 0.428936 0.550501
0.869106 0.792768 0.755031 0.715853 0.658239 0.647869 0.566633 0.428936 0.550501 0.410211
