
0.660568 0.656061 0.653526 0.669300 0.677469 0.685074 0.687328 0.707328 0.728454 0.750707
0.656061 0.653526 0.669300 0.677469 0.685074 0.687328 0.707328 0.728454 0.750707 0.738032
0.653526 0.669300 0.677469 0.685074 0.687328 0.707328 0.728454 0.750707 0.738032 0.753524
0.669300 0.677469 0.685074 0.687328 0.707328 0.728454 0.750707 0.738032 0.753524 0.739440
0.677469 0.685074 0.687328 0.707328 0.728454 0.750707 0.738032 0.753524 0.739440 0.751834
0.685074 0.687328 0.707328 0.728454 0.750707 0.738032 0.753524 0.739440 0.751834 0.751834
0.687328 0.707328 0.728454 0.750707 0.738032 0.753524 0.739440 0.751834 0.751834 0.748172
0.707328 0.728454 0.750707 0.738032 0.753524 0.739440 0.751834 0.751834 0.748172 0.749581
0.728454 0.750707 0.738032 0.753524 0.739440 0.751834 0.751834 0.748172 0.749581 0.734933
0.750707 0.738032 0.753524 0.739440 0.751834 0.751834 0.748172 0.749581 0.734933 0.723665
0.738032 0.753524 0.739440 0.751834 0.751834 0.748172 0.749581 0.734933 0.723665 0.733806
0.753524 0.739440 0.751834 0.751834 0.748172 0.749581 0.734933 0.723665 0.733806 0.713807
0.739440 0.751834 0.751834 0.748172 0.749581 0.734933 0.723665 0.733806 0.713807 0.726482
0.751834 0.751834 0.748172 0.749581 0.734933 0.723665 0.733806 0.713807 0.726482 0.679159
0.751834 0.748172 0.749581 0.734933 0.723665 0.733806 0.713807 0.726482 0.679159 0.615498
0.748172 0.749581 0.734933 0.723665 0.733806 0.713807 0.726482 0.679159 0.615498 0.622540
0.749581 0.734933 0.723665 0.733806 0.713807 0.726482 0.679159 0.615498 0.622540 0.632399
0.734933 0.723665 0.733806 0.713807 0.726482 0.679159 0.615498 0.622540 0.632399 0.650990
0.723665 0.733806 0.713807 0.726482 0.679159 0.615498 0.622540 0.632399 0.650990 0.639160
0.733806 0.713807 0.726482 0.679159 0.615498 0.622540 0.632399 0.650990 0.639160 0.636906
0.713807 0.726482 0.679159 0.615498 0.622540 0.632399 0.650990 0.639160 0.636906 0.655779
0.726482 0.679159 0.615498 0.622540 0.632399 0.650990 0.639160 0.636906 0.655779 0.664230
0.679159 0.615498 0.622540 0.632399 0.650990 0.639160 0.636906 0.655779 0.664230 0.670990
0.615498 0.622540 0.632399 0.650990 0.639160 0.636906 0.655779 0.664230 0.670990 0.702539
0.622540 0.632399 0.650990 0.639160 0.636906 0.655779 0.664230 0.670990 0.702539 0.693525
0.632399 0.650990 0.639160 0.636906 0.655779 0.664230 0.670990 0.702539 0.693525 0.680286
0.650990 0.639160 0.636906 0.655779 0.664230 0.670990 0.702539 0.693525 0.680286 0.684511
0.639160 0.636906 0.655779 0.664230 0.670990 0.702539 0.693525 0.680286 0.684511 0.680849
0.636906 0.655779 0.664230 0.670990 0.702539 0.693525 0.680286 0.684511 0.680849 0.688737
0.655779 0.664230 0.670990 0.702539 0.693525 0.680286 0.684511 0.680849 0.688737 0.698595
0.664230 0.670990 0.702539 0.693525 0.680286 0.684511 0.680849 0.688737 0.698595 0.710144
0.670990 0.702539 0.693525 0.680286 0.684511 0.680849 0.688737 0.698595 0.710144 0.703947
0.702539 0.693525 0.680286 0.684511 0.680849 0.688737 0.698595 0.710144 0.703947 0.703384
0.693525 0.680286 0.684511 0.680849 0.688737 0.698595 0.710144 0.703947 0.703384 0.681694
0.680286 0.684511 0.680849 0.688737 0.698595 0.710144 0.703947 0.703384 0.681694 0.652681
0.684511 0.680849 0.688737 0.698595 0.710144 0.703947 0.703384 0.681694 0.652681 0.640850
0.680849 0.688737 0.698595 0.710144 0.703947 0.703384 0.681694 0.652681 0.640850 0.607329
0.688737 0.698595 0.710144 0.703947 0.703384 0.681694 0.652681 0.640850 0.607329 0.625638
0.698595 0.710144 0.703947 0.703384 0.681694 0.652681 0.640850 0.607329 0.625638 0.634089
0.710144 0.703947 0.703384 0.681694 0.652681 0.640850 0.607329 0.625638 0.634089 0.663385
0.703947 0.703384 0.681694 0.652681 0.640850 0.607329 0.625638 0.634089 0.663385 0.667046
0.703384 0.681694 0.652681 0.640850 0.607329 0.625638 0.634089 0.663385 0.667046 0.691835
0.681694 0.652681 0.640850 0.607329 0.625638 0.634089 0.663385 0.667046 0.691835 0.713807
0.652681 0.640850 0.607329 0.625638 0.634089 0.663385 0.667046 0.691835 0.713807 0.669018
0.640850 0.607329 0.625638 0.634089 0.663385 0.667046 0.691835 0.713807 0.669018 0.683948
0.607329 0.625638 0.634089 0.663385 0.667046 0.691835 0.713807 0.669018 0.683948 0.709863
0.625638 0.634089 0.663385 0.667046 0.691835 0.713807 0.669018 0.683948 0.709863 0.700004
0.634089 0.663385 0.667046 0.691835 0.713807 0.669018 0.683948 0.709863 0.700004 0.709299
0.663385 0.667046 0.691835 0.713807 0.669018 0.683948 0.709863 0.700004 0.709299 0.679159
0.667046 0.691835 0.713807 0.669018 0.683948 0.709863 0.700004 0.709299 0.679159 0.671553
0.691835 0.713807 0.669018 0.683948 0.709863 0.700004 0.709299 0.679159 0.671553 0.679159
0.713807 0.669018 0.683948 0.709863 0.700004 0.709299 0.679159 0.671553 0.679159 0.687328
0.669018 0.683948 0.709863 0.700004 0.709299 0.679159 0.671553 0.679159 0.687328 0.711271
0.683948 0.709863 0.700004 0.709299 0.679159 0.671553 0.679159 0.687328 0.711271 0.738032
0.709863 0.700004 0.709299 0.679159 0.671553 0.679159 0.687328 0.711271 0.738032 0.735496
0.700004 0.709299 0.679159 0.671553 0.679159 0.687328 0.711271 0.738032 0.735496 0.713525
0.709299 0.679159 0.671553 0.679159 0.687328 0.711271 0.738032 0.735496 0.713525 0.730708
0.679159 0.671553 0.679159 0.687328 0.711271 0.738032 0.735496 0.713525 0.730708 0.671835
0.671553 0.679159 0.687328 0.711271 0.738032 0.735496 0.713525 0.730708 0.671835 0.628737
0.679159 0.687328 0.711271 0.738032 0.735496 0.713525 0.730708 0.671835 0.628737 0.651554
0.687328 0.711271 0.738032 0.735496 0.713525 0.730708 0.671835 0.628737 0.651554 0.661976
0.711271 0.738032 0.735496 0.713525 0.730708 0.671835 0.628737 0.651554 0.661976 0.669582
0.738032 0.735496 0.713525 0.730708 0.671835 0.628737 0.651554 0.661976 0.669582 0.668737
0.735496 0.713525 0.730708 0.671835 0.628737 0.651554 0.661976 0.669582 0.668737 0.699159
0.713525 0.730708 0.671835 0.628737 0.651554 0.661976 0.669582 0.668737 0.699159 0.682539
0.730708 0.671835 0.628737 0.651554 0.661976 0.669582 0.668737 0.699159 0.682539 0.692117
0.671835 0.628737 0.651554 0.661976 0.669582 0.668737 0.699159 0.682539 0.692117 0.731553
0.628737 0.651554 0.661976 0.669582 0.668737 0.699159 0.682539 0.692117 0.731553 0.743947
0.651554 0.661976 0.669582 0.668737 0.699159 0.682539 0.692117 0.731553 0.743947 0.743947
0.661976 0.669582 0.668737 0.699159 0.682539 0.692117 0.731553 0.743947 0.743947 0.739158
0.669582 0.668737 0.699159 0.682539 0.692117 0.731553 0.743947 0.743947 0.739158 0.725637
0.668737 0.699159 0.682539 0.692117 0.731553 0.743947 0.743947 0.739158 0.725637 0.714088
0.699159 0.682539 0.692117 0.731553 0.743947 0.743947 0.739158 0.725637 0.714088 0.710426
0.682539 0.692117 0.731553 0.743947 0.743947 0.739158 0.725637 0.714088 0.710426 0.720567
0.692117 0.731553 0.743947 0.743947 0.739158 0.725637 0.714088 0.710426 0.720567 0.721412
0.731553 0.743947 0.743947 0.739158 0.725637 0.714088 0.710426 0.720567 0.721412 0.687610
0.743947 0.743947 0.739158 0.725637 0.714088 0.710426 0.720567 0.721412 0.687610 0.687046
0.743947 0.739158 0.725637 0.714088 0.710426 0.720567 0.721412 0.687610 0.687046 0.699159
0.739158 0.725637 0.714088 0.710426 0.720567 0.721412 0.687610 0.687046 0.699159 0.683948
0.725637 0.714088 0.710426 0.720567 0.721412 0.687610 0.687046 0.699159 0.683948 0.724229
0.714088 0.710426 0.720567 0.721412 0.687610 0.687046 0.699159 0.683948 0.724229 0.715778
0.710426 0.720567 0.721412 0.687610 0.687046 0.699159 0.683948 0.724229 0.715778 0.732398
0.720567 0.721412 0.687610 0.687046 0.699159 0.683948 0.724229 0.715778 0.732398 0.760848
0.721412 0.687610 0.687046 0.699159 0.683948 0.724229 0.715778 0.732398 0.760848 0.760285
0.687610 0.687046 0.699159 0.683948 0.724229 0.715778 0.732398 0.760848 0.760285 0.779721
0.687046 0.699159 0.683948 0.724229 0.715778 0.732398 0.760848 0.760285 0.779721 0.793524
0.699159 0.683948 0.724229 0.715778 0.732398 0.760848 0.760285 0.779721 0.793524 0.816059
0.683948 0.724229 0.715778 0.732398 0.760848 0.760285 0.779721 0.793524 0.816059 0.804510
0.724229 0.715778 0.732398 0.760848 0.760285 0.779721 0.793524 0.816059 0.804510 0.801129
0.715778 0.732398 0.760848 0.760285 0.779721 0.793524 0.816059 0.804510 0.801129 0.788453
0.732398 0.760848 0.760285 0.779721 0.793524 0.816059 0.804510 0.801129 0.788453 0.815777
0.760848 0.760285 0.779721 0.793524 0.816059 0.804510 0.801129 0.788453 0.815777 0.817749
0.760285 0.779721 0.793524 0.816059 0.804510 0.801129 0.788453 0.815777 0.817749 0.829580
0.779721 0.793524 0.816059 0.804510 0.801129 0.788453 0.815777 0.817749 0.829580 0.803664
0.793524 0.816059 0.804510 0.801129 0.788453 0.815777 0.817749 0.829580 0.803664 0.820284
0.816059 0.804510 0.801129 0.788453 0.815777 0.817749 0.829580 0.803664 0.820284 0.843664
0.804510 0.801129 0.788453 0.815777 0.817749 0.829580 0.803664 0.820284 0.843664 0.838594
0.801129 0.788453 0.815777 0.817749 0.829580 0.803664 0.820284 0.843664 0.838594 0.818594
0.788453 0.815777 0.817749 0.829580 0.803664 0.820284 0.843664 0.838594 0.818594 0.811833
0.815777 0.817749 0.829580 0.803664 0.820284 0.843664 0.838594 0.818594 0.811833 0.782820
0.817749 0.829580 0.803664 0.820284 0.843664 0.838594 0.818594 0.811833 0.782820 0.809580
0.829580 0.803664 0.820284 0.843664 0.838594 0.818594 0.811833 0.782820 0.809580 0.825636
0.803664 0.820284 0.843664 0.838594 0.818594 0.811833 0.782820 0.809580 0.825636 0.812115
0.820284 0.843664 0.838594 0.818594 0.811833 0.782820 0.809580 0.825636 0.812115 0.823383
0.843664 0.838594 0.818594 0.811833 0.782820 0.809580 0.825636 0.812115 0.823383 0.920846
0.838594 0.818594 0.811833 0.782820 0.809580 0.825636 0.812115 0.823383 0.920846 0.936339
0.818594 0.811833 0.782820 0.809580 0.825636 0.812115 0.823383 0.920846 0.936339 1.000000
0.811833 0.782820 0.809580 0.825636 0.812115 0.823383 0.920846 0.936339 1.000000 0.956902
0.782820 0.809580 0.825636 0.812115 0.823383 0.920846 0.936339 1.000000 0.956902 0.979437
0.809580 0.825636 0.812115 0.823383 0.920846 0.936339 1.000000 0.956902 0.979437 0.967050
0.825636 0.812115 0.823383 0.920846 0.936339 1.000000 0.956902 0.979437 0.967050 0.967626
0.812115 0.823383 0.920846 0.936339 1.000000 0.956902 0.979437 0.967050 0.967626 0.994993
0.823383 0.920846 0.936339 1.000000 0.956902 0.979437 0.967050 0.967626 0.994993 0.971659
0.920846 0.936339 1.000000 0.956902 0.979437 0.967050 0.967626 0.994993 0.971659 0.937379
0.936339 1.000000 0.956902 0.979437 0.967050 0.967626 0.994993 0.971659 0.937379 0.895609
1.000000 0.956902 0.979437 0.967050 0.967626 0.994993 0.971659 0.937379 0.895609 0.869106
0.956902 0.979437 0.967050 0.967626 0.994993 0.971659 0.937379 0.895609 0.869106 0.792768
0.979437 0.967050 0.967626 0.994993 0.971659 0.937379 0.895609 0.869106 0.792768 0.755031
0.967050 0.967626 0.994993 0.971659 0.937379 0.895609 0.869106 0.792768 0.755031 0.715853
0.967626 0.994993 0.971659 0.937379 0.895609 0.869106 0.792768 0.755031 0.715853 0.658239
0.994993 0.971659 0.937379 0.895609 0.869106 0.792768 0.755031 0.715853 0.658239 0.647869
0.971659 0.937379 0.895609 0.869106 0.792768 0.755031 0.715853 0.658239 0.647869 0.566633
0.937379 0.895609 0.869106 0.792768 0.755031 0.715853 0.658239 0.647869 0.566633 0.428936
0.895609 0.869106 0.792768 0.755031 0.715853 0.658239 0.647869 0.566633 0.428936 0.550501
0.869106 0.792768 0.755031 0.715853 0.658239 0.647869 0.566633 0.428936 0.550501 0.410211
0.792768 0.755031 0.715853 0.658239 0.647869 0.566633 0.428936 0.550501 0.410211 0.254942
0.755031 0.715853 0.658239 0.647869 0.566633 0.428936 0.550501 0.410211 0.254942 0.348564
0.715853 0.658239 0.647869 0.566633 0.428936 0.550501 0.410211 0.254942 0.348564 0.157286
0.658239 0.647869 0.566633 0.428936 0.550501 0.410211 0.254942 0.348564 0.157286 0.385437
0.647869 0.566633 0.428936 0.550501 0.410211 0.254942 0.348564 0.157286 0.385437 0.279140
0.566633 0.428936 0.550501 0.410211 0.254942 0.348564 0.157286 0.385437 0.279140 0.192719
0.428936 0.550501 0.410211 0.254942 0.348564 0.157286 0.385437 0.279140 0.192719 0.162759
0.550501 0.410211 0.254942 0.348564 0.157286 0.385437 0.279140 0.192719 0.162759 0.000000
0.410211 0.254942 0.348564 0.157286 0.385437 0.279140 0.192719 0.162759 0.000000 0.078931
0.254942 0.348564 0.157286 0.385437 0.279140 0.192719 0.162759 0.000000 0.078931 0.234489
0.348564 0.157286 0.385437 0.279140 0.192719 0.162759 0.000000 0.078931 0.234489 0.217205
0.157286 0.385437 0.279140 0.192719 0.162759 0.000000 0.078931 0.234489 0.217205 0.097944
0.385437 0.279140 0.192719 0.162759 0.000000 0.078931 0.234489 0.217205 0.097944 0.279140
0.279140 0.192719 0.162759 0.000000 0.078931 0.234489 0.217205 0.097944 0.279140 0.217781
0.192719 0.162759 0.000000 0.078931 0.234489 0.217205 0.097944 0.279140 0.217781 0.271074
0.162759 0.000000 0.078931 0.234489 0.217205 0.097944 0.279140 0.217781 0.271074 0.201073
0.000000 0.078931 0.234489 0.217205 0.097944 0.279140 0.217781 0.271074 0.201073 0.168521
0.078931 0.234489 0.217205 0.097944 0.279140 0.217781 0.271074 0.201073 0.168521 0.236505
0.234489 0.217205 0.097944 0.279140 0.217781 0.271074 0.201073 0.168521 0.236505 0.219221
0.217205 0.097944 0.279140 0.217781 0.271074 0.201073 0.168521 0.236505 0.219221 0.159879
0.097944 0.279140 0.217781 0.271074 0.201073 0.168521 0.236505 0.219221 0.159879 0.216052
0.279140 0.217781 0.271074 0.201073 0.168521 0.236505 0.219221 0.159879 0.216052 0.244571
0.217781 0.271074 0.201073 0.168521 0.236505 0.219221 0.159879 0.216052 0.244571 0.224982
0.271074 0.201073 0.168521 0.236505 0.219221 0.159879 0.216052 0.244571 0.224982 0.201649
0.201073 0.168521 0.236505 0.219221 0.159879 0.216052 0.244571 0.224982 0.201649 0.195887
0.168521 0.236505 0.219221 0.159879 0.216052 0.244571 0.224982 0.201649 0.195887 0.161895
0.236505 0.219221 0.159879 0.216052 0.244571 0.224982 0.201649 0.195887 0.161895 0.125887
0.219221 0.159879 0.216052 0.244571 0.224982 0.201649 0.195887 0.161895 0.125887 0.143747
0.159879 0.216052 0.244571 0.224982 0.201649 0.195887 0.161895 0.125887 0.143747 0.131648
0.216052 0.244571 0.224982 0.201649 0.195887 0.161895 0.125887 0.143747 0.131648 0.133088
0.244571 0.224982 0.201649 0.195887 0.161895 0.125887 0.143747 0.131648 0.133088 0.133088
0.224982 0.201649 0.195887 0.161895 0.125887 0.143747 0.131648 0.133088 0.133088 0.125310
0.201649 0.195887 0.161895 0.125887 0.143747 0.131648 0.133088 0.133088 0.125310 0.196175
0.195887 0.161895 0.125887 0.143747 0.131648 0.133088 0.133088 0.125310 0.196175 0.242843
0.161895 0.125887 0.143747 0.131648 0.133088 0.133088 0.125310 0.196175 0.242843 0.131936
0.125887 0.143747 0.131648 0.133088 0.133088 0.125310 0.196175 0.242843 0.131936 0.161895
0.143747 0.131648 0.133088 0.133088 0.125310 0.196175 0.242843 0.131936 0.161895 0.189838
0.131648 0.133088 0.133088 0.125310 0.196175 0.242843 0.131936 0.161895 0.189838 0.175434
0.133088 0.133088 0.125310 0.196175 0.242843 0.131936 0.161895 0.189838 0.175434 0.144035
0.133088 0.125310 0.196175 0.242843 0.131936 0.161895 0.189838 0.175434 0.144035 0.153829
0.125310 0.196175 0.242843 0.131936 0.161895 0.189838 0.175434 0.144035 0.153829 0.169385
0.196175 0.242843 0.131936 0.161895 0.189838 0.175434 0.144035 0.153829 0.169385 0.156998
