
0.805160 0.777365 0.762356 0.752628 0.793764 0.804882 0.770694 0.754852 0.753740 0.735117
0.777365 0.762356 0.752628 0.793764 0.804882 0.770694 0.754852 0.753740 0.735117 0.764580
0.762356 0.752628 0.793764 0.804882 0.770694 0.754852 0.753740 0.735117 0.764580 0.752906
0.752628 0.793764 0.804882 0.770694 0.754852 0.753740 0.735117 0.764580 0.752906 0.759854
0.793764 0.804882 0.770694 0.754852 0.753740 0.735117 0.764580 0.752906 0.759854 0.795154
0.804882 0.770694 0.754852 0.753740 0.735117 0.764580 0.752906 0.759854 0.795154 0.760410
0.770694 0.754852 0.753740 0.735117 0.764580 0.752906 0.759854 0.795154 0.760410 0.758465
0.754852 0.753740 0.735117 0.764580 0.752906 0.759854 0.795154 0.760410 0.758465 0.759854
0.753740 0.735117 0.764580 0.752906 0.759854 0.795154 0.760410 0.758465 0.759854 0.732755
0.735117 0.764580 0.752906 0.759854 0.795154 0.760410 0.758465 0.759854 0.732755 0.795432
0.764580 0.752906 0.759854 0.795154 0.760410 0.758465 0.759854 0.732755 0.795432 0.753740
0.752906 0.759854 0.795154 0.760410 0.758465 0.759854 0.732755 0.795432 0.753740 0.741232
0.759854 0.795154 0.760410 0.758465 0.759854 0.732755 0.795432 0.753740 0.741232 0.655347
0.795154 0.760410 0.758465 0.759854 0.732755 0.795432 0.753740 0.741232 0.655347 0.650483
0.760410 0.758465 0.759854 0.732755 0.795432 0.753740 0.741232 0.655347 0.650483 0.615323
0.758465 0.759854 0.732755 0.795432 0.753740 0.741232 0.655347 0.650483 0.615323 0.649371
0.759854 0.732755 0.795432 0.753740 0.741232 0.655347 0.650483 0.615323 0.649371 0.669522
0.732755 0.795432 0.753740 0.741232 0.655347 0.650483 0.615323 0.649371 0.669522 0.672857
0.795432 0.753740 0.741232 0.655347 0.650483 0.615323 0.649371 0.669522 0.672857 0.668132
0.753740 0.741232 0.655347 0.650483 0.615323 0.649371 0.669522 0.672857 0.668132 0.669522
0.741232 0.655347 0.650483 0.615323 0.649371 0.669522 0.672857 0.668132 0.669522 0.660628
0.655347 0.650483 0.615323 0.649371 0.669522 0.672857 0.668132 0.669522 0.660628 0.664102
0.650483 0.615323 0.649371 0.669522 0.672857 0.668132 0.669522 0.660628 0.664102 0.644368
0.615323 0.649371 0.669522 0.672857 0.668132 0.669522 0.660628 0.664102 0.644368 0.652706
0.649371 0.669522 0.672857 0.668132 0.669522 0.660628 0.664102 0.644368 0.652706 0.609764
0.669522 0.672857 0.668132 0.669522 0.660628 0.664102 0.644368 0.652706 0.609764 0.627552
0.672857 0.668132 0.669522 0.660628 0.664102 0.644368 0.652706 0.609764 0.627552 0.609208
0.668132 0.669522 0.660628 0.664102 0.644368 0.652706 0.609764 0.627552 0.609208 0.596005
0.669522 0.660628 0.664102 0.644368 0.652706 0.609764 0.627552 0.609208 0.596005 0.659794
0.660628 0.664102 0.644368 0.652706 0.609764 0.627552 0.609208 0.596005 0.659794 0.662295
0.664102 0.644368 0.652706 0.609764 0.627552 0.609208 0.596005 0.659794 0.662295 0.671746
0.644368 0.652706 0.609764 0.627552 0.609208 0.596005 0.659794 0.662295 0.671746 0.711075
0.652706 0.609764 0.627552 0.609208 0.596005 0.659794 0.662295 0.671746 0.711075 0.721498
0.609764 0.627552 0.609208 0.596005 0.659794 0.662295 0.671746 0.711075 0.721498 0.710797
0.627552 0.609208 0.596005 0.659794 0.662295 0.671746 0.711075 0.721498 0.710797 0.721081
0.609208 0.596005 0.659794 0.662295 0.671746 0.711075 0.721498 0.710797 0.721081 0.725667
0.596005 0.659794 0.662295 0.671746 0.711075 0.721498 0.710797 0.721081 0.725667 0.737063
0.659794 0.662295 0.671746 0.711075 0.721498 0.710797 0.721081 0.725667 0.737063 0.711631
0.662295 0.671746 0.711075 0.721498 0.710797 0.721081 0.725667 0.737063 0.711631 0.765969
0.671746 0.711075 0.721498 0.710797 0.721081 0.725667 0.737063 0.711631 0.765969 0.761244
0.711075 0.721498 0.710797 0.721081 0.725667 0.737063 0.711631 0.765969 0.761244 0.757075
0.721498 0.710797 0.721081 0.725667 0.737063 0.711631 0.765969 0.761244 0.757075 0.749015
0.710797 0.721081 0.725667 0.737063 0.711631 0.765969 0.761244 0.757075 0.749015 0.771528
0.721081 0.725667 0.737063 0.711631 0.765969 0.761244 0.757075 0.749015 0.771528 0.812664
0.725667 0.737063 0.711631 0.765969 0.761244 0.757075 0.749015 0.771528 0.812664 0.802102
0.737063 0.711631 0.765969 0.761244 0.757075 0.749015 0.771528 0.812664 0.802102 0.796821
0.711631 0.765969 0.761244 0.757075 0.749015 0.771528 0.812664 0.802102 0.796821 0.790429
0.765969 0.761244 0.757075 0.749015 0.771528 0.812664 0.802102 0.796821 0.790429 0.787371
0.761244 0.757075 0.749015 0.771528 0.812664 0.802102 0.796821 0.790429 0.787371 0.825450
0.757075 0.749015 0.771528 0.812664 0.802102 0.796821 0.790429 0.787371 0.825450 0.801546
0.749015 0.771528 0.812664 0.802102 0.796821 0.790429 0.787371 0.825450 0.801546 0.822115
0.771528 0.812664 0.802102 0.796821 0.790429 0.787371 0.825450 0.801546 0.822115 0.795432
0.812664 0.802102 0.796821 0.790429 0.787371 0.825450 0.801546 0.822115 0.795432 0.719691
0.802102 0.796821 0.790429 0.787371 0.825450 0.801546 0.822115 0.795432 0.719691 0.685921
0.796821 0.790429 0.787371 0.825450 0.801546 0.822115 0.795432 0.719691 0.685921 0.690090
0.790429 0.787371 0.825450 0.801546 0.822115 0.795432 0.719691 0.685921 0.690090 0.724138
0.787371 0.825450 0.801546 0.822115 0.795432 0.719691 0.685921 0.690090 0.724138 0.747347
0.825450 0.801546 0.822115 0.795432 0.719691 0.685921 0.690090 0.724138 0.747347 0.721776
0.801546 0.822115 0.795432 0.719691 0.685921 0.690090 0.724138 0.747347 0.721776 0.758187
0.822115 0.795432 0.719691 0.685921 0.690090 0.724138 0.747347 0.721776 0.758187 0.752350
0.795432 0.719691 0.685921 0.690090 0.724138 0.747347 0.721776 0.758187 0.752350 0.754018
0.719691 0.685921 0.690090 0.724138 0.747347 0.721776 0.758187 0.752350 0.754018 0.790151
0.685921 0.690090 0.724138 0.747347 0.721776 0.758187 0.752350 0.754018 0.790151 0.799879
0.690090 0.724138 0.747347 0.721776 0.758187 0.752350 0.754018 0.790151 0.799879 0.802380
0.724138 0.747347 0.721776 0.758187 0.752350 0.754018 0.790151 0.799879 0.802380 0.836846
0.747347 0.721776 0.758187 0.752350 0.754018 0.790151 0.799879 0.802380 0.836846 0.828785
0.721776 0.758187 0.752350 0.754018 0.790151 0.799879 0.802380 0.836846 0.828785 0.821281
0.758187 0.752350 0.754018 0.790151 0.799879 0.802380 0.836846 0.828785 0.821281 0.815166
0.752350 0.754018 0.790151 0.799879 0.802380 0.836846 0.828785 0.821281 0.815166 0.832398
0.754018 0.790151 0.799879 0.802380 0.836846 0.828785 0.821281 0.815166 0.832398 0.837957
0.790151 0.799879 0.802380 0.836846 0.828785 0.821281 0.815166 0.832398 0.837957 0.822115
0.799879 0.802380 0.836846 0.828785 0.821281 0.815166 0.832398 0.837957 0.822115 0.802380
0.802380 0.836846 0.828785 0.821281 0.815166 0.832398 0.837957 0.822115 0.802380 0.753462
0.836846 0.828785 0.821281 0.815166 0.832398 0.837957 0.822115 0.802380 0.753462 0.743456
0.828785 0.821281 0.815166 0.832398 0.837957 0.822115 0.802380 0.753462 0.743456 0.762078
0.821281 0.815166 0.832398 0.837957 0.822115 0.802380 0.753462 0.743456 0.762078 0.756797
0.815166 0.832398 0.837957 0.822115 0.802380 0.753462 0.743456 0.762078 0.756797 0.765691
0.832398 0.837957 0.822115 0.802380 0.753462 0.743456 0.762078 0.756797 0.765691 0.768193
0.837957 0.822115 0.802380 0.753462 0.743456 0.762078 0.756797 0.765691 0.768193 0.787649
0.822115 0.802380 0.753462 0.743456 0.762078 0.756797 0.765691 0.768193 0.787649 0.771806
0.802380 0.753462 0.743456 0.762078 0.756797 0.765691 0.768193 0.787649 0.771806 0.820725
0.753462 0.743456 0.762078 0.756797 0.765691 0.768193 0.787649 0.771806 0.820725 0.789039
0.743456 0.762078 0.756797 0.765691 0.768193 0.787649 0.771806 0.820725 0.789039 0.782924
0.762078 0.756797 0.765691 0.768193 0.787649 0.771806 0.820725 0.789039 0.782924 0.755129
0.756797 0.765691 0.768193 0.787649 0.771806 0.820725 0.789039 0.782924 0.755129 0.762078
0.765691 0.768193 0.787649 0.771806 0.820725 0.789039 0.782924 0.755129 0.762078 0.752072
0.768193 0.787649 0.771806 0.820725 0.789039 0.782924 0.755129 0.762078 0.752072 0.778755
0.787649 0.771806 0.820725 0.789039 0.782924 0.755129 0.762078 0.752072 0.778755 0.771528
0.771806 0.820725 0.789039 0.782924 0.755129 0.762078 0.752072 0.778755 0.771528 0.803770
0.820725 0.789039 0.782924 0.755129 0.762078 0.752072 0.778755 0.771528 0.803770 0.863529
0.789039 0.782924 0.755129 0.762078 0.752072 0.778755 0.771528 0.803770 0.863529 0.878816
0.782924 0.755129 0.762078 0.752072 0.778755 0.771528 0.803770 0.863529 0.878816 0.893825
0.755129 0.762078 0.752072 0.778755 0.771528 0.803770 0.863529 0.878816 0.893825 0.914115
0.762078 0.752072 0.778755 0.771528 0.803770 0.863529 0.878816 0.893825 0.914115 0.908278
0.752072 0.778755 0.771528 0.803770 0.863529 0.878816 0.893825 0.914115 0.908278 0.907166
0.778755 0.771528 0.803770 0.863529 0.878816 0.893825 0.914115 0.908278 0.907166 0.886598
0.771528 0.803770 0.863529 0.878816 0.893825 0.914115 0.908278 0.907166 0.886598 0.881873
0.803770 0.863529 0.878816 0.893825 0.914115 0.908278 0.907166 0.886598 0.881873 0.892713
0.863529 0.878816 0.893825 0.914115 0.908278 0.907166 0.886598 0.881873 0.892713 0.926622
0.878816 0.893825 0.914115 0.908278 0.907166 0.886598 0.881873 0.892713 0.926622 0.921619
0.893825 0.914115 0.908278 0.907166 0.886598 0.881873 0.892713 0.926622 0.921619 0.934405
0.914115 0.908278 0.907166 0.886598 0.881873 0.892713 0.926622 0.921619 0.934405 0.965813
0.908278 0.907166 0.886598 0.881873 0.892713 0.926622 0.921619 0.934405 0.965813 1.000000
0.907166 0.886598 0.881873 0.892713 0.926622 0.921619 0.934405 0.965813 1.000000 0.994441
0.886598 0.881873 0.892713 0.926622 0.921619 0.934405 0.965813 1.000000 0.994441 0.975819
0.881873 0.892713 0.926622 0.921619 0.934405 0.965813 1.000000 0.994441 0.975819 0.955251
0.892713 0.926622 0.921619 0.934405 0.965813 1.000000 0.994441 0.975819 0.955251 0.971927
0.926622 0.921619 0.934405 0.965813 1.000000 0.994441 0.975819 0.955251 0.971927 0.967480
0.921619 0.934405 0.965813 1.000000 0.994441 0.975819 0.955251 0.971927 0.967480 0.973039
0.934405 0.965813 1.000000 0.994441 0.975819 0.955251 0.971927 0.967480 0.973039 0.980544
0.965813 1.000000 0.994441 0.975819 0.955251 0.971927 0.967480 0.973039 0.980544 0.978598
1.000000 0.994441 0.975819 0.955251 0.971927 0.967480 0.973039 0.980544 0.978598 0.945245
0.994441 0.975819 0.955251 0.971927 0.967480 0.973039 0.980544 0.978598 0.945245 0.925232
0.975819 0.955251 0.971927 0.967480 0.973039 0.980544 0.978598 0.945245 0.925232 0.944133
0.955251 0.971927 0.967480 0.973039 0.980544 0.978598 0.945245 0.925232 0.944133 0.898272
0.971927 0.967480 0.973039 0.980544 0.978598 0.945245 0.925232 0.944133 0.898272 0.849353
0.967480 0.973039 0.980544 0.978598 0.945245 0.925232 0.944133 0.898272 0.849353 0.800157
0.973039 0.980544 0.978598 0.945245 0.925232 0.944133 0.898272 0.849353 0.800157 0.817667
0.980544 0.978598 0.945245 0.925232 0.944133 0.898272 0.849353 0.800157 0.817667 0.860749
0.978598 0.945245 0.925232 0.944133 0.898272 0.849353 0.800157 0.817667 0.860749 0.852411
0.945245 0.925232 0.944133 0.898272 0.849353 0.800157 0.817667 0.860749 0.852411 0.834622
0.925232 0.944133 0.898272 0.849353 0.800157 0.817667 0.860749 0.852411 0.834622 0.797377
0.944133 0.898272 0.849353 0.800157 0.817667 0.860749 0.852411 0.834622 0.797377 0.800157
0.898272 0.849353 0.800157 0.817667 0.860749 0.852411 0.834622 0.797377 0.800157 0.764302
0.849353 0.800157 0.817667 0.860749 0.852411 0.834622 0.797377 0.800157 0.764302 0.756878
0.800157 0.817667 0.860749 0.852411 0.834622 0.797377 0.800157 0.764302 0.756878 0.759848
0.817667 0.860749 0.852411 0.834622 0.797377 0.800157 0.764302 0.756878 0.759848 0.767865
0.860749 0.852411 0.834622 0.797377 0.800157 0.764302 0.756878 0.759848 0.767865 0.767271
0.852411 0.834622 0.797377 0.800157 0.764302 0.756878 0.759848 0.767865 0.767271 0.753909
0.834622 0.797377 0.800157 0.764302 0.756878 0.759848 0.767865 0.767271 0.753909 0.755987
0.797377 0.800157 0.764302 0.756878 0.759848 0.767865 0.767271 0.753909 0.755987 0.730303
0.800157 0.764302 0.756878 0.759848 0.767865 0.767271 0.753909 0.755987 0.730303 0.736835
0.764302 0.756878 0.759848 0.767865 0.767271 0.753909 0.755987 0.730303 0.736835 0.793995
0.756878 0.759848 0.767865 0.767271 0.753909 0.755987 0.730303 0.736835 0.793995 0.778257
0.759848 0.767865 0.767271 0.753909 0.755987 0.730303 0.736835 0.793995 0.778257 0.756433
0.767865 0.767271 0.753909 0.755987 0.730303 0.736835 0.793995 0.778257 0.756433 0.765044
0.767271 0.753909 0.755987 0.730303 0.736835 0.793995 0.778257 0.756433 0.765044 0.790729
0.753909 0.755987 0.730303 0.736835 0.793995 0.778257 0.756433 0.765044 0.790729 0.779445
0.755987 0.730303 0.736835 0.793995 0.778257 0.756433 0.765044 0.790729 0.779445 0.781969
0.730303 0.736835 0.793995 0.778257 0.756433 0.765044 0.790729 0.779445 0.781969 0.759551
0.736835 0.793995 0.778257 0.756433 0.765044 0.790729 0.779445 0.781969 0.759551 0.756433
0.793995 0.778257 0.756433 0.765044 0.790729 0.779445 0.781969 0.759551 0.756433 0.796370
0.778257 0.756433 0.765044 0.790729 0.779445 0.781969 0.759551 0.756433 0.796370 0.812405
0.756433 0.765044 0.790729 0.779445 0.781969 0.759551 0.756433 0.796370 0.812405 0.817452
0.765044 0.790729 0.779445 0.781969 0.759551 0.756433 0.796370 0.812405 0.817452 0.824876
0.790729 0.779445 0.781969 0.759551 0.756433 0.796370 0.812405 0.817452 0.824876 0.769646
0.779445 0.781969 0.759551 0.756433 0.796370 0.812405 0.817452 0.824876 0.769646 0.764599
0.781969 0.759551 0.756433 0.796370 0.812405 0.817452 0.824876 0.769646 0.764599 0.780187
0.759551 0.756433 0.796370 0.812405 0.817452 0.824876 0.769646 0.764599 0.780187 0.785532
0.756433 0.796370 0.812405 0.817452 0.824876 0.769646 0.764599 0.780187 0.785532 0.804239
0.796370 0.812405 0.817452 0.824876 0.769646 0.764599 0.780187 0.785532 0.804239 0.800824
0.812405 0.817452 0.824876 0.769646 0.764599 0.780187 0.785532 0.804239 0.800824 0.795925
0.817452 0.824876 0.769646 0.764599 0.780187 0.785532 0.804239 0.800824 0.795925 0.807060
0.824876 0.769646 0.764599 0.780187 0.785532 0.804239 0.800824 0.795925 0.807060 0.807505
0.769646 0.764599 0.780187 0.785532 0.804239 0.800824 0.795925 0.807060 0.807505 0.810029
0.764599 0.780187 0.785532 0.804239 0.800824 0.795925 0.807060 0.807505 0.810029 0.793995
0.780187 0.785532 0.804239 0.800824 0.795925 0.807060 0.807505 0.810029 0.793995 0.769943
0.785532 0.804239 0.800824 0.795925 0.807060 0.807505 0.810029 0.793995 0.769943 0.747673
0.804239 0.800824 0.795925 0.807060 0.807505 0.810029 0.793995 0.769943 0.747673 0.736687
0.800824 0.795925 0.807060 0.807505 0.810029 0.793995 0.769943 0.747673 0.736687 0.727482
0.795925 0.807060 0.807505 0.810029 0.793995 0.769943 0.747673 0.736687 0.727482 0.732827
0.807060 0.807505 0.810029 0.793995 0.769943 0.747673 0.736687 0.727482 0.732827 0.741735
0.807505 0.810029 0.793995 0.769943 0.747673 0.736687 0.727482 0.732827 0.741735 0.721247
0.810029 0.793995 0.769943 0.747673 0.736687 0.727482 0.732827 0.741735 0.721247 0.698977
0.793995 0.769943 0.747673 0.736687 0.727482 0.732827 0.741735 0.721247 0.698977 0.700758
0.769943 0.747673 0.736687 0.727482 0.732827 0.741735 0.721247 0.698977 0.700758 0.718574
0.747673 0.736687 0.727482 0.732827 0.741735 0.721247 0.698977 0.700758 0.718574 0.778109
0.736687 0.727482 0.732827 0.741735 0.721247 0.698977 0.700758 0.718574 0.778109 0.812850
0.727482 0.732827 0.741735 0.721247 0.698977 0.700758 0.718574 0.778109 0.812850 0.784345
0.732827 0.741735 0.721247 0.698977 0.700758 0.718574 0.778109 0.812850 0.784345 0.787908
0.741735 0.721247 0.698977 0.700758 0.718574 0.778109 0.812850 0.784345 0.787908 0.790729
0.721247 0.698977 0.700758 0.718574 0.778109 0.812850 0.784345 0.787908 0.790729 0.754206
0.698977 0.700758 0.718574 0.778109 0.812850 0.784345 0.787908 0.790729 0.754206 0.743962
0.700758 0.718574 0.778109 0.812850 0.784345 0.787908 0.790729 0.754206 0.743962 0.741141
0.718574 0.778109 0.812850 0.784345 0.787908 0.790729 0.754206 0.743962 0.741141 0.694374
0.778109 0.812850 0.784345 0.787908 0.790729 0.754206 0.743962 0.741141 0.694374 0.656070
0.812850 0.784345 0.787908 0.790729 0.754206 0.743962 0.741141 0.694374 0.656070 0.636621
0.784345 0.787908 0.790729 0.754206 0.743962 0.741141 0.694374 0.656070 0.636621 0.637512
0.787908 0.790729 0.754206 0.743962 0.741141 0.694374 0.656070 0.636621 0.637512 0.653546
0.790729 0.754206 0.743962 0.741141 0.694374 0.656070 0.636621 0.637512 0.653546 0.615836
0.754206 0.743962 0.741141 0.694374 0.656070 0.636621 0.637512 0.653546 0.615836 0.609007
0.743962 0.741141 0.694374 0.656070 0.636621 0.637512 0.653546 0.615836 0.609007 0.623853
0.741141 0.694374 0.656070 0.636621 0.637512 0.653546 0.615836 0.609007 0.623853 0.584807
0.694374 0.656070 0.636621 0.637512 0.653546 0.615836 0.609007 0.623853 0.584807 0.554965
0.656070 0.636621 0.637512 0.653546 0.615836 0.609007 0.623853 0.584807 0.554965 0.576195
0.636621 0.637512 0.653546 0.615836 0.609007 0.623853 0.584807 0.554965 0.576195 0.597723
0.637512 0.653546 0.615836 0.609007 0.623853 0.584807 0.554965 0.576195 0.597723 0.578868
0.653546 0.615836 0.609007 0.623853 0.584807 0.554965 0.576195 0.597723 0.578868 0.597278
0.615836 0.609007 0.623853 0.584807 0.554965 0.576195 0.597723 0.578868 0.597278 0.599208
0.609007 0.623853 0.584807 0.554965 0.576195 0.597723 0.578868 0.597278 0.599208 0.560607
0.623853 0.584807 0.554965 0.576195 0.597723 0.578868 0.597278 0.599208 0.560607 0.578720
0.584807 0.554965 0.576195 0.597723 0.578868 0.597278 0.599208 0.560607 0.578720 0.584955
0.554965 0.576195 0.597723 0.578868 0.597278 0.599208 0.560607 0.578720 0.584955 0.589854
0.576195 0.597723 0.578868 0.597278 0.599208 0.560607 0.578720 0.584955 0.589854 0.598168
0.597723 0.578868 0.597278 0.599208 0.560607 0.578720 0.584955 0.589854 0.598168 0.619548
0.578868 0.597278 0.599208 0.560607 0.578720 0.584955 0.589854 0.598168 0.619548 0.616430
0.597278 0.599208 0.560607 0.578720 0.584955 0.589854 0.598168 0.619548 0.616430 0.629049
0.599208 0.560607 0.578720 0.584955 0.589854 0.598168 0.619548 0.616430 0.629049 0.657109
0.560607 0.578720 0.584955 0.589854 0.598168 0.619548 0.616430 0.629049 0.657109 0.698086
0.578720 0.584955 0.589854 0.598168 0.619548 0.616430 0.629049 0.657109 0.698086 0.699719
0.584955 0.589854 0.598168 0.619548 0.616430 0.629049 0.657109 0.698086 0.699719 0.730748
0.589854 0.598168 0.619548 0.616430 0.629049 0.657109 0.698086 0.699719 0.730748 0.742626
0.598168 0.619548 0.616430 0.629049 0.657109 0.698086 0.699719 0.730748 0.742626 0.752424
0.619548 0.616430 0.629049 0.657109 0.698086 0.699719 0.730748 0.742626 0.752424 0.769646
0.616430 0.629049 0.657109 0.698086 0.699719 0.730748 0.742626 0.752424 0.769646 0.792807
0.629049 0.657109 0.698086 0.699719 0.730748 0.742626 0.752424 0.769646 0.792807 0.778257
0.657109 0.698086 0.699719 0.730748 0.742626 0.752424 0.769646 0.792807 0.778257 0.753612
0.698086 0.699719 0.730748 0.742626 0.752424 0.769646 0.792807 0.778257 0.753612 0.757769
0.699719 0.730748 0.742626 0.752424 0.769646 0.792807 0.778257 0.753612 0.757769 0.759699
0.730748 0.742626 0.752424 0.769646 0.792807 0.778257 0.753612 0.757769 0.759699 0.757324
0.742626 0.752424 0.769646 0.792807 0.778257 0.753612 0.757769 0.759699 0.757324 0.724513
0.752424 0.769646 0.792807 0.778257 0.753612 0.757769 0.759699 0.757324 0.724513 0.701501
0.769646 0.792807 0.778257 0.753612 0.757769 0.759699 0.757324 0.724513 0.701501 0.699571
0.792807 0.778257 0.753612 0.757769 0.759699 0.757324 0.724513 0.701501 0.699571 0.683685
0.778257 0.753612 0.757769 0.759699 0.757324 0.724513 0.701501 0.699571 0.683685 0.698977
0.753612 0.757769 0.759699 0.757324 0.724513 0.701501 0.699571 0.683685 0.698977 0.706103
0.757769 0.759699 0.757324 0.724513 0.701501 0.699571 0.683685 0.698977 0.706103 0.692593
0.759699 0.757324 0.724513 0.701501 0.699571 0.683685 0.698977 0.706103 0.692593 0.659633
0.757324 0.724513 0.701501 0.699571 0.683685 0.698977 0.706103 0.692593 0.659633 0.652359
0.724513 0.701501 0.699571 0.683685 0.698977 0.706103 0.692593 0.659633 0.652359 0.652210
0.701501 0.699571 0.683685 0.698977 0.706103 0.692593 0.659633 0.652359 0.652210 0.644787
0.699571 0.683685 0.698977 0.706103 0.692593 0.659633 0.652359 0.652210 0.644787 0.669877
0.683685 0.698977 0.706103 0.692593 0.659633 0.652359 0.652210 0.644787 0.669877 0.703728
0.698977 0.706103 0.692593 0.659633 0.652359 0.652210 0.644787 0.669877 0.703728 0.748861
0.706103 0.692593 0.659633 0.652359 0.652210 0.644787 0.669877 0.703728 0.748861 0.749010
0.692593 0.659633 0.652359 0.652210 0.644787 0.669877 0.703728 0.748861 0.749010 0.778257
0.659633 0.652359 0.652210 0.644787 0.669877 0.703728 0.748861 0.749010 0.778257 0.800527
0.652359 0.652210 0.644787 0.669877 0.703728 0.748861 0.749010 0.778257 0.800527 0.810178
0.652210 0.644787 0.669877 0.703728 0.748861 0.749010 0.778257 0.800527 0.810178 0.789392
0.644787 0.669877 0.703728 0.748861 0.749010 0.778257 0.800527 0.810178 0.789392 0.812405
0.669877 0.703728 0.748861 0.749010 0.778257 0.800527 0.810178 0.789392 0.812405 0.825618
0.703728 0.748861 0.749010 0.778257 0.800527 0.810178 0.789392 0.812405 0.825618 0.848630
0.748861 0.749010 0.778257 0.800527 0.810178 0.789392 0.812405 0.825618 0.848630 0.897327
0.749010 0.778257 0.800527 0.810178 0.789392 0.812405 0.825618 0.848630 0.897327 0.921675
0.778257 0.800527 0.810178 0.789392 0.812405 0.825618 0.848630 0.897327 0.921675 0.941570
0.800527 0.810178 0.789392 0.812405 0.825618 0.848630 0.897327 0.921675 0.941570 0.938600
0.810178 0.789392 0.812405 0.825618 0.848630 0.897327 0.921675 0.941570 0.938600 0.928208
0.789392 0.812405 0.825618 0.848630 0.897327 0.921675 0.941570 0.938600 0.928208 0.907720
0.812405 0.825618 0.848630 0.897327 0.921675 0.941570 0.938600 0.928208 0.907720 0.916331
0.825618 0.848630 0.897327 0.921675 0.941570 0.938600 0.928208 0.907720 0.916331 0.929692
0.848630 0.897327 0.921675 0.941570 0.938600 0.928208 0.907720 0.916331 0.929692 0.934740
0.897327 0.921675 0.941570 0.938600 0.928208 0.907720 0.916331 0.929692 0.934740 0.913658
0.921675 0.941570 0.938600 0.928208 0.907720 0.916331 0.929692 0.934740 0.913658 0.948696
0.941570 0.938600 0.928208 0.907720 0.916331 0.929692 0.934740 0.913658 0.948696 0.938600
0.938600 0.928208 0.907720 0.916331 0.929692 0.934740 0.913658 0.948696 0.938600 0.938006
0.928208 0.907720 0.916331 0.929692 0.934740 0.913658 0.948696 0.938600 0.938006 0.952556
0.907720 0.916331 0.929692 0.934740 0.913658 0.948696 0.938600 0.938006 0.952556 0.941273
0.916331 0.929692 0.934740 0.913658 0.948696 0.938600 0.938006 0.952556 0.941273 0.870009
0.929692 0.934740 0.913658 0.948696 0.938600 0.938006 0.952556 0.941273 0.870009 0.856350
0.934740 0.913658 0.948696 0.938600 0.938006 0.952556 0.941273 0.870009 0.856350 0.842988
0.913658 0.948696 0.938600 0.938006 0.952556 0.941273 0.870009 0.856350 0.842988 0.840910
0.948696 0.938600 0.938006 0.952556 0.941273 0.870009 0.856350 0.842988 0.840910 0.839128
0.938600 0.938006 0.952556 0.941273 0.870009 0.856350 0.842988 0.840910 0.839128 0.866743
0.938006 0.952556 0.941273 0.870009 0.856350 0.842988 0.840910 0.839128 0.866743 0.896436
0.952556 0.941273 0.870009 0.856350 0.842988 0.840910 0.839128 0.866743 0.896436 0.917815
0.941273 0.870009 0.856350 0.842988 0.840910 0.839128 0.866743 0.896436 0.917815 0.910986
0.870009 0.856350 0.842988 0.840910 0.839128 0.866743 0.896436 0.917815 0.910986 0.908313
0.856350 0.842988 0.840910 0.839128 0.866743 0.896436 0.917815 0.910986 0.908313 0.894358
0.842988 0.840910 0.839128 0.866743 0.896436 0.917815 0.910986 0.908313 0.894358 0.871791
0.840910 0.839128 0.866743 0.896436 0.917815 0.910986 0.908313 0.894358 0.871791 0.831853
0.839128 0.866743 0.896436 0.917815 0.910986 0.908313 0.894358 0.871791 0.831853 0.813741
0.866743 0.896436 0.917815 0.910986 0.908313 0.894358 0.871791 0.831853 0.813741 0.824282
0.896436 0.917815 0.910986 0.908313 0.894358 0.871791 0.831853 0.813741 0.824282 0.814186
0.917815 0.910986 0.908313 0.894358 0.871791 0.831853 0.813741 0.824282 0.814186 0.819976
0.910986 0.908313 0.894358 0.871791 0.831853 0.813741 0.824282 0.814186 0.819976 0.808099
0.908313 0.894358 0.871791 0.831853 0.813741 0.824282 0.814186 0.819976 0.808099 0.799191
0.894358 0.871791 0.831853 0.813741 0.824282 0.814186 0.819976 0.808099 0.799191 0.821164
0.871791 0.831853 0.813741 0.824282 0.814186 0.819976 0.808099 0.799191 0.821164 0.833784
0.831853 0.813741 0.824282 0.814186 0.819976 0.808099 0.799191 0.821164 0.833784 0.854866
0.813741 0.824282 0.814186 0.819976 0.808099 0.799191 0.821164 0.833784 0.854866 0.861695
0.824282 0.814186 0.819976 0.808099 0.799191 0.821164 0.833784 0.854866 0.861695 0.867337
0.814186 0.819976 0.808099 0.799191 0.821164 0.833784 0.854866 0.861695 0.867337 0.845364
0.819976 0.808099 0.799191 0.821164 0.833784 0.854866 0.861695 0.867337 0.845364 0.833487
0.808099 0.799191 0.821164 0.833784 0.854866 0.861695 0.867337 0.845364 0.833487 0.835268
0.799191 0.821164 0.833784 0.854866 0.861695 0.867337 0.845364 0.833487 0.835268 0.829775
0.821164 0.833784 0.854866 0.861695 0.867337 0.845364 0.833487 0.835268 0.829775 0.831408
0.833784 0.854866 0.861695 0.867337 0.845364 0.833487 0.835268 0.829775 0.831408 0.817452
0.854866 0.861695 0.867337 0.845364 0.833487 0.835268 0.829775 0.831408 0.817452 0.835417
0.861695 0.867337 0.845364 0.833487 0.835268 0.829775 0.831408 0.817452 0.835417 0.808544
0.867337 0.845364 0.833487 0.835268 0.829775 0.831408 0.817452 0.835417 0.808544 0.800676
0.845364 0.833487 0.835268 0.829775 0.831408 0.817452 0.835417 0.808544 0.800676 0.812256
0.833487 0.835268 0.829775 0.831408 0.817452 0.835417 0.808544 0.800676 0.812256 0.820422
0.835268 0.829775 0.831408 0.817452 0.835417 0.808544 0.800676 0.812256 0.820422 0.826657
0.829775 0.831408 0.817452 0.835417 0.808544 0.800676 0.812256 0.820422 0.826657 0.819234
0.831408 0.817452 0.835417 0.808544 0.800676 0.812256 0.820422 0.826657 0.819234 0.803348
0.817452 0.835417 0.808544 0.800676 0.812256 0.820422 0.826657 0.819234 0.803348 0.790283
0.835417 0.808544 0.800676 0.812256 0.820422 0.826657 0.819234 0.803348 0.790283 0.754206
0.808544 0.800676 0.812256 0.820422 0.826657 0.819234 0.803348 0.790283 0.754206 0.743368
0.800676 0.812256 0.820422 0.826657 0.819234 0.803348 0.790283 0.754206 0.743368 0.737875
0.812256 0.820422 0.826657 0.819234 0.803348 0.790283 0.754206 0.743368 0.737875 0.734163
0.820422 0.826657 0.819234 0.803348 0.790283 0.754206 0.743368 0.737875 0.734163 0.729264
0.826657 0.819234 0.803348 0.790283 0.754206 0.743368 0.737875 0.734163 0.729264 0.700016
0.819234 0.803348 0.790283 0.754206 0.743368 0.737875 0.734163 0.729264 0.700016 0.670768
0.803348 0.790283 0.754206 0.743368 0.737875 0.734163 0.729264 0.700016 0.670768 0.656218
0.790283 0.754206 0.743368 0.737875 0.734163 0.729264 0.700016 0.670768 0.656218 0.615687
0.754206 0.743368 0.737875 0.734163 0.729264 0.700016 0.670768 0.656218 0.615687 0.636769
0.743368 0.737875 0.734163 0.729264 0.700016 0.670768 0.656218 0.615687 0.636769 0.640630
0.737875 0.734163 0.729264 0.700016 0.670768 0.656218 0.615687 0.636769 0.640630 0.622072
0.734163 0.729264 0.700016 0.670768 0.656218 0.615687 0.636769 0.640630 0.622072 0.592824
0.729264 0.700016 0.670768 0.656218 0.615687 0.636769 0.640630 0.622072 0.592824 0.587330
0.700016 0.670768 0.656218 0.615687 0.636769 0.640630 0.622072 0.592824 0.587330 0.609007
0.670768 0.656218 0.615687 0.636769 0.640630 0.622072 0.592824 0.587330 0.609007 0.659633
0.656218 0.615687 0.636769 0.640630 0.622072 0.592824 0.587330 0.609007 0.659633 0.660227
0.615687 0.636769 0.640630 0.622072 0.592824 0.587330 0.609007 0.659633 0.660227 0.624892
0.636769 0.640630 0.622072 0.592824 0.587330 0.609007 0.659633 0.660227 0.624892 0.629643
0.640630 0.622072 0.592824 0.587330 0.609007 0.659633 0.660227 0.624892 0.629643 0.617469
0.622072 0.592824 0.587330 0.609007 0.659633 0.660227 0.624892 0.629643 0.617469 0.657852
0.592824 0.587330 0.609007 0.659633 0.660227 0.624892 0.629643 0.617469 0.657852 0.635582
0.587330 0.609007 0.659633 0.660227 0.624892 0.629643 0.617469 0.657852 0.635582 0.630237
0.609007 0.659633 0.660227 0.624892 0.629643 0.617469 0.657852 0.635582 0.630237 0.648350
0.659633 0.660227 0.624892 0.629643 0.617469 0.657852 0.635582 0.630237 0.648350 0.612570
0.660227 0.624892 0.629643 0.617469 0.657852 0.635582 0.630237 0.648350 0.612570 0.621478
0.624892 0.629643 0.617469 0.657852 0.635582 0.630237 0.648350 0.612570 0.621478 0.650428
0.629643 0.617469 0.657852 0.635582 0.630237 0.648350 0.612570 0.621478 0.650428 0.616281
0.617469 0.657852 0.635582 0.630237 0.648350 0.612570 0.621478 0.650428 0.616281 0.531062
0.657852 0.635582 0.630237 0.648350 0.612570 0.621478 0.650428 0.616281 0.531062 0.524381
0.635582 0.630237 0.648350 0.612570 0.621478 0.650428 0.616281 0.531062 0.524381 0.544721
0.630237 0.648350 0.612570 0.621478 0.650428 0.616281 0.531062 0.524381 0.544721 0.504784
0.648350 0.612570 0.621478 0.650428 0.616281 0.531062 0.524381 0.544721 0.504784 0.466182
0.612570 0.621478 0.650428 0.616281 0.531062 0.524381 0.544721 0.504784 0.466182 0.454008
0.621478 0.650428 0.616281 0.531062 0.524381 0.544721 0.504784 0.466182 0.454008 0.440349
0.650428 0.616281 0.531062 0.524381 0.544721 0.504784 0.466182 0.454008 0.440349 0.468855
0.616281 0.531062 0.524381 0.544721 0.504784 0.466182 0.454008 0.440349 0.468855 0.426245
0.531062 0.524381 0.544721 0.504784 0.466182 0.454008 0.440349 0.468855 0.426245 0.386605
0.524381 0.544721 0.504784 0.466182 0.454008 0.440349 0.468855 0.426245 0.386605 0.247492
0.544721 0.504784 0.466182 0.454008 0.440349 0.468855 0.426245 0.386605 0.247492 0.262339
0.504784 0.466182 0.454008 0.440349 0.468855 0.426245 0.386605 0.247492 0.262339 0.269762
