
0.779614 0.789900 0.807980 0.832294 0.817020 0.791147 0.795511 0.797537 0.795044 0.760599
0.789900 0.807980 0.832294 0.817020 0.791147 0.795511 0.797537 0.795044 0.760599 0.736440
0.807980 0.832294 0.817020 0.791147 0.795511 0.797537 0.795044 0.760599 0.736440 0.734414
0.832294 0.817020 0.791147 0.795511 0.797537 0.795044 0.760599 0.736440 0.734414 0.717737
0.817020 0.791147 0.795511 0.797537 0.795044 0.760599 0.736440 0.734414 0.717737 0.733791
0.791147 0.795511 0.797537 0.795044 0.760599 0.736440 0.734414 0.717737 0.733791 0.741272
0.795511 0.797537 0.795044 0.760599 0.736440 0.734414 0.717737 0.733791 0.741272 0.727089
0.797537 0.795044 0.760599 0.736440 0.734414 0.717737 0.733791 0.741272 0.727089 0.692488
0.795044 0.760599 0.736440 0.734414 0.717737 0.733791 0.741272 0.727089 0.692488 0.684850
0.760599 0.736440 0.734414 0.717737 0.733791 0.741272 0.727089 0.692488 0.684850 0.684695
0.736440 0.734414 0.717737 0.733791 0.741272 0.727089 0.692488 0.684850 0.684695 0.676902
0.734414 0.717737 0.733791 0.741272 0.727089 0.692488 0.684850 0.684695 0.676902 0.703242
0.717737 0.733791 0.741272 0.727089 0.692488 0.684850 0.684695 0.676902 0.703242 0.738778
0.733791 0.741272 0.727089 0.692488 0.684850 0.684695 0.676902 0.703242 0.738778 0.786160
0.741272 0.727089 0.692488 0.684850 0.684695 0.676902 0.703242 0.738778 0.786160 0.786316
0.727089 0.692488 0.684850 0.684695 0.676902 0.703242 0.738778 0.786160 0.786316 0.817020
0.692488 0.684850 0.684695 0.676902 0.703242 0.738778 0.786160 0.786316 0.817020 0.840399
0.684850 0.684695 0.676902 0.703242 0.738778 0.786160 0.786316 0.817020 0.840399 0.850530
0.684695 0.676902 0.703242 0.738778 0.786160 0.786316 0.817020 0.840399 0.850530 0.828709
0.676902 0.703242 0.738778 0.786160 0.786316 0.817020 0.840399 0.850530 0.828709 0.852868
0.703242 0.738778 0.786160 0.786316 0.817020 0.840399 0.850530 0.828709 0.852868 0.866739
0.738778 0.786160 0.786316 0.817020 0.840399 0.850530 0.828709 0.852868 0.866739 0.890898
0.786160 0.786316 0.817020 0.840399 0.850530 0.828709 0.852868 0.866739 0.890898 0.942020
0.786316 0.817020 0.840399 0.850530 0.828709 0.852868 0.866739 0.890898 0.942020 0.967581
0.817020 0.840399 0.850530 0.828709 0.852868 0.866739 0.890898 0.942020 0.967581 0.988466
0.840399 0.850530 0.828709 0.852868 0.866739 0.890898 0.942020 0.967581 0.988466 0.985349
0.850530 0.828709 0.852868 0.866739 0.890898 0.942020 0.967581 0.988466 0.985349 0.974439
0.828709 0.852868 0.866739 0.890898 0.942020 0.967581 0.988466 0.985349 0.974439 0.952930
0.852868 0.866739 0.890898 0.942020 0.967581 0.988466 0.985349 0.974439 0.952930 0.961970
0.866739 0.890898 0.942020 0.967581 0.988466 0.985349 0.974439 0.952930 0.961970 0.975998
0.890898 0.942020 0.967581 0.988466 0.985349 0.974439 0.952930 0.961970 0.975998 0.981297
0.942020 0.967581 0.988466 0.985349 0.974439 0.952930 0.961970 0.975998 0.981297 0.959165
0.967581 0.988466 0.985349 0.974439 0.952930 0.961970 0.975998 0.981297 0.959165 0.995948
0.988466 0.985349 0.974439 0.952930 0.961970 0.975998 0.981297 0.959165 0.995948 0.985349
0.985349 0.974439 0.952930 0.961970 0.975998 0.981297 0.959165 0.995948 0.985349 0.984726
0.974439 0.952930 0.961970 0.975998 0.981297 0.959165 0.995948 0.985349 0.984726 1.000000
0.952930 0.961970 0.975998 0.981297 0.959165 0.995948 0.985349 0.984726 1.000000 0.988155
0.961970 0.975998 0.981297 0.959165 0.995948 0.985349 0.984726 1.000000 0.988155 0.913342
0.975998 0.981297 0.959165 0.995948 0.985349 0.984726 1.000000 0.988155 0.913342 0.899003
0.981297 0.959165 0.995948 0.985349 0.984726 1.000000 0.988155 0.913342 0.899003 0.884975
0.959165 0.995948 0.985349 0.984726 1.000000 0.988155 0.913342 0.899003 0.884975 0.882793
0.995948 0.985349 0.984726 1.000000 0.988155 0.913342 0.899003 0.884975 0.882793 0.880923
0.985349 0.984726 1.000000 0.988155 0.913342 0.899003 0.884975 0.882793 0.880923 0.909913
0.984726 1.000000 0.988155 0.913342 0.899003 0.884975 0.882793 0.880923 0.909913 0.941085
1.000000 0.988155 0.913342 0.899003 0.884975 0.882793 0.880923 0.909913 0.941085 0.963529
0.988155 0.913342 0.899003 0.884975 0.882793 0.880923 0.909913 0.941085 0.963529 0.956359
0.913342 0.899003 0.884975 0.882793 0.880923 0.909913 0.941085 0.963529 0.956359 0.953554
0.899003 0.884975 0.882793 0.880923 0.909913 0.941085 0.963529 0.956359 0.953554 0.938903
0.884975 0.882793 0.880923 0.909913 0.941085 0.963529 0.956359 0.953554 0.938903 0.915212
0.882793 0.880923 0.909913 0.941085 0.963529 0.956359 0.953554 0.938903 0.915212 0.873285
0.880923 0.909913 0.941085 0.963529 0.956359 0.953554 0.938903 0.915212 0.873285 0.854271
0.909913 0.941085 0.963529 0.956359 0.953554 0.938903 0.915212 0.873285 0.854271 0.865337
0.941085 0.963529 0.956359 0.953554 0.938903 0.915212 0.873285 0.854271 0.865337 0.854738
0.963529 0.956359 0.953554 0.938903 0.915212 0.873285 0.854271 0.865337 0.854738 0.860817
0.956359 0.953554 0.938903 0.915212 0.873285 0.854271 0.865337 0.854738 0.860817 0.848348
0.953554 0.938903 0.915212 0.873285 0.854271 0.865337 0.854738 0.860817 0.848348 0.838996
0.938903 0.915212 0.873285 0.854271 0.865337 0.854738 0.860817 0.848348 0.838996 0.862064
0.915212 0.873285 0.854271 0.865337 0.854738 0.860817 0.848348 0.838996 0.862064 0.875312
0.873285 0.854271 0.865337 0.854738 0.860817 0.848348 0.838996 0.862064 0.875312 0.897444
0.854271 0.865337 0.854738 0.860817 0.848348 0.838996 0.862064 0.875312 0.897444 0.904613
0.865337 0.854738 0.860817 0.848348 0.838996 0.862064 0.875312 0.897444 0.904613 0.910536
0.854738 0.860817 0.848348 0.838996 0.862064 0.875312 0.897444 0.904613 0.910536 0.887469
0.860817 0.848348 0.838996 0.862064 0.875312 0.897444 0.904613 0.910536 0.887469 0.875000
0.848348 0.838996 0.862064 0.875312 0.897444 0.904613 0.910536 0.887469 0.875000 0.876870
0.838996 0.862064 0.875312 0.897444 0.904613 0.910536 0.887469 0.875000 0.876870 0.871104
0.862064 0.875312 0.897444 0.904613 0.910536 0.887469 0.875000 0.876870 0.871104 0.872818
0.875312 0.897444 0.904613 0.910536 0.887469 0.875000 0.876870 0.871104 0.872818 0.858167
0.897444 0.904613 0.910536 0.887469 0.875000 0.876870 0.871104 0.872818 0.858167 0.877026
0.904613 0.910536 0.887469 0.875000 0.876870 0.871104 0.872818 0.858167 0.877026 0.848815
0.910536 0.887469 0.875000 0.876870 0.871104 0.872818 0.858167 0.877026 0.848815 0.840555
0.887469 0.875000 0.876870 0.871104 0.872818 0.858167 0.877026 0.848815 0.840555 0.852712
0.875000 0.876870 0.871104 0.872818 0.858167 0.877026 0.848815 0.840555 0.852712 0.861284
0.876870 0.871104 0.872818 0.858167 0.877026 0.848815 0.840555 0.852712 0.861284 0.867830
0.871104 0.872818 0.858167 0.877026 0.848815 0.840555 0.852712 0.861284 0.867830 0.860037
0.872818 0.858167 0.877026 0.848815 0.840555 0.852712 0.861284 0.867830 0.860037 0.843360
0.858167 0.877026 0.848815 0.840555 0.852712 0.861284 0.867830 0.860037 0.843360 0.829645
0.877026 0.848815 0.840555 0.852712 0.861284 0.867830 0.860037 0.843360 0.829645 0.791771
0.848815 0.840555 0.852712 0.861284 0.867830 0.860037 0.843360 0.829645 0.791771 0.780393
0.840555 0.852712 0.861284 0.867830 0.860037 0.843360 0.829645 0.791771 0.780393 0.774626
0.852712 0.861284 0.867830 0.860037 0.843360 0.829645 0.791771 0.780393 0.774626 0.770729
0.861284 0.867830 0.860037 0.843360 0.829645 0.791771 0.780393 0.774626 0.770729 0.765586
0.867830 0.860037 0.843360 0.829645 0.791771 0.780393 0.774626 0.770729 0.765586 0.734882
0.860037 0.843360 0.829645 0.791771 0.780393 0.774626 0.770729 0.765586 0.734882 0.704177
0.843360 0.829645 0.791771 0.780393 0.774626 0.770729 0.765586 0.734882 0.704177 0.688903
0.829645 0.791771 0.780393 0.774626 0.770729 0.765586 0.734882 0.704177 0.688903 0.646353
0.791771 0.780393 0.774626 0.770729 0.765586 0.734882 0.704177 0.688903 0.646353 0.668485
0.780393 0.774626 0.770729 0.765586 0.734882 0.704177 0.688903 0.646353 0.668485 0.672538
0.774626 0.770729 0.765586 0.734882 0.704177 0.688903 0.646353 0.668485 0.672538 0.653055
0.770729 0.765586 0.734882 0.704177 0.688903 0.646353 0.668485 0.672538 0.653055 0.622350
0.765586 0.734882 0.704177 0.688903 0.646353 0.668485 0.672538 0.653055 0.622350 0.616583
0.734882 0.704177 0.688903 0.646353 0.668485 0.672538 0.653055 0.622350 0.616583 0.639339
0.704177 0.688903 0.646353 0.668485 0.672538 0.653055 0.622350 0.616583 0.639339 0.692488
0.688903 0.646353 0.668485 0.672538 0.653055 0.622350 0.616583 0.639339 0.692488 0.693111
0.646353 0.668485 0.672538 0.653055 0.622350 0.616583 0.639339 0.692488 0.693111 0.656016
0.668485 0.672538 0.653055 0.622350 0.616583 0.639339 0.692488 0.693111 0.656016 0.661004
0.672538 0.653055 0.622350 0.616583 0.639339 0.692488 0.693111 0.656016 0.661004 0.648223
0.653055 0.622350 0.616583 0.639339 0.692488 0.693111 0.656016 0.661004 0.648223 0.690617
0.622350 0.616583 0.639339 0.692488 0.693111 0.656016 0.661004 0.648223 0.690617 0.667238
0.616583 0.639339 0.692488 0.693111 0.656016 0.661004 0.648223 0.690617 0.667238 0.661627
0.639339 0.692488 0.693111 0.656016 0.661004 0.648223 0.690617 0.667238 0.661627 0.680642
0.692488 0.693111 0.656016 0.661004 0.648223 0.690617 0.667238 0.661627 0.680642 0.643080
0.693111 0.656016 0.661004 0.648223 0.690617 0.667238 0.661627 0.680642 0.643080 0.652432
0.656016 0.661004 0.648223 0.690617 0.667238 0.661627 0.680642 0.643080 0.652432 0.682824
0.661004 0.648223 0.690617 0.667238 0.661627 0.680642 0.643080 0.652432 0.682824 0.646976
0.648223 0.690617 0.667238 0.661627 0.680642 0.643080 0.652432 0.682824 0.646976 0.557512
0.690617 0.667238 0.661627 0.680642 0.643080 0.652432 0.682824 0.646976 0.557512 0.550499
0.667238 0.661627 0.680642 0.643080 0.652432 0.682824 0.646976 0.557512 0.550499 0.571852
0.661627 0.680642 0.643080 0.652432 0.682824 0.646976 0.557512 0.550499 0.571852 0.529925
0.680642 0.643080 0.652432 0.682824 0.646976 0.557512 0.550499 0.571852 0.529925 0.489402
0.643080 0.652432 0.682824 0.646976 0.557512 0.550499 0.571852 0.529925 0.489402 0.476621
0.652432 0.682824 0.646976 0.557512 0.550499 0.571852 0.529925 0.489402 0.476621 0.462282
0.682824 0.646976 0.557512 0.550499 0.571852 0.529925 0.489402 0.476621 0.462282 0.492207
0.646976 0.557512 0.550499 0.571852 0.529925 0.489402 0.476621 0.462282 0.492207 0.447475
0.557512 0.550499 0.571852 0.529925 0.489402 0.476621 0.462282 0.492207 0.447475 0.405860
0.550499 0.571852 0.529925 0.489402 0.476621 0.462282 0.492207 0.447475 0.405860 0.259819
0.571852 0.529925 0.489402 0.476621 0.462282 0.492207 0.447475 0.405860 0.259819 0.275405
0.529925 0.489402 0.476621 0.462282 0.492207 0.447475 0.405860 0.259819 0.275405 0.283198
0.489402 0.476621 0.462282 0.492207 0.447475 0.405860 0.259819 0.275405 0.283198 0.101465
0.476621 0.462282 0.492207 0.447475 0.405860 0.259819 0.275405 0.283198 0.101465 0.118766
0.462282 0.492207 0.447475 0.405860 0.259819 0.275405 0.283198 0.101465 0.118766 0.033666
0.492207 0.447475 0.405860 0.259819 0.275405 0.283198 0.101465 0.118766 0.033666 0.078242
0.447475 0.405860 0.259819 0.275405 0.283198 0.101465 0.118766 0.033666 0.078242 0.007481
0.405860 0.259819 0.275405 0.283198 0.101465 0.118766 0.033666 0.078242 0.007481 0.000000
0.259819 0.275405 0.283198 0.101465 0.118766 0.033666 0.078242 0.007481 0.000000 0.026029
0.275405 0.283198 0.101465 0.118766 0.033666 0.078242 0.007481 0.000000 0.026029 0.036315
0.283198 0.101465 0.118766 0.033666 0.078242 0.007481 0.000000 0.026029 0.036315 0.231920
0.101465 0.118766 0.033666 0.078242 0.007481 0.000000 0.026029 0.036315 0.231920 0.247039
0.118766 0.033666 0.078242 0.007481 0.000000 0.026029 0.036315 0.231920 0.247039 0.241428
0.033666 0.078242 0.007481 0.000000 0.026029 0.036315 0.231920 0.247039 0.241428 0.167082
0.078242 0.007481 0.000000 0.026029 0.036315 0.231920 0.247039 0.241428 0.167082 0.167238
0.007481 0.000000 0.026029 0.036315 0.231920 0.247039 0.241428 0.167082 0.167238 0.177057
0.000000 0.026029 0.036315 0.231920 0.247039 0.241428 0.167082 0.167238 0.177057 0.114869
0.026029 0.036315 0.231920 0.247039 0.241428 0.167082 0.167238 0.177057 0.114869 0.132640
0.036315 0.231920 0.247039 0.241428 0.167082 0.167238 0.177057 0.114869 0.132640 0.111476
0.231920 0.247039 0.241428 0.167082 0.167238 0.177057 0.114869 0.132640 0.111476 0.202756
0.247039 0.241428 0.167082 0.167238 0.177057 0.114869 0.132640 0.111476 0.202756 0.228443
0.241428 0.167082 0.167238 0.177057 0.114869 0.132640 0.111476 0.202756 0.228443 0.227959
0.167082 0.167238 0.177057 0.114869 0.132640 0.111476 0.202756 0.228443 0.227959 0.283373
0.167238 0.177057 0.114869 0.132640 0.111476 0.202756 0.228443 0.227959 0.283373 0.269156
0.177057 0.114869 0.132640 0.111476 0.202756 0.228443 0.227959 0.283373 0.269156 0.211642
0.114869 0.132640 0.111476 0.202756 0.228443 0.227959 0.283373 0.269156 0.211642 0.213903
0.132640 0.111476 0.202756 0.228443 0.227959 0.283373 0.269156 0.211642 0.213903 0.257524
0.111476 0.202756 0.228443 0.227959 0.283373 0.269156 0.211642 0.213903 0.257524 0.245730
0.202756 0.228443 0.227959 0.283373 0.269156 0.211642 0.213903 0.257524 0.245730 0.205502
0.228443 0.227959 0.283373 0.269156 0.211642 0.213903 0.257524 0.245730 0.205502 0.219073
0.227959 0.283373 0.269156 0.211642 0.213903 0.257524 0.245730 0.205502 0.219073 0.247669
0.283373 0.269156 0.211642 0.213903 0.257524 0.245730 0.205502 0.219073 0.247669 0.209703
0.269156 0.211642 0.213903 0.257524 0.245730 0.205502 0.219073 0.247669 0.209703 0.266571
0.211642 0.213903 0.257524 0.245730 0.205502 0.219073 0.247669 0.209703 0.266571 0.301790
0.213903 0.257524 0.245730 0.205502 0.219073 0.247669 0.209703 0.266571 0.301790 0.367382
0.257524 0.245730 0.205502 0.219073 0.247669 0.209703 0.266571 0.301790 0.367382 0.338141
0.245730 0.205502 0.219073 0.247669 0.209703 0.266571 0.301790 0.367382 0.338141 0.276910
0.205502 0.219073 0.247669 0.209703 0.266571 0.301790 0.367382 0.338141 0.276910 0.312615
0.219073 0.247669 0.209703 0.266571 0.301790 0.367382 0.338141 0.276910 0.312615 0.285473
0.247669 0.209703 0.266571 0.301790 0.367382 0.338141 0.276910 0.312615 0.285473 0.291612
0.209703 0.266571 0.301790 0.367382 0.338141 0.276910 0.312615 0.285473 0.291612 0.342018
0.266571 0.301790 0.367382 0.338141 0.276910 0.312615 0.285473 0.291612 0.342018 0.319561
0.301790 0.367382 0.338141 0.276910 0.312615 0.285473 0.291612 0.342018 0.319561 0.307768
0.367382 0.338141 0.276910 0.312615 0.285473 0.291612 0.342018 0.319561 0.307768 0.243953
