
0.698281 0.730040 0.776409 0.764023 0.803722 0.817379 0.789272 0.763864 0.753860 0.747985
0.730040 0.776409 0.764023 0.803722 0.817379 0.789272 0.763864 0.753860 0.747985 0.743061
0.776409 0.764023 0.803722 0.817379 0.789272 0.763864 0.753860 0.747985 0.743061 0.743061
0.764023 0.803722 0.817379 0.789272 0.763864 0.753860 0.747985 0.743061 0.743061 0.710985
0.803722 0.817379 0.789272 0.763864 0.753860 0.747985 0.743061 0.743061 0.710985 0.699233
0.817379 0.789272 0.763864 0.753860 0.747985 0.743061 0.743061 0.710985 0.699233 0.696534
0.789272 0.763864 0.753860 0.747985 0.743061 0.743061 0.710985 0.699233 0.696534 0.707650
0.763864 0.753860 0.747985 0.743061 0.743061 0.710985 0.699233 0.696534 0.707650 0.705585
0.753860 0.747985 0.743061 0.743061 0.710985 0.699233 0.696534 0.707650 0.705585 0.609989
0.747985 0.743061 0.743061 0.710985 0.699233 0.696534 0.707650 0.705585 0.609989 0.566637
0.743061 0.743061 0.710985 0.699233 0.696534 0.707650 0.705585 0.609989 0.566637 0.559967
0.743061 0.710985 0.699233 0.696534 0.707650 0.705585 0.609989 0.566637 0.559967 0.569337
0.710985 0.699233 0.696534 0.707650 0.705585 0.609989 0.566637 0.559967 0.569337 0.532813
0.699233 0.696534 0.707650 0.705585 0.609989 0.566637 0.559967 0.569337 0.532813 0.488668
0.696534 0.707650 0.705585 0.609989 0.566637 0.559967 0.569337 0.532813 0.488668 0.492637
0.707650 0.705585 0.609989 0.566637 0.559967 0.569337 0.532813 0.488668 0.492637 0.513598
0.705585 0.609989 0.566637 0.559967 0.569337 0.532813 0.488668 0.492637 0.513598 0.605543
0.609989 0.566637 0.559967 0.569337 0.532813 0.488668 0.492637 0.513598 0.605543 0.643813
0.566637 0.559967 0.569337 0.532813 0.488668 0.492637 0.513598 0.605543 0.643813 0.683036
0.559967 0.569337 0.532813 0.488668 0.492637 0.513598 0.605543 0.643813 0.683036 0.670332
0.569337 0.532813 0.488668 0.492637 0.513598 0.605543 0.643813 0.683036 0.670332 0.691928
0.532813 0.488668 0.492637 0.513598 0.605543 0.643813 0.683036 0.670332 0.691928 0.684942
0.488668 0.492637 0.513598 0.605543 0.643813 0.683036 0.670332 0.691928 0.684942 0.730040
0.492637 0.513598 0.605543 0.643813 0.683036 0.670332 0.691928 0.684942 0.730040 0.755448
0.513598 0.605543 0.643813 0.683036 0.670332 0.691928 0.684942 0.730040 0.755448 0.774821
0.605543 0.643813 0.683036 0.670332 0.691928 0.684942 0.730040 0.755448 0.774821 0.665727
0.643813 0.683036 0.670332 0.691928 0.684942 0.730040 0.755448 0.774821 0.665727 0.732422
0.683036 0.670332 0.691928 0.684942 0.730040 0.755448 0.774821 0.665727 0.732422 0.779585
0.670332 0.691928 0.684942 0.730040 0.755448 0.774821 0.665727 0.732422 0.779585 0.775615
0.691928 0.684942 0.730040 0.755448 0.774821 0.665727 0.732422 0.779585 0.775615 0.768628
0.684942 0.730040 0.755448 0.774821 0.665727 0.732422 0.779585 0.775615 0.768628 0.714954
0.730040 0.755448 0.774821 0.665727 0.732422 0.779585 0.775615 0.768628 0.714954 0.795941
0.755448 0.774821 0.665727 0.732422 0.779585 0.775615 0.768628 0.714954 0.795941 0.872323
0.774821 0.665727 0.732422 0.779585 0.775615 0.768628 0.714954 0.795941 0.872323 0.878199
0.665727 0.732422 0.779585 0.775615 0.768628 0.714954 0.795941 0.872323 0.878199 0.858031
0.732422 0.779585 0.775615 0.768628 0.714954 0.795941 0.872323 0.878199 0.858031 0.866289
0.779585 0.775615 0.768628 0.714954 0.795941 0.872323 0.878199 0.858031 0.866289 0.844533
0.775615 0.768628 0.714954 0.795941 0.872323 0.878199 0.858031 0.866289 0.844533 0.796259
0.768628 0.714954 0.795941 0.872323 0.878199 0.858031 0.866289 0.844533 0.796259 0.807851
0.714954 0.795941 0.872323 0.878199 0.858031 0.866289 0.844533 0.796259 0.807851 0.803246
0.795941 0.872323 0.878199 0.858031 0.866289 0.844533 0.796259 0.807851 0.803246 0.809280
0.872323 0.878199 0.858031 0.866289 0.844533 0.796259 0.807851 0.803246 0.809280 0.824366
0.878199 0.858031 0.866289 0.844533 0.796259 0.807851 0.803246 0.809280 0.824366 0.803087
0.858031 0.866289 0.844533 0.796259 0.807851 0.803246 0.809280 0.824366 0.803087 0.805310
0.866289 0.844533 0.796259 0.807851 0.803246 0.809280 0.824366 0.803087 0.805310 0.759100
0.844533 0.796259 0.807851 0.803246 0.809280 0.824366 0.803087 0.805310 0.759100 0.740040
0.796259 0.807851 0.803246 0.809280 0.824366 0.803087 0.805310 0.759100 0.740040 0.779442
0.807851 0.803246 0.809280 0.824366 0.803087 0.805310 0.759100 0.740040 0.779442 0.821728
0.803246 0.809280 0.824366 0.803087 0.805310 0.759100 0.740040 0.779442 0.821728 0.805550
0.809280 0.824366 0.803087 0.805310 0.759100 0.740040 0.779442 0.821728 0.805550 0.827654
0.824366 0.803087 0.805310 0.759100 0.740040 0.779442 0.821728 0.805550 0.827654 0.814200
0.803087 0.805310 0.759100 0.740040 0.779442 0.821728 0.805550 0.827654 0.814200 0.790174
0.805310 0.759100 0.740040 0.779442 0.821728 0.805550 0.827654 0.814200 0.790174 0.740520
0.759100 0.740040 0.779442 0.821728 0.805550 0.827654 0.814200 0.790174 0.740520 0.772074
0.740040 0.779442 0.821728 0.805550 0.827654 0.814200 0.790174 0.740520 0.772074 0.727706
0.779442 0.821728 0.805550 0.827654 0.814200 0.790174 0.740520 0.772074 0.727706 0.841429
0.821728 0.805550 0.827654 0.814200 0.790174 0.740520 0.772074 0.727706 0.841429 0.815161
0.805550 0.827654 0.814200 0.790174 0.740520 0.772074 0.727706 0.841429 0.815161 0.780403
0.827654 0.814200 0.790174 0.740520 0.772074 0.727706 0.841429 0.815161 0.780403 0.797702
0.814200 0.790174 0.740520 0.772074 0.727706 0.841429 0.815161 0.780403 0.797702 0.794819
0.790174 0.740520 0.772074 0.727706 0.841429 0.815161 0.780403 0.797702 0.794819 0.798503
0.740520 0.772074 0.727706 0.841429 0.815161 0.780403 0.797702 0.794819 0.798503 0.829897
0.772074 0.727706 0.841429 0.815161 0.780403 0.797702 0.794819 0.798503 0.829897 0.816762
0.727706 0.841429 0.815161 0.780403 0.797702 0.794819 0.798503 0.829897 0.816762 0.802347
0.841429 0.815161 0.780403 0.797702 0.794819 0.798503 0.829897 0.816762 0.802347 0.852321
0.815161 0.780403 0.797702 0.794819 0.798503 0.829897 0.816762 0.802347 0.852321 0.903896
0.780403 0.797702 0.794819 0.798503 0.829897 0.816762 0.802347 0.852321 0.903896 0.953550
0.797702 0.794819 0.798503 0.829897 0.816762 0.802347 0.852321 0.903896 0.953550 0.924879
0.794819 0.798503 0.829897 0.816762 0.802347 0.852321 0.903896 0.953550 0.924879 0.923437
0.798503 0.829897 0.816762 0.802347 0.852321 0.903896 0.953550 0.924879 0.923437 0.934169
0.829897 0.816762 0.802347 0.852321 0.903896 0.953550 0.924879 0.923437 0.934169 0.911264
0.816762 0.802347 0.852321 0.903896 0.953550 0.924879 0.923437 0.934169 0.911264 0.920715
0.802347 0.852321 0.903896 0.953550 0.924879 0.923437 0.934169 0.911264 0.920715 0.978057
0.852321 0.903896 0.953550 0.924879 0.923437 0.934169 0.911264 0.920715 0.978057 0.953229
0.903896 0.953550 0.924879 0.923437 0.934169 0.911264 0.920715 0.978057 0.953229 0.955952
0.953550 0.924879 0.923437 0.934169 0.911264 0.920715 0.978057 0.953229 0.955952 0.944420
0.924879 0.923437 0.934169 0.911264 0.920715 0.978057 0.953229 0.955952 0.944420 0.988147
0.923437 0.934169 0.911264 0.920715 0.978057 0.953229 0.955952 0.944420 0.988147 0.997277
0.934169 0.911264 0.920715 0.978057 0.953229 0.955952 0.944420 0.988147 0.997277 0.985584
0.911264 0.920715 0.978057 0.953229 0.955952 0.944420 0.988147 0.997277 0.985584 0.992792
0.920715 0.978057 0.953229 0.955952 0.944420 0.988147 0.997277 0.985584 0.992792 1.000000
0.978057 0.953229 0.955952 0.944420 0.988147 0.997277 0.985584 0.992792 1.000000 0.974533
0.953229 0.955952 0.944420 0.988147 0.997277 0.985584 0.992792 1.000000 0.974533 0.994234
0.955952 0.944420 0.988147 0.997277 0.985584 0.992792 1.000000 0.974533 0.994234 0.999680
0.944420 0.988147 0.997277 0.985584 0.992792 1.000000 0.974533 0.994234 0.999680 0.968286
0.988147 0.997277 0.985584 0.992792 1.000000 0.974533 0.994234 0.999680 0.968286 0.946502
0.997277 0.985584 0.992792 1.000000 0.974533 0.994234 0.999680 0.968286 0.946502 0.941857
0.985584 0.992792 1.000000 0.974533 0.994234 0.999680 0.968286 0.946502 0.941857 0.948424
0.992792 1.000000 0.974533 0.994234 0.999680 0.968286 0.946502 0.941857 0.948424 0.908061
1.000000 0.974533 0.994234 0.999680 0.968286 0.946502 0.941857 0.948424 0.908061 0.747087
0.974533 0.994234 0.999680 0.968286 0.946502 0.941857 0.948424 0.908061 0.747087 0.689745
0.994234 0.999680 0.968286 0.946502 0.941857 0.948424 0.908061 0.747087 0.689745 0.697914
0.999680 0.968286 0.946502 0.941857 0.948424 0.908061 0.747087 0.689745 0.697914 0.636248
0.968286 0.946502 0.941857 0.948424 0.908061 0.747087 0.689745 0.697914 0.636248 0.603092
0.946502 0.941857 0.948424 0.908061 0.747087 0.689745 0.697914 0.636248 0.603092 0.613503
0.941857 0.948424 0.908061 0.747087 0.689745 0.697914 0.636248 0.603092 0.613503 0.695031
0.948424 0.908061 0.747087 0.689745 0.697914 0.636248 0.603092 0.613503 0.695031 0.704001
0.908061 0.747087 0.689745 0.697914 0.636248 0.603092 0.613503 0.695031 0.704001 0.658992
0.747087 0.689745 0.697914 0.636248 0.603092 0.613503 0.695031 0.704001 0.658992 0.660113
0.689745 0.697914 0.636248 0.603092 0.613503 0.695031 0.704001 0.658992 0.660113 0.696953
0.697914 0.636248 0.603092 0.613503 0.695031 0.704001 0.658992 0.660113 0.696953 0.718577
0.636248 0.603092 0.613503 0.695031 0.704001 0.658992 0.660113 0.696953 0.718577 0.677039
0.603092 0.613503 0.695031 0.704001 0.658992 0.660113 0.696953 0.718577 0.677039 0.697242
0.613503 0.695031 0.704001 0.658992 0.660113 0.696953 0.718577 0.677039 0.697242 0.662817
0.695031 0.704001 0.658992 0.660113 0.696953 0.718577 0.677039 0.697242 0.662817 0.670251
0.704001 0.658992 0.660113 0.696953 0.718577 0.677039 0.697242 0.662817 0.670251 0.657645
0.658992 0.660113 0.696953 0.718577 0.677039 0.697242 0.662817 0.670251 0.657645 0.631300
0.660113 0.696953 0.718577 0.677039 0.697242 0.662817 0.670251 0.657645 0.631300 0.560509
0.696953 0.718577 0.677039 0.697242 0.662817 0.670251 0.657645 0.631300 0.560509 0.468384
0.718577 0.677039 0.697242 0.662817 0.670251 0.657645 0.631300 0.560509 0.468384 0.502487
0.677039 0.697242 0.662817 0.670251 0.657645 0.631300 0.560509 0.468384 0.502487 0.521881
0.697242 0.662817 0.670251 0.657645 0.631300 0.560509 0.468384 0.502487 0.521881 0.507012
0.662817 0.670251 0.657645 0.631300 0.560509 0.468384 0.502487 0.521881 0.507012 0.568105
0.670251 0.657645 0.631300 0.560509 0.468384 0.502487 0.521881 0.507012 0.568105 0.442363
0.657645 0.631300 0.560509 0.468384 0.502487 0.521881 0.507012 0.568105 0.442363 0.583621
0.631300 0.560509 0.468384 0.502487 0.521881 0.507012 0.568105 0.442363 0.583621 0.542084
0.560509 0.468384 0.502487 0.521881 0.507012 0.568105 0.442363 0.583621 0.542084 0.578288
0.468384 0.502487 0.521881 0.507012 0.568105 0.442363 0.583621 0.542084 0.578288 0.423291
0.502487 0.521881 0.507012 0.568105 0.442363 0.583621 0.542084 0.578288 0.423291 0.572631
0.521881 0.507012 0.568105 0.442363 0.583621 0.542084 0.578288 0.423291 0.572631 0.474687
0.507012 0.568105 0.442363 0.583621 0.542084 0.578288 0.423291 0.572631 0.474687 0.253910
0.568105 0.442363 0.583621 0.542084 0.578288 0.423291 0.572631 0.474687 0.253910 0.384825
0.442363 0.583621 0.542084 0.578288 0.423291 0.572631 0.474687 0.253910 0.384825 0.210757
0.583621 0.542084 0.578288 0.423291 0.572631 0.474687 0.253910 0.384825 0.210757 0.267810
0.542084 0.578288 0.423291 0.572631 0.474687 0.253910 0.384825 0.210757 0.267810 0.309508
0.578288 0.423291 0.572631 0.474687 0.253910 0.384825 0.210757 0.267810 0.309508 0.317428
0.423291 0.572631 0.474687 0.253910 0.384825 0.210757 0.267810 0.309508 0.317428 0.113459
0.572631 0.474687 0.253910 0.384825 0.210757 0.267810 0.309508 0.317428 0.113459 0.000000
0.474687 0.253910 0.384825 0.210757 0.267810 0.309508 0.317428 0.113459 0.000000 0.240010
0.253910 0.384825 0.210757 0.267810 0.309508 0.317428 0.113459 0.000000 0.240010 0.220939
0.384825 0.210757 0.267810 0.309508 0.317428 0.113459 0.000000 0.240010 0.220939 0.295932
0.210757 0.267810 0.309508 0.317428 0.113459 0.000000 0.240010 0.220939 0.295932 0.248415
0.267810 0.309508 0.317428 0.113459 0.000000 0.240010 0.220939 0.295932 0.248415 0.321145
0.309508 0.317428 0.113459 0.000000 0.240010 0.220939 0.295932 0.248415 0.321145 0.301266
0.317428 0.113459 0.000000 0.240010 0.220939 0.295932 0.248415 0.321145 0.301266 0.246799
0.113459 0.000000 0.240010 0.220939 0.295932 0.248415 0.321145 0.301266 0.246799 0.323893
0.000000 0.240010 0.220939 0.295932 0.248415 0.321145 0.301266 0.246799 0.323893 0.257304
0.240010 0.220939 0.295932 0.248415 0.321145 0.301266 0.246799 0.323893 0.257304 0.368986
0.220939 0.295932 0.248415 0.321145 0.301266 0.246799 0.323893 0.257304 0.368986 0.432019
0.295932 0.248415 0.321145 0.301266 0.246799 0.323893 0.257304 0.368986 0.432019 0.502971
0.248415 0.321145 0.301266 0.246799 0.323893 0.257304 0.368986 0.432019 0.502971 0.483415
0.321145 0.301266 0.246799 0.323893 0.257304 0.368986 0.432019 0.502971 0.483415 0.461111
0.301266 0.246799 0.323893 0.257304 0.368986 0.432019 0.502971 0.483415 0.461111 0.521558
0.246799 0.323893 0.257304 0.368986 0.432019 0.502971 0.483415 0.461111 0.521558 0.441070
0.323893 0.257304 0.368986 0.432019 0.502971 0.483415 0.461111 0.521558 0.441070 0.436867
0.257304 0.368986 0.432019 0.502971 0.483415 0.461111 0.521558 0.441070 0.436867 0.462081
0.368986 0.432019 0.502971 0.483415 0.461111 0.521558 0.441070 0.436867 0.462081 0.416988
0.432019 0.502971 0.483415 0.461111 0.521558 0.441070 0.436867 0.462081 0.416988 0.384017
0.502971 0.483415 0.461111 0.521558 0.441070 0.436867 0.462081 0.416988 0.384017 0.416018
0.483415 0.461111 0.521558 0.441070 0.436867 0.462081 0.416988 0.384017 0.416018 0.427655
0.461111 0.521558 0.441070 0.436867 0.462081 0.416988 0.384017 0.416018 0.427655 0.470808
0.521558 0.441070 0.436867 0.462081 0.416988 0.384017 0.416018 0.427655 0.470808 0.578288
0.441070 0.436867 0.462081 0.416988 0.384017 0.416018 0.427655 0.470808 0.578288 0.642290
0.436867 0.462081 0.416988 0.384017 0.416018 0.427655 0.470808 0.578288 0.642290 0.620471
0.462081 0.416988 0.384017 0.416018 0.427655 0.470808 0.578288 0.642290 0.620471 0.550327
0.416988 0.384017 0.416018 0.427655 0.470808 0.578288 0.642290 0.620471 0.550327 0.496668
0.384017 0.416018 0.427655 0.470808 0.578288 0.642290 0.620471 0.550327 0.496668 0.493435
0.416018 0.427655 0.470808 0.578288 0.642290 0.620471 0.550327 0.496668 0.493435 0.477758
0.427655 0.470808 0.578288 0.642290 0.620471 0.550327 0.496668 0.493435 0.477758 0.457878
0.470808 0.578288 0.642290 0.620471 0.550327 0.496668 0.493435 0.477758 0.457878 0.450444
0.578288 0.642290 0.620471 0.550327 0.496668 0.493435 0.477758 0.457878 0.450444 0.495213
0.642290 0.620471 0.550327 0.496668 0.493435 0.477758 0.457878 0.450444 0.495213 0.450282
0.620471 0.550327 0.496668 0.493435 0.477758 0.457878 0.450444 0.495213 0.450282 0.382239
