
0.619446 0.627952 0.668664 0.673222 0.693071 0.699046 0.703503 0.724264 0.784926 0.813080
0.627952 0.668664 0.673222 0.693071 0.699046 0.703503 0.724264 0.784926 0.813080 0.783003
0.668664 0.673222 0.693071 0.699046 0.703503 0.724264 0.784926 0.813080 0.783003 0.741885
0.673222 0.693071 0.699046 0.703503 0.724264 0.784926 0.813080 0.783003 0.741885 0.755355
0.693071 0.699046 0.703503 0.724264 0.784926 0.813080 0.783003 0.741885 0.755355 0.752215
0.699046 0.703503 0.724264 0.784926 0.813080 0.783003 0.741885 0.755355 0.752215 0.821588
0.703503 0.724264 0.784926 0.813080 0.783003 0.741885 0.755355 0.752215 0.821588 0.863008
0.724264 0.784926 0.813080 0.783003 0.741885 0.755355 0.752215 0.821588 0.863008 0.828373
0.784926 0.813080 0.783003 0.741885 0.755355 0.752215 0.821588 0.863008 0.828373 0.777027
0.813080 0.783003 0.741885 0.755355 0.752215 0.821588 0.863008 0.828373 0.777027 0.772336
0.783003 0.741885 0.755355 0.752215 0.821588 0.863008 0.828373 0.777027 0.772336 0.753065
0.741885 0.755355 0.752215 0.821588 0.863008 0.828373 0.777027 0.772336 0.753065 0.784267
0.755355 0.752215 0.821588 0.863008 0.828373 0.777027 0.772336 0.753065 0.784267 0.792730
0.752215 0.821588 0.863008 0.828373 0.777027 0.772336 0.753065 0.784267 0.792730 0.829947
0.821588 0.863008 0.828373 0.777027 0.772336 0.753065 0.784267 0.792730 0.829947 0.832190
0.863008 0.828373 0.777027 0.772336 0.753065 0.784267 0.792730 0.829947 0.832190 0.866450
0.828373 0.777027 0.772336 0.753065 0.784267 0.792730 0.829947 0.832190 0.866450 0.875016
0.777027 0.772336 0.753065 0.784267 0.792730 0.829947 0.832190 0.866450 0.875016 0.808126
0.772336 0.753065 0.784267 0.792730 0.829947 0.832190 0.866450 0.875016 0.808126 0.813021
0.753065 0.784267 0.792730 0.829947 0.832190 0.866450 0.875016 0.808126 0.813021 0.767748
0.784267 0.792730 0.829947 0.832190 0.866450 0.875016 0.808126 0.813021 0.767748 0.768564
0.792730 0.829947 0.832190 0.866450 0.875016 0.808126 0.813021 0.767748 0.768564 0.759795
0.829947 0.832190 0.866450 0.875016 0.808126 0.813021 0.767748 0.768564 0.759795 0.783757
0.832190 0.866450 0.875016 0.808126 0.813021 0.767748 0.768564 0.759795 0.783757 0.807413
0.866450 0.875016 0.808126 0.813021 0.767748 0.768564 0.759795 0.783757 0.807413 0.745928
0.875016 0.808126 0.813021 0.767748 0.768564 0.759795 0.783757 0.807413 0.745928 0.712483
0.808126 0.813021 0.767748 0.768564 0.759795 0.783757 0.807413 0.745928 0.712483 0.730225
0.813021 0.767748 0.768564 0.759795 0.783757 0.807413 0.745928 0.712483 0.730225 0.683321
0.767748 0.768564 0.759795 0.783757 0.807413 0.745928 0.712483 0.730225 0.683321 0.657014
0.768564 0.759795 0.783757 0.807413 0.745928 0.712483 0.730225 0.683321 0.657014 0.620001
0.759795 0.783757 0.807413 0.745928 0.712483 0.730225 0.683321 0.657014 0.620001 0.567692
0.783757 0.807413 0.745928 0.712483 0.730225 0.683321 0.657014 0.620001 0.567692 0.645594
0.807413 0.745928 0.712483 0.730225 0.683321 0.657014 0.620001 0.567692 0.645594 0.690866
0.745928 0.712483 0.730225 0.683321 0.657014 0.620001 0.567692 0.645594 0.690866 0.677305
0.712483 0.730225 0.683321 0.657014 0.620001 0.567692 0.645594 0.690866 0.677305 0.689235
0.730225 0.683321 0.657014 0.620001 0.567692 0.645594 0.690866 0.677305 0.689235 0.693416
0.683321 0.657014 0.620001 0.567692 0.645594 0.690866 0.677305 0.689235 0.693416 0.620103
0.657014 0.620001 0.567692 0.645594 0.690866 0.677305 0.689235 0.693416 0.620103 0.697188
0.620001 0.567692 0.645594 0.690866 0.677305 0.689235 0.693416 0.620103 0.697188 0.692702
0.567692 0.645594 0.690866 0.677305 0.689235 0.693416 0.620103 0.697188 0.692702 0.700859
0.645594 0.690866 0.677305 0.689235 0.693416 0.620103 0.697188 0.692702 0.700859 0.707181
0.690866 0.677305 0.689235 0.693416 0.620103 0.697188 0.692702 0.700859 0.707181 0.720436
0.677305 0.689235 0.693416 0.620103 0.697188 0.692702 0.700859 0.707181 0.720436 0.706264
0.689235 0.693416 0.620103 0.697188 0.692702 0.700859 0.707181 0.720436 0.706264 0.705855
0.693416 0.620103 0.697188 0.692702 0.700859 0.707181 0.720436 0.706264 0.705855 0.672921
0.620103 0.697188 0.692702 0.700859 0.707181 0.720436 0.706264 0.705855 0.672921 0.678427
0.697188 0.692702 0.700859 0.707181 0.720436 0.706264 0.705855 0.672921 0.678427 0.701165
0.692702 0.700859 0.707181 0.720436 0.706264 0.705855 0.672921 0.678427 0.701165 0.743481
0.700859 0.707181 0.720436 0.706264 0.705855 0.672921 0.678427 0.701165 0.743481 0.706773
0.707181 0.720436 0.706264 0.705855 0.672921 0.678427 0.701165 0.743481 0.706773 0.707079
0.720436 0.706264 0.705855 0.672921 0.678427 0.701165 0.743481 0.706773 0.707079 0.709424
0.706264 0.705855 0.672921 0.678427 0.701165 0.743481 0.706773 0.707079 0.709424 0.743888
0.705855 0.672921 0.678427 0.701165 0.743481 0.706773 0.707079 0.709424 0.743888 0.716358
0.672921 0.678427 0.701165 0.743481 0.706773 0.707079 0.709424 0.743888 0.716358 0.754595
0.678427 0.701165 0.743481 0.706773 0.707079 0.709424 0.743888 0.716358 0.754595 0.778251
0.701165 0.743481 0.706773 0.707079 0.709424 0.743888 0.716358 0.754595 0.778251 0.788753
0.743481 0.706773 0.707079 0.709424 0.743888 0.716358 0.754595 0.778251 0.788753 0.777129
0.706773 0.707079 0.709424 0.743888 0.716358 0.754595 0.778251 0.788753 0.777129 0.787835
0.707079 0.709424 0.743888 0.716358 0.754595 0.778251 0.788753 0.777129 0.787835 0.797114
0.709424 0.743888 0.716358 0.754595 0.778251 0.788753 0.777129 0.787835 0.797114 0.811899
0.743888 0.716358 0.754595 0.778251 0.788753 0.777129 0.787835 0.797114 0.811899 0.784063
0.716358 0.754595 0.778251 0.788753 0.777129 0.787835 0.797114 0.811899 0.784063 0.783859
0.754595 0.778251 0.788753 0.777129 0.787835 0.797114 0.811899 0.784063 0.783859 0.794973
0.778251 0.788753 0.777129 0.787835 0.797114 0.811899 0.784063 0.783859 0.794973 0.852685
0.788753 0.777129 0.787835 0.797114 0.811899 0.784063 0.783859 0.794973 0.852685 0.884805
0.777129 0.787835 0.797114 0.811899 0.784063 0.783859 0.794973 0.852685 0.884805 0.850410
0.787835 0.797114 0.811899 0.784063 0.783859 0.794973 0.852685 0.884805 0.850410 0.890759
0.797114 0.811899 0.784063 0.783859 0.794973 0.852685 0.884805 0.850410 0.890759 0.886139
0.811899 0.784063 0.783859 0.794973 0.852685 0.884805 0.850410 0.890759 0.886139 0.887371
0.784063 0.783859 0.794973 0.852685 0.884805 0.850410 0.890759 0.886139 0.887371 0.879568
0.783859 0.794973 0.852685 0.884805 0.850410 0.890759 0.886139 0.887371 0.879568 0.895790
0.794973 0.852685 0.884805 0.850410 0.890759 0.886139 0.887371 0.879568 0.895790 0.908418
0.852685 0.884805 0.850410 0.890759 0.886139 0.887371 0.879568 0.895790 0.908418 0.896098
0.884805 0.850410 0.890759 0.886139 0.887371 0.879568 0.895790 0.908418 0.896098 0.892505
0.850410 0.890759 0.886139 0.887371 0.879568 0.895790 0.908418 0.896098 0.892505 0.875667
0.890759 0.886139 0.887371 0.879568 0.895790 0.908418 0.896098 0.892505 0.875667 0.876693
0.886139 0.887371 0.879568 0.895790 0.908418 0.896098 0.892505 0.875667 0.876693 0.870225
0.887371 0.879568 0.895790 0.908418 0.896098 0.892505 0.875667 0.876693 0.870225 0.839219
0.879568 0.895790 0.908418 0.896098 0.892505 0.875667 0.876693 0.870225 0.839219 0.828541
0.895790 0.908418 0.896098 0.892505 0.875667 0.876693 0.870225 0.839219 0.828541 0.798356
0.908418 0.896098 0.892505 0.875667 0.876693 0.870225 0.839219 0.828541 0.798356 0.808931
0.896098 0.892505 0.875667 0.876693 0.870225 0.839219 0.828541 0.798356 0.808931 0.872689
0.892505 0.875667 0.876693 0.870225 0.839219 0.828541 0.798356 0.808931 0.872689 0.859342
0.875667 0.876693 0.870225 0.839219 0.828541 0.798356 0.808931 0.872689 0.859342 0.868172
0.876693 0.870225 0.839219 0.828541 0.798356 0.808931 0.872689 0.859342 0.868172 0.875564
0.870225 0.839219 0.828541 0.798356 0.808931 0.872689 0.859342 0.868172 0.875564 0.882751
0.839219 0.828541 0.798356 0.808931 0.872689 0.859342 0.868172 0.875564 0.882751 0.886960
0.828541 0.798356 0.808931 0.872689 0.859342 0.868172 0.875564 0.882751 0.886960 0.892402
0.798356 0.808931 0.872689 0.859342 0.868172 0.875564 0.882751 0.886960 0.892402 0.885010
0.808931 0.872689 0.859342 0.868172 0.875564 0.882751 0.886960 0.892402 0.885010 0.898459
0.872689 0.859342 0.868172 0.875564 0.882751 0.886960 0.892402 0.885010 0.898459 0.847638
0.859342 0.868172 0.875564 0.882751 0.886960 0.892402 0.885010 0.898459 0.847638 0.832751
0.868172 0.875564 0.882751 0.886960 0.892402 0.885010 0.898459 0.847638 0.832751 0.874127
0.875564 0.882751 0.886960 0.892402 0.885010 0.898459 0.847638 0.832751 0.874127 0.873306
0.882751 0.886960 0.892402 0.885010 0.898459 0.847638 0.832751 0.874127 0.873306 0.887371
0.886960 0.892402 0.885010 0.898459 0.847638 0.832751 0.874127 0.873306 0.887371 0.879671
0.892402 0.885010 0.898459 0.847638 0.832751 0.874127 0.873306 0.887371 0.879671 0.922382
0.885010 0.898459 0.847638 0.832751 0.874127 0.873306 0.887371 0.879671 0.922382 0.924333
0.898459 0.847638 0.832751 0.874127 0.873306 0.887371 0.879671 0.922382 0.924333 0.934599
0.847638 0.832751 0.874127 0.873306 0.887371 0.879671 0.922382 0.924333 0.934599 0.954107
0.832751 0.874127 0.873306 0.887371 0.879671 0.922382 0.924333 0.934599 0.954107 0.958008
0.874127 0.873306 0.887371 0.879671 0.922382 0.924333 0.934599 0.954107 0.958008 0.954004
0.873306 0.887371 0.879671 0.922382 0.924333 0.934599 0.954107 0.958008 0.954004 0.922587
0.887371 0.879671 0.922382 0.924333 0.934599 0.954107 0.958008 0.954004 0.922587 0.924127
0.879671 0.922382 0.924333 0.934599 0.954107 0.958008 0.954004 0.922587 0.924127 0.938706
0.922382 0.924333 0.934599 0.954107 0.958008 0.954004 0.922587 0.924127 0.938706 0.978645
0.924333 0.934599 0.954107 0.958008 0.954004 0.922587 0.924127 0.938706 0.978645 0.962320
0.934599 0.954107 0.958008 0.954004 0.922587 0.924127 0.938706 0.978645 0.962320 0.973306
0.954107 0.958008 0.954004 0.922587 0.924127 0.938706 0.978645 0.962320 0.973306 0.980903
0.958008 0.954004 0.922587 0.924127 0.938706 0.978645 0.962320 0.973306 0.980903 0.993634
0.954004 0.922587 0.924127 0.938706 0.978645 0.962320 0.973306 0.980903 0.993634 0.990144
0.922587 0.924127 0.938706 0.978645 0.962320 0.973306 0.980903 0.993634 0.990144 1.000000
0.924127 0.938706 0.978645 0.962320 0.973306 0.980903 0.993634 0.990144 1.000000 0.995688
0.938706 0.978645 0.962320 0.973306 0.980903 0.993634 0.990144 1.000000 0.995688 0.704516
0.978645 0.962320 0.973306 0.980903 0.993634 0.990144 1.000000 0.995688 0.704516 0.714269
0.962320 0.973306 0.980903 0.993634 0.990144 1.000000 0.995688 0.704516 0.714269 0.699279
0.973306 0.980903 0.993634 0.990144 1.000000 0.995688 0.704516 0.714269 0.699279 0.692092
0.980903 0.993634 0.990144 1.000000 0.995688 0.704516 0.714269 0.699279 0.692092 0.656774
0.993634 0.990144 1.000000 0.995688 0.704516 0.714269 0.699279 0.692092 0.656774 0.643221
0.990144 1.000000 0.995688 0.704516 0.714269 0.699279 0.692092 0.656774 0.643221 0.648047
1.000000 0.995688 0.704516 0.714269 0.699279 0.692092 0.656774 0.643221 0.648047 0.625665
0.995688 0.704516 0.714269 0.699279 0.692092 0.656774 0.643221 0.648047 0.625665 0.585418
0.704516 0.714269 0.699279 0.692092 0.656774 0.643221 0.648047 0.625665 0.585418 0.579977
0.714269 0.699279 0.692092 0.656774 0.643221 0.648047 0.625665 0.585418 0.579977 0.545993
0.699279 0.692092 0.656774 0.643221 0.648047 0.625665 0.585418 0.579977 0.545993 0.551948
0.692092 0.656774 0.643221 0.648047 0.625665 0.585418 0.579977 0.545993 0.551948 0.533570
0.656774 0.643221 0.648047 0.625665 0.585418 0.579977 0.545993 0.551948 0.533570 0.545274
0.643221 0.648047 0.625665 0.585418 0.579977 0.545993 0.551948 0.533570 0.545274 0.534083
0.648047 0.625665 0.585418 0.579977 0.545993 0.551948 0.533570 0.545274 0.534083 0.510366
0.625665 0.585418 0.579977 0.545993 0.551948 0.533570 0.545274 0.534083 0.510366 0.482440
0.585418 0.579977 0.545993 0.551948 0.533570 0.545274 0.534083 0.510366 0.482440 0.453281
0.579977 0.545993 0.551948 0.533570 0.545274 0.534083 0.510366 0.482440 0.453281 0.464062
0.545993 0.551948 0.533570 0.545274 0.534083 0.510366 0.482440 0.453281 0.464062 0.489113
0.551948 0.533570 0.545274 0.534083 0.510366 0.482440 0.453281 0.464062 0.489113 0.463951
0.533570 0.545274 0.534083 0.510366 0.482440 0.453281 0.464062 0.489113 0.463951 0.466229
0.545274 0.534083 0.510366 0.482440 0.453281 0.464062 0.489113 0.463951 0.466229 0.437857
0.534083 0.510366 0.482440 0.453281 0.464062 0.489113 0.463951 0.466229 0.437857 0.417665
0.510366 0.482440 0.453281 0.464062 0.489113 0.463951 0.466229 0.437857 0.417665 0.409174
0.482440 0.453281 0.464062 0.489113 0.463951 0.466229 0.437857 0.417665 0.409174 0.400580
0.453281 0.464062 0.489113 0.463951 0.466229 0.437857 0.417665 0.409174 0.400580 0.403582
0.464062 0.489113 0.463951 0.466229 0.437857 0.417665 0.409174 0.400580 0.403582 0.447591
0.489113 0.463951 0.466229 0.437857 0.417665 0.409174 0.400580 0.403582 0.447591 0.443034
0.463951 0.466229 0.437857 0.417665 0.409174 0.400580 0.403582 0.447591 0.443034 0.452043
0.466229 0.437857 0.417665 0.409174 0.400580 0.403582 0.447591 0.443034 0.452043 0.471614
0.437857 0.417665 0.409174 0.400580 0.403582 0.447591 0.443034 0.452043 0.471614 0.489010
0.417665 0.409174 0.400580 0.403582 0.447591 0.443034 0.452043 0.471614 0.489010 0.495430
0.409174 0.400580 0.403582 0.447591 0.443034 0.452043 0.471614 0.489010 0.495430 0.496465
0.400580 0.403582 0.447591 0.443034 0.452043 0.471614 0.489010 0.495430 0.496465 0.494809
0.403582 0.447591 0.443034 0.452043 0.471614 0.489010 0.495430 0.496465 0.494809 0.472442
0.447591 0.443034 0.452043 0.471614 0.489010 0.495430 0.496465 0.494809 0.472442 0.473374
0.443034 0.452043 0.471614 0.489010 0.495430 0.496465 0.494809 0.472442 0.473374 0.525977
0.452043 0.471614 0.489010 0.495430 0.496465 0.494809 0.472442 0.473374 0.525977 0.514483
0.471614 0.489010 0.495430 0.496465 0.494809 0.472442 0.473374 0.525977 0.514483 0.547515
0.489010 0.495430 0.496465 0.494809 0.472442 0.473374 0.525977 0.514483 0.547515 0.541406
0.495430 0.496465 0.494809 0.472442 0.473374 0.525977 0.514483 0.547515 0.541406 0.541716
0.496465 0.494809 0.472442 0.473374 0.525977 0.514483 0.547515 0.541406 0.541716 0.527737
0.494809 0.472442 0.473374 0.525977 0.514483 0.547515 0.541406 0.541716 0.527737 0.526184
0.472442 0.473374 0.525977 0.514483 0.547515 0.541406 0.541716 0.527737 0.526184 0.522249
0.473374 0.525977 0.514483 0.547515 0.541406 0.541716 0.527737 0.526184 0.522249 0.541302
0.525977 0.514483 0.547515 0.541406 0.541716 0.527737 0.526184 0.522249 0.541302 0.553417
0.514483 0.547515 0.541406 0.541716 0.527737 0.526184 0.522249 0.541302 0.553417 0.548343
0.547515 0.541406 0.541716 0.527737 0.526184 0.522249 0.541302 0.553417 0.548343 0.558284
0.541406 0.541716 0.527737 0.526184 0.522249 0.541302 0.553417 0.548343 0.558284 0.527426
0.541716 0.527737 0.526184 0.522249 0.541302 0.553417 0.548343 0.558284 0.527426 0.498329
0.527737 0.526184 0.522249 0.541302 0.553417 0.548343 0.558284 0.527426 0.498329 0.462191
0.526184 0.522249 0.541302 0.553417 0.548343 0.558284 0.527426 0.498329 0.462191 0.462191
0.522249 0.541302 0.553417 0.548343 0.558284 0.527426 0.498329 0.462191 0.462191 0.496776
0.541302 0.553417 0.548343 0.558284 0.527426 0.498329 0.462191 0.462191 0.496776 0.541302
0.553417 0.548343 0.558284 0.527426 0.498329 0.462191 0.462191 0.496776 0.541302 0.536125
0.548343 0.558284 0.527426 0.498329 0.462191 0.462191 0.496776 0.541302 0.536125 0.573920
0.558284 0.527426 0.498329 0.462191 0.462191 0.496776 0.541302 0.536125 0.573920 0.555074
0.527426 0.498329 0.462191 0.462191 0.496776 0.541302 0.536125 0.573920 0.555074 0.538403
0.498329 0.462191 0.462191 0.496776 0.541302 0.536125 0.573920 0.555074 0.538403 0.533743
0.462191 0.462191 0.496776 0.541302 0.536125 0.573920 0.555074 0.538403 0.533743 0.554763
0.462191 0.496776 0.541302 0.536125 0.573920 0.555074 0.538403 0.533743 0.554763 0.584586
0.496776 0.541302 0.536125 0.573920 0.555074 0.538403 0.533743 0.554763 0.584586 0.604260
0.541302 0.536125 0.573920 0.555074 0.538403 0.533743 0.554763 0.584586 0.604260 0.590902
0.536125 0.573920 0.555074 0.538403 0.533743 0.554763 0.584586 0.604260 0.590902 0.547929
0.573920 0.555074 0.538403 0.533743 0.554763 0.584586 0.604260 0.590902 0.547929 0.576716
0.555074 0.538403 0.533743 0.554763 0.584586 0.604260 0.590902 0.547929 0.576716 0.585724
0.538403 0.533743 0.554763 0.584586 0.604260 0.590902 0.547929 0.576716 0.585724 0.555592
0.533743 0.554763 0.584586 0.604260 0.590902 0.547929 0.576716 0.585724 0.555592 0.541509
0.554763 0.584586 0.604260 0.590902 0.547929 0.576716 0.585724 0.555592 0.541509 0.512412
0.584586 0.604260 0.590902 0.547929 0.576716 0.585724 0.555592 0.541509 0.512412 0.451940
0.604260 0.590902 0.547929 0.576716 0.585724 0.555592 0.541509 0.512412 0.451940 0.441585
0.590902 0.547929 0.576716 0.585724 0.555592 0.541509 0.512412 0.451940 0.441585 0.440860
0.547929 0.576716 0.585724 0.555592 0.541509 0.512412 0.451940 0.441585 0.440860 0.446866
0.576716 0.585724 0.555592 0.541509 0.512412 0.451940 0.441585 0.440860 0.446866 0.439099
0.585724 0.555592 0.541509 0.512412 0.451940 0.441585 0.440860 0.446866 0.439099 0.424913
0.555592 0.541509 0.512412 0.451940 0.441585 0.440860 0.446866 0.439099 0.424913 0.453700
0.541509 0.512412 0.451940 0.441585 0.440860 0.446866 0.439099 0.424913 0.453700 0.390846
0.512412 0.451940 0.441585 0.440860 0.446866 0.439099 0.424913 0.453700 0.390846 0.385308
0.451940 0.441585 0.440860 0.446866 0.439099 0.424913 0.453700 0.390846 0.385308 0.434003
0.441585 0.440860 0.446866 0.439099 0.424913 0.453700 0.390846 0.385308 0.434003 0.449155
0.440860 0.446866 0.439099 0.424913 0.453700 0.390846 0.385308 0.434003 0.449155 0.428882
0.446866 0.439099 0.424913 0.453700 0.390846 0.385308 0.434003 0.449155 0.428882 0.430345
0.439099 0.424913 0.453700 0.390846 0.385308 0.434003 0.449155 0.428882 0.430345 0.427524
0.424913 0.453700 0.390846 0.385308 0.434003 0.449155 0.428882 0.430345 0.427524 0.374963
0.453700 0.390846 0.385308 0.434003 0.449155 0.428882 0.430345 0.427524 0.374963 0.377784
0.390846 0.385308 0.434003 0.449155 0.428882 0.430345 0.427524 0.374963 0.377784 0.373917
0.385308 0.434003 0.449155 0.428882 0.430345 0.427524 0.374963 0.377784 0.373917 0.392727
0.434003 0.449155 0.428882 0.430345 0.427524 0.374963 0.377784 0.373917 0.392727 0.422090
0.449155 0.428882 0.430345 0.427524 0.374963 0.377784 0.373917 0.392727 0.422090 0.436302
0.428882 0.430345 0.427524 0.374963 0.377784 0.373917 0.392727 0.422090 0.436302 0.404117
0.430345 0.427524 0.374963 0.377784 0.373917 0.392727 0.422090 0.436302 0.404117 0.419060
0.427524 0.374963 0.377784 0.373917 0.392727 0.422090 0.436302 0.404117 0.419060 0.462530
0.374963 0.377784 0.373917 0.392727 0.422090 0.436302 0.404117 0.419060 0.462530 0.459500
0.377784 0.373917 0.392727 0.422090 0.436302 0.404117 0.419060 0.462530 0.459500 0.480399
0.373917 0.392727 0.422090 0.436302 0.404117 0.419060 0.462530 0.459500 0.480399 0.510912
0.392727 0.422090 0.436302 0.404117 0.419060 0.462530 0.459500 0.480399 0.510912 0.502761
0.422090 0.436302 0.404117 0.419060 0.462530 0.459500 0.480399 0.510912 0.502761 0.528885
0.436302 0.404117 0.419060 0.462530 0.459500 0.480399 0.510912 0.502761 0.528885 0.537872
0.404117 0.419060 0.462530 0.459500 0.480399 0.510912 0.502761 0.528885 0.537872 0.519376
0.419060 0.462530 0.459500 0.480399 0.510912 0.502761 0.528885 0.537872 0.519376 0.502657
0.462530 0.459500 0.480399 0.510912 0.502761 0.528885 0.537872 0.519376 0.502657 0.496073
0.459500 0.480399 0.510912 0.502761 0.528885 0.537872 0.519376 0.502657 0.496073 0.492207
0.480399 0.510912 0.502761 0.528885 0.537872 0.519376 0.502657 0.496073 0.492207 0.488968
0.510912 0.502761 0.528885 0.537872 0.519376 0.502657 0.496073 0.492207 0.488968 0.488968
0.502761 0.528885 0.537872 0.519376 0.502657 0.496073 0.492207 0.488968 0.488968 0.467860
0.528885 0.537872 0.519376 0.502657 0.496073 0.492207 0.488968 0.488968 0.467860 0.460127
0.537872 0.519376 0.502657 0.496073 0.492207 0.488968 0.488968 0.467860 0.460127 0.458350
0.519376 0.502657 0.496073 0.492207 0.488968 0.488968 0.467860 0.460127 0.458350 0.465665
0.502657 0.496073 0.492207 0.488968 0.488968 0.467860 0.460127 0.458350 0.465665 0.464307
0.496073 0.492207 0.488968 0.488968 0.467860 0.460127 0.458350 0.465665 0.464307 0.401400
0.492207 0.488968 0.488968 0.467860 0.460127 0.458350 0.465665 0.464307 0.401400 0.372873
0.488968 0.488968 0.467860 0.460127 0.458350 0.465665 0.464307 0.401400 0.372873 0.368484
0.488968 0.467860 0.460127 0.458350 0.465665 0.464307 0.401400 0.372873 0.368484 0.374649
0.467860 0.460127 0.458350 0.465665 0.464307 0.401400 0.372873 0.368484 0.374649 0.350615
0.460127 0.458350 0.465665 0.464307 0.401400 0.372873 0.368484 0.374649 0.350615 0.321565
0.458350 0.465665 0.464307 0.401400 0.372873 0.368484 0.374649 0.350615 0.321565 0.324177
0.465665 0.464307 0.401400 0.372873 0.368484 0.374649 0.350615 0.321565 0.324177 0.337971
0.464307 0.401400 0.372873 0.368484 0.374649 0.350615 0.321565 0.324177 0.337971 0.398474
0.401400 0.372873 0.368484 0.374649 0.350615 0.321565 0.324177 0.337971 0.398474 0.423658
0.372873 0.368484 0.374649 0.350615 0.321565 0.324177 0.337971 0.398474 0.423658 0.449468
0.368484 0.374649 0.350615 0.321565 0.324177 0.337971 0.398474 0.423658 0.449468 0.441108
0.374649 0.350615 0.321565 0.324177 0.337971 0.398474 0.423658 0.449468 0.441108 0.455320
0.350615 0.321565 0.324177 0.337971 0.398474 0.423658 0.449468 0.441108 0.455320 0.450722
0.321565 0.324177 0.337971 0.398474 0.423658 0.449468 0.441108 0.455320 0.450722 0.480399
0.324177 0.337971 0.398474 0.423658 0.449468 0.441108 0.455320 0.450722 0.480399 0.497118
0.337971 0.398474 0.423658 0.449468 0.441108 0.455320 0.450722 0.480399 0.497118 0.509867
0.398474 0.423658 0.449468 0.441108 0.455320 0.450722 0.480399 0.497118 0.509867 0.438078
0.423658 0.449468 0.441108 0.455320 0.450722 0.480399 0.497118 0.509867 0.438078 0.481966
0.449468 0.441108 0.455320 0.450722 0.480399 0.497118 0.509867 0.438078 0.481966 0.513002
0.441108 0.455320 0.450722 0.480399 0.497118 0.509867 0.438078 0.481966 0.513002 0.510389
0.455320 0.450722 0.480399 0.497118 0.509867 0.438078 0.481966 0.513002 0.510389 0.505792
0.450722 0.480399 0.497118 0.509867 0.438078 0.481966 0.513002 0.510389 0.505792 0.470472
0.480399 0.497118 0.509867 0.438078 0.481966 0.513002 0.510389 0.505792 0.470472 0.523765
0.497118 0.509867 0.438078 0.481966 0.513002 0.510389 0.505792 0.470472 0.523765 0.574028
0.509867 0.438078 0.481966 0.513002 0.510389 0.505792 0.470472 0.523765 0.574028 0.577894
0.438078 0.481966 0.513002 0.510389 0.505792 0.470472 0.523765 0.574028 0.577894 0.564623
0.481966 0.513002 0.510389 0.505792 0.470472 0.523765 0.574028 0.577894 0.564623 0.570057
0.513002 0.510389 0.505792 0.470472 0.523765 0.574028 0.577894 0.564623 0.570057 0.555741
0.510389 0.505792 0.470472 0.523765 0.574028 0.577894 0.564623 0.570057 0.555741 0.523974
0.505792 0.470472 0.523765 0.574028 0.577894 0.564623 0.570057 0.555741 0.523974 0.531602
0.470472 0.523765 0.574028 0.577894 0.564623 0.570057 0.555741 0.523974 0.531602 0.528572
0.523765 0.574028 0.577894 0.564623 0.570057 0.555741 0.523974 0.531602 0.528572 0.532543
0.574028 0.577894 0.564623 0.570057 0.555741 0.523974 0.531602 0.528572 0.532543 0.542470
0.577894 0.564623 0.570057 0.555741 0.523974 0.531602 0.528572 0.532543 0.542470 0.528467
0.564623 0.570057 0.555741 0.523974 0.531602 0.528572 0.532543 0.542470 0.528467 0.529930
0.570057 0.555741 0.523974 0.531602 0.528572 0.532543 0.542470 0.528467 0.529930 0.499522
0.555741 0.523974 0.531602 0.528572 0.532543 0.542470 0.528467 0.529930 0.499522 0.486979
0.523974 0.531602 0.528572 0.532543 0.542470 0.528467 0.529930 0.499522 0.486979 0.512908
0.531602 0.528572 0.532543 0.542470 0.528467 0.529930 0.499522 0.486979 0.512908 0.540734
0.528572 0.532543 0.542470 0.528467 0.529930 0.499522 0.486979 0.512908 0.540734 0.530088
0.532543 0.542470 0.528467 0.529930 0.499522 0.486979 0.512908 0.540734 0.530088 0.544633
0.542470 0.528467 0.529930 0.499522 0.486979 0.512908 0.540734 0.530088 0.544633 0.535780
0.528467 0.529930 0.499522 0.486979 0.512908 0.540734 0.530088 0.544633 0.535780 0.519970
0.529930 0.499522 0.486979 0.512908 0.540734 0.530088 0.544633 0.535780 0.519970 0.487295
0.499522 0.486979 0.512908 0.540734 0.530088 0.544633 0.535780 0.519970 0.487295 0.508059
0.486979 0.512908 0.540734 0.530088 0.544633 0.535780 0.519970 0.487295 0.508059 0.478863
0.512908 0.540734 0.530088 0.544633 0.535780 0.519970 0.487295 0.508059 0.478863 0.553698
0.540734 0.530088 0.544633 0.535780 0.519970 0.487295 0.508059 0.478863 0.553698 0.536412
0.530088 0.544633 0.535780 0.519970 0.487295 0.508059 0.478863 0.553698 0.536412 0.513540
0.544633 0.535780 0.519970 0.487295 0.508059 0.478863 0.553698 0.536412 0.513540 0.524924
0.535780 0.519970 0.487295 0.508059 0.478863 0.553698 0.536412 0.513540 0.524924 0.523026
0.519970 0.487295 0.508059 0.478863 0.553698 0.536412 0.513540 0.524924 0.523026 0.525450
0.487295 0.508059 0.478863 0.553698 0.536412 0.513540 0.524924 0.523026 0.525450 0.546109
0.508059 0.478863 0.553698 0.536412 0.513540 0.524924 0.523026 0.525450 0.546109 0.537466
0.478863 0.553698 0.536412 0.513540 0.524924 0.523026 0.525450 0.546109 0.537466 0.527980
0.553698 0.536412 0.513540 0.524924 0.523026 0.525450 0.546109 0.537466 0.527980 0.560865
0.536412 0.513540 0.524924 0.523026 0.525450 0.546109 0.537466 0.527980 0.560865 0.594804
0.513540 0.524924 0.523026 0.525450 0.546109 0.537466 0.527980 0.560865 0.594804 0.627478
0.524924 0.523026 0.525450 0.546109 0.537466 0.527980 0.560865 0.594804 0.627478 0.608612
0.523026 0.525450 0.546109 0.537466 0.527980 0.560865 0.594804 0.627478 0.608612 0.607663
0.525450 0.546109 0.537466 0.527980 0.560865 0.594804 0.627478 0.608612 0.607663 0.614725
0.546109 0.537466 0.527980 0.560865 0.594804 0.627478 0.608612 0.607663 0.614725 0.599653
0.537466 0.527980 0.560865 0.594804 0.627478 0.608612 0.607663 0.614725 0.599653 0.605871
0.527980 0.560865 0.594804 0.627478 0.608612 0.607663 0.614725 0.599653 0.605871 0.643605
0.560865 0.594804 0.627478 0.608612 0.607663 0.614725 0.599653 0.605871 0.643605 0.627268
0.594804 0.627478 0.608612 0.607663 0.614725 0.599653 0.605871 0.643605 0.627268 0.629059
0.627478 0.608612 0.607663 0.614725 0.599653 0.605871 0.643605 0.627268 0.629059 0.621471
0.608612 0.607663 0.614725 0.599653 0.605871 0.643605 0.627268 0.629059 0.621471 0.650245
0.607663 0.614725 0.599653 0.605871 0.643605 0.627268 0.629059 0.621471 0.650245 0.656253
0.614725 0.599653 0.605871 0.643605 0.627268 0.629059 0.621471 0.650245 0.656253 0.648559
0.599653 0.605871 0.643605 0.627268 0.629059 0.621471 0.650245 0.656253 0.648559 0.653302
0.605871 0.643605 0.627268 0.629059 0.621471 0.650245 0.656253 0.648559 0.653302 0.658045
0.643605 0.627268 0.629059 0.621471 0.650245 0.656253 0.648559 0.653302 0.658045 0.641286
0.627268 0.629059 0.621471 0.650245 0.656253 0.648559 0.653302 0.658045 0.641286 0.654250
0.629059 0.621471 0.650245 0.656253 0.648559 0.653302 0.658045 0.641286 0.654250 0.657834
0.621471 0.650245 0.656253 0.648559 0.653302 0.658045 0.641286 0.654250 0.657834 0.637175
0.650245 0.656253 0.648559 0.653302 0.658045 0.641286 0.654250 0.657834 0.637175 0.622841
0.656253 0.648559 0.653302 0.658045 0.641286 0.654250 0.657834 0.637175 0.622841 0.619784
0.648559 0.653302 0.658045 0.641286 0.654250 0.657834 0.637175 0.622841 0.619784 0.624105
0.653302 0.658045 0.641286 0.654250 0.657834 0.637175 0.622841 0.619784 0.624105 0.597545
0.658045 0.641286 0.654250 0.657834 0.637175 0.622841 0.619784 0.624105 0.597545 0.491617
0.641286 0.654250 0.657834 0.637175 0.622841 0.619784 0.624105 0.597545 0.491617 0.453883
0.654250 0.657834 0.637175 0.622841 0.619784 0.624105 0.597545 0.491617 0.453883 0.459259
0.657834 0.637175 0.622841 0.619784 0.624105 0.597545 0.491617 0.453883 0.459259 0.418679
0.637175 0.622841 0.619784 0.624105 0.597545 0.491617 0.453883 0.459259 0.418679 0.396861
0.622841 0.619784 0.624105 0.597545 0.491617 0.453883 0.459259 0.418679 0.396861 0.403712
0.619784 0.624105 0.597545 0.491617 0.453883 0.459259 0.418679 0.396861 0.403712 0.457361
0.624105 0.597545 0.491617 0.453883 0.459259 0.418679 0.396861 0.403712 0.457361 0.463264
0.597545 0.491617 0.453883 0.459259 0.418679 0.396861 0.403712 0.457361 0.463264 0.433646
0.491617 0.453883 0.459259 0.418679 0.396861 0.403712 0.457361 0.463264 0.433646 0.434384
0.453883 0.459259 0.418679 0.396861 0.403712 0.457361 0.463264 0.433646 0.434384 0.458626
0.459259 0.418679 0.396861 0.403712 0.457361 0.463264 0.433646 0.434384 0.458626 0.472855
0.418679 0.396861 0.403712 0.457361 0.463264 0.433646 0.434384 0.458626 0.472855 0.445522
0.396861 0.403712 0.457361 0.463264 0.433646 0.434384 0.458626 0.472855 0.445522 0.458817
0.403712 0.457361 0.463264 0.433646 0.434384 0.458626 0.472855 0.445522 0.458817 0.436163
0.457361 0.463264 0.433646 0.434384 0.458626 0.472855 0.445522 0.458817 0.436163 0.441055
0.463264 0.433646 0.434384 0.458626 0.472855 0.445522 0.458817 0.436163 0.441055 0.432760
0.433646 0.434384 0.458626 0.472855 0.445522 0.458817 0.436163 0.441055 0.432760 0.415424
0.434384 0.458626 0.472855 0.445522 0.458817 0.436163 0.441055 0.432760 0.415424 0.368840
0.458626 0.472855 0.445522 0.458817 0.436163 0.441055 0.432760 0.415424 0.368840 0.308218
0.472855 0.445522 0.458817 0.436163 0.441055 0.432760 0.415424 0.368840 0.308218 0.330659
0.445522 0.458817 0.436163 0.441055 0.432760 0.415424 0.368840 0.308218 0.330659 0.343421
0.458817 0.436163 0.441055 0.432760 0.415424 0.368840 0.308218 0.330659 0.343421 0.333636
0.436163 0.441055 0.432760 0.415424 0.368840 0.308218 0.330659 0.343421 0.333636 0.373839
0.441055 0.432760 0.415424 0.368840 0.308218 0.330659 0.343421 0.333636 0.373839 0.291094
0.432760 0.415424 0.368840 0.308218 0.330659 0.343421 0.333636 0.373839 0.291094 0.384049
0.415424 0.368840 0.308218 0.330659 0.343421 0.333636 0.373839 0.291094 0.384049 0.356716
0.368840 0.308218 0.330659 0.343421 0.333636 0.373839 0.291094 0.384049 0.356716 0.380539
0.308218 0.330659 0.343421 0.333636 0.373839 0.291094 0.384049 0.356716 0.380539 0.278544
0.330659 0.343421 0.333636 0.373839 0.291094 0.384049 0.356716 0.380539 0.278544 0.376817
0.343421 0.333636 0.373839 0.291094 0.384049 0.356716 0.380539 0.278544 0.376817 0.312365
