0.00000000 0.00000000 0.00000000 0.00000000 0.00000000
0.28128031 0.50634749 0.43222211 0.33894973 0.36102022
0.28128031 0.50634749 0.43222211 0.33894973 0.36102022
0.28378659 0.50935962 0.43248184 0.34145905 0.36296742
0.28530422 0.51440765 0.43262540 0.34021765 0.35675784
0.28530422 0.51440765 0.43262540 0.34021765 0.35675784
0.28530422 0.51440765 0.43262540 0.34021765 0.35675784
0.46058237 0.51754699 0.41103084 0.50156797 0.47805959
0.45548606 0.51519869 0.40807435 0.50504432 0.47286273
0.45548606 0.51519869 0.40807435 0.50504432 0.47286273
0.45757151 0.51063664 0.41059602 0.50487804 0.47333034
0.45757151 0.51063664 0.41059602 0.50487804 0.47333034
0.41213309 0.30001262 0.30843692 0.32380041 0.34432224
0.41065123 0.29112042 0.31545406 0.32296733 0.34293388
0.41194004 0.28315766 0.31696962 0.31203274 0.34973601
0.41194004 0.28315766 0.31696962 0.31203274 0.34973601
0.40742780 0.29570247 0.32868011 0.31533517 0.35148532
0.40742780 0.29570247 0.32868011 0.31533517 0.35148532
0.40742780 0.29570247 0.32868011 0.31533517 0.35148532
0.40742780 0.29570247 0.32868011 0.31533517 0.35148532
0.40742780 0.29570247 0.32868011 0.31533517 0.35148532
0.40742780 0.29570247 0.32868011 0.31533517 0.35148532
0.40742780 0.29570247 0.32868011 0.31533517 0.35148532
0.40742780 0.29570247 0.32868011 0.31533517 0.35148532
0.40742780 0.29570247 0.32868011 0.31533517 0.35148532
0.40742780 0.29570247 0.32868011 0.31533517 0.35148532
0.40742780 0.29570247 0.32868011 0.31533517 0.35148532
0.46290626 0.30879208 0.38043379 0.40898250 0.40608993
0.46290626 0.30879208 0.38043379 0.40898250 0.40608993
0.46290626 0.30879208 0.38043379 0.40898250 0.40608993
0.46290626 0.30879208 0.38043379 0.40898250 0.40608993
0.46332502 0.31320958 0.37969570 0.40786489 0.40841480
0.46332502 0.31320958 0.37969570 0.40786489 0.40841480
0.46332502 0.31320958 0.37969570 0.40786489 0.40841480
0.46332502 0.31320958 0.37969570 0.40786489 0.40841480
0.46332502 0.31320958 0.37969570 0.40786489 0.40841480
0.46332502 0.31320958 0.37969570 0.40786489 0.40841480
0.46332502 0.31320958 0.37969570 0.40786489 0.40841480
0.46332502 0.31320958 0.37969570 0.40786489 0.40841480
0.46332502 0.31320958 0.37969570 0.40786489 0.40841480
0.46332502 0.31320958 0.37969570 0.40786489 0.40841480
0.46332502 0.31320958 0.37969570 0.40786489 0.40841480
0.46332502 0.31320958 0.37969570 0.40786489 0.40841480
0.46332502 0.31320958 0.37969570 0.40786489 0.40841480
0.46332502 0.31320958 0.37969570 0.40786489 0.40841480
0.46332502 0.31320958 0.37969570 0.40786489 0.40841480
0.46332502 0.31320958 0.37969570 0.40786489 0.40841480
0.49536696 0.31162554 0.30640710 0.39917861 0.30975261
0.49536696 0.31162554 0.30640710 0.39917861 0.30975261
0.49536696 0.31162554 0.30640710 0.39917861 0.30975261
0.49988638 0.31837280 0.30631050 0.39589697 0.30743035
0.50108412 0.32542900 0.30154899 0.38655503 0.31680412
0.50108412 0.32542900 0.30154899 0.38655503 0.31680412
0.50108412 0.32542900 0.30154899 0.38655503 0.31680412
0.50108412 0.32542900 0.30154899 0.38655503 0.31680412
0.50150730 0.32512473 0.30574672 0.39548738 0.31563565
0.49322070 0.32702309 0.30890017 0.38820868 0.31640313
0.49266540 0.31931547 0.28801564 0.38535291 0.30292863
0.49266540 0.31931547 0.28801564 0.38535291 0.30292863
0.49266540 0.31931547 0.28801564 0.38535291 0.30292863
0.49266540 0.31931547 0.28801564 0.38535291 0.30292863
0.49266540 0.31931547 0.28801564 0.38535291 0.30292863
0.49582734 0.31035946 0.29537659 0.37932626 0.29835517
0.49582734 0.31035946 0.29537659 0.37932626 0.29835517
0.49582734 0.31035946 0.29537659 0.37932626 0.29835517
0.49582734 0.31035946 0.29537659 0.37932626 0.29835517
0.49582734 0.31035946 0.29537659 0.37932626 0.29835517
0.49604819 0.30999864 0.29823040 0.37082488 0.31407632
0.49828179 0.31246569 0.30483435 0.37488937 0.31617782
0.49828179 0.31246569 0.30483435 0.37488937 0.31617782
0.49828179 0.31246569 0.30483435 0.37488937 0.31617782
0.49828179 0.31246569 0.30483435 0.37488937 0.31617782
0.49828179 0.31246569 0.30483435 0.37488937 0.31617782
0.49828179 0.31246569 0.30483435 0.37488937 0.31617782
0.49828179 0.31246569 0.30483435 0.37488937 0.31617782
0.49828179 0.31246569 0.30483435 0.37488937 0.31617782
0.49828179 0.31246569 0.30483435 0.37488937 0.31617782
0.50360908 0.30223310 0.32716847 0.37376460 0.31946922
0.50360908 0.30223310 0.32716847 0.37376460 0.31946922
0.50360908 0.30223310 0.32716847 0.37376460 0.31946922
0.50360908 0.30223310 0.32716847 0.37376460 0.31946922
0.50360908 0.30223310 0.32716847 0.37376460 0.31946922
0.50767915 0.29336001 0.33057724 0.37753703 0.31868361
0.50442968 0.28839658 0.32823106 0.36670655 0.30511769
0.50595954 0.29058955 0.32473513 0.36534226 0.31322300
0.50430403 0.27939065 0.32924405 0.36776271 0.32551324
0.50430403 0.27939065 0.32924405 0.36776271 0.32551324
0.50430403 0.27939065 0.32924405 0.36776271 0.32551324
0.50430403 0.27939065 0.32924405 0.36776271 0.32551324
0.50860686 0.27582278 0.32662396 0.35888679 0.33220605
0.50796828 0.27370429 0.32439983 0.35808897 0.34382030
0.50796828 0.27370429 0.32439983 0.35808897 0.34382030
0.50796828 0.27370429 0.32439983 0.35808897 0.34382030
0.51225465 0.26683411 0.33162724 0.36176129 0.34932172
0.50980843 0.27473336 0.33659646 0.36471791 0.34681580
0.50980843 0.27473336 0.33659646 0.36471791 0.34681580
0.51093615 0.28779000 0.35558183 0.37483642 0.35448790
0.50786649 0.28324940 0.35284301 0.36557287 0.35322996
0.50786649 0.28324940 0.35284301 0.36557287 0.35322996
0.43862888 0.25107933 0.25137033 0.33392889 0.24624083
0.43862888 0.25107933 0.25137033 0.33392889 0.24624083
0.44157460 0.24563945 0.24912186 0.32107099 0.22682064
0.44101051 0.24533591 0.24149733 0.32437714 0.22127540
0.44101051 0.24533591 0.24149733 0.32437714 0.22127540
0.44101051 0.24533591 0.24149733 0.32437714 0.22127540
0.44101051 0.24533591 0.24149733 0.32437714 0.22127540
0.44611592 0.25276341 0.24407273 0.32072950 0.23044165
0.44541297 0.23541260 0.25096421 0.31735449 0.22186590
0.44894905 0.23167170 0.24593094 0.30981983 0.23527698
0.44894905 0.23167170 0.24593094 0.30981983 0.23527698
0.37231208 0.18752674 0.20146277 0.24433281 0.19047085
0.37231208 0.18752674 0.20146277 0.24433281 0.19047085
0.36789703 0.18968788 0.19968893 0.24062912 0.18369656
0.36789703 0.18968788 0.19968893 0.24062912 0.18369656
0.36789703 0.18968788 0.19968893 0.24062912 0.18369656
0.36789703 0.18968788 0.19968893 0.24062912 0.18369656
0.38885720 0.18376566 0.18884305 0.22790339 0.17643026
0.39480047 0.18902129 0.18145154 0.22364431 0.18018302
0.38469456 0.19248392 0.17746693 0.21215881 0.17721267
0.38469456 0.19248392 0.17746693 0.21215881 0.17721267
0.38881944 0.18601375 0.17306001 0.21283901 0.17454515
0.38881944 0.18601375 0.17306001 0.21283901 0.17454515
0.37890960 0.20157733 0.18221554 0.21804843 0.17091135
0.37890960 0.20157733 0.18221554 0.21804843 0.17091135
0.36658510 0.20510960 0.19577604 0.21661636 0.17259362
0.36432053 0.20575301 0.19586337 0.21447727 0.17053679
0.36432053 0.20575301 0.19586337 0.21447727 0.17053679
0.36432053 0.20575301 0.19586337 0.21447727 0.17053679
0.37226012 0.18249093 0.18904925 0.21270920 0.16647816
0.37226012 0.18249093 0.18904925 0.21270920 0.16647816
0.27068948 0.14745471 0.16380963 0.20663359 0.13904576
0.27068948 0.14745471 0.16380963 0.20663359 0.13904576
0.27448033 0.14948108 0.15983180 0.21130403 0.15134440
0.27448033 0.14948108 0.15983180 0.21130403 0.15134440
0.27448033 0.14948108 0.15983180 0.21130403 0.15134440
0.27448033 0.14948108 0.15983180 0.21130403 0.15134440
0.27448033 0.14948108 0.15983180 0.21130403 0.15134440
0.27448033 0.14948108 0.15983180 0.21130403 0.15134440
0.27241179 0.15493376 0.16343046 0.21235245 0.14362505
0.27241179 0.15493376 0.16343046 0.21235245 0.14362505
0.28236587 0.15353567 0.16463558 0.22095637 0.14162163
0.28477652 0.14911872 0.16191189 0.23297372 0.15256421
0.28916637 0.14227520 0.15955944 0.23023152 0.13734546
0.28916637 0.14227520 0.15955944 0.23023152 0.13734546
0.28916637 0.14227520 0.15955944 0.23023152 0.13734546
0.28916637 0.14227520 0.15955944 0.23023152 0.13734546
0.29194135 0.15510316 0.14358509 0.20568014 0.14387865
0.28677859 0.15478962 0.14337970 0.19626154 0.14370537
0.28677859 0.15478962 0.14337970 0.19626154 0.14370537
0.28677859 0.15478962 0.14337970 0.19626154 0.14370537
0.28677859 0.15478962 0.14337970 0.19626154 0.14370537
0.29250908 0.16652039 0.15024844 0.20890038 0.14613244
0.27930084 0.15971976 0.14485715 0.21676436 0.15335488
0.27930084 0.15971976 0.14485715 0.21676436 0.15335488
0.27930084 0.15971976 0.14485715 0.21676436 0.15335488
0.27437544 0.17055209 0.14623925 0.23010295 0.15522845
0.27692523 0.19673032 0.14444721 0.22756596 0.14858437
0.27692523 0.19673032 0.14444721 0.22756596 0.14858437
0.27692523 0.19673032 0.14444721 0.22756596 0.14858437
0.27692523 0.19673032 0.14444721 0.22756596 0.14858437
0.19604565 0.10015737 0.10409278 0.12384361 0.07900125
0.19022109 0.09766776 0.10019172 0.12487393 0.07659341
0.19022109 0.09766776 0.10019172 0.12487393 0.07659341
0.19117906 0.10307380 0.09614125 0.11933014 0.07837323
0.20317987 0.09105930 0.09765213 0.11372503 0.08695852
0.14805688 0.06987886 0.07422097 0.09180063 0.06865686
0.14805688 0.06987886 0.07422097 0.09180063 0.06865686
0.14182460 0.07375266 0.07819032 0.07593132 0.06085382
0.14182460 0.07375266 0.07819032 0.07593132 0.06085382
0.14942521 0.08575406 0.08331654 0.08336879 0.06199950
0.14942521 0.08575406 0.08331654 0.08336879 0.06199950
0.14942521 0.08575406 0.08331654 0.08336879 0.06199950
0.14942521 0.08575406 0.08331654 0.08336879 0.06199950
0.14942521 0.08575406 0.08331654 0.08336879 0.06199950
0.14670165 0.07446198 0.09380243 0.08561753 0.06471622
0.14365608 0.07496246 0.09855664 0.07139723 0.05672781
0.13882385 0.06755853 0.08755702 0.06784702 0.05336740
0.12518761 0.06392403 0.08173796 0.06234233 0.05113329
0.12317339 0.07841001 0.08771696 0.06645188 0.05562388
0.13348602 0.06872006 0.08516855 0.07276971 0.06609485
0.13348602 0.06872006 0.08516855 0.07276971 0.06609485
0.14264579 0.08258414 0.08257091 0.07098876 0.06633639
0.14264579 0.08258414 0.08257091 0.07098876 0.06633639
0.14540431 0.08760592 0.08239245 0.06585116 0.07438703
0.14540431 0.08760592 0.08239245 0.06585116 0.07438703
0.14187874 0.08155246 0.09339479 0.07138870 0.06166617
0.14187874 0.08155246 0.09339479 0.07138870 0.06166617
0.14187874 0.08155246 0.09339479 0.07138870 0.06166617
0.14009635 0.09069961 0.09091312 0.07597678 0.06798864
0.13432271 0.09758394 0.08799209 0.07769404 0.06664842
0.13432271 0.09758394 0.08799209 0.07769404 0.06664842
0.13432271 0.09758394 0.08799209 0.07769404 0.06664842
0.12418733 0.09988128 0.09259976 0.06489927 0.06822463
0.13037861 0.10592943 0.10047730 0.08380350 0.08368257
0.13037861 0.10592943 0.10047730 0.08380350 0.08368257
0.13037861 0.10592943 0.10047730 0.08380350 0.08368257
0.13478211 0.10722914 0.09467639 0.08081057 0.08799925
0.13302486 0.11083560 0.10059866 0.10037085 0.09308318
0.13302486 0.11083560 0.10059866 0.10037085 0.09308318
0.13693837 0.10296957 0.09306176 0.08994884 0.09479770
0.13693837 0.10296957 0.09306176 0.08994884 0.09479770
0.14975811 0.10058832 0.09120645 0.09970283 0.10226194
0.14975811 0.10058832 0.09120645 0.09970283 0.10226194
0.14975811 0.10058832 0.09120645 0.09970283 0.10226194
0.14876403 0.10459191 0.07691456 0.07953680 0.10374945
0.15716538 0.10924322 0.07307544 0.07737234 0.09542775
0.16767942 0.11444850 0.06552886 0.06431160 0.10020752
0.15975692 0.10849976 0.06138721 0.06581610 0.10181609
0.15975692 0.10849976 0.06138721 0.06581610 0.10181609
0.09789198 0.04595374 0.05228043 0.04794659 0.04805433
0.09789198 0.04595374 0.05228043 0.04794659 0.04805433
0.09789198 0.04595374 0.05228043 0.04794659 0.04805433
0.09789198 0.04595374 0.05228043 0.04794659 0.04805433
0.09789198 0.04595374 0.05228043 0.04794659 0.04805433
0.09789198 0.04595374 0.05228043 0.04794659 0.04805433
0.10242644 0.05312731 0.05016207 0.05093228 0.04684787
0.10700001 0.04914765 0.04768111 0.04734366 0.04562702
0.10700001 0.04914765 0.04768111 0.04734366 0.04562702
0.11061382 0.04473635 0.04792733 0.05117612 0.04668471
0.11091559 0.04645423 0.05042633 0.05669220 0.05008611
0.11091559 0.04645423 0.05042633 0.05669220 0.05008611
0.11091559 0.04645423 0.05042633 0.05669220 0.05008611
0.11091559 0.04645423 0.05042633 0.05669220 0.05008611
0.10030747 0.04834940 0.05128029 0.05925431 0.05310508
0.09157560 0.05022990 0.05037027 0.05637542 0.05063572
0.09157560 0.05022990 0.05037027 0.05637542 0.05063572
0.09157560 0.05022990 0.05037027 0.05637542 0.05063572
0.07782499 0.04500187 0.04965817 0.05227827 0.04994653
0.07782499 0.04500187 0.04965817 0.05227827 0.04994653
0.07782499 0.04500187 0.04965817 0.05227827 0.04994653
0.07782499 0.04500187 0.04965817 0.05227827 0.04994653
0.07316464 0.04516712 0.05202038 0.05254590 0.04951703
0.06872296 0.04843935 0.05290255 0.05258054 0.04584979
0.06872296 0.04843935 0.05290255 0.05258054 0.04584979
0.07306200 0.04421220 0.05185700 0.05811730 0.04822428
0.07394123 0.04833729 0.05145491 0.04886461 0.04690201
0.07329053 0.05000743 0.05523259 0.04774720 0.04580462
0.05920688 0.05009582 0.04971734 0.04725212 0.04556211
0.05920688 0.05009582 0.04971734 0.04725212 0.04556211
0.05920688 0.05009582 0.04971734 0.04725212 0.04556211
0.05877195 0.05013182 0.05005199 0.04782111 0.04539216
0.05877195 0.05013182 0.05005199 0.04782111 0.04539216
0.05877195 0.05013182 0.05005199 0.04782111 0.04539216
0.05877195 0.05013182 0.05005199 0.04782111 0.04539216
0.05646286 0.05998702 0.05120661 0.05121558 0.04542730
0.05742132 0.05758921 0.05740192 0.04804610 0.04626027
0.06072794 0.06632412 0.06698056 0.05256930 0.04722994
0.06477515 0.06812016 0.06870014 0.04935319 0.04754308
0.06477515 0.06812016 0.06870014 0.04935319 0.04754308
0.06795820 0.07303279 0.06682371 0.04787229 0.04868632
0.06795820 0.07303279 0.06682371 0.04787229 0.04868632
0.06659387 0.07824733 0.05511694 0.04778024 0.05151152
0.06659387 0.07824733 0.05511694 0.04778024 0.05151152
0.06174720 0.07804928 0.05781891 0.04735607 0.05732044
0.06174720 0.07804928 0.05781891 0.04735607 0.05732044
0.06174720 0.07804928 0.05781891 0.04735607 0.05732044
0.06174720 0.07804928 0.05781891 0.04735607 0.05732044
0.06174720 0.07804928 0.05781891 0.04735607 0.05732044
0.10161502 0.06762125 0.07612624 0.06890682 0.05011702
0.10161502 0.06762125 0.07612624 0.06890682 0.05011702
0.10161502 0.06762125 0.07612624 0.06890682 0.05011702
0.10161502 0.06762125 0.07612624 0.06890682 0.05011702
0.10161502 0.06762125 0.07612624 0.06890682 0.05011702
0.10161502 0.06762125 0.07612624 0.06890682 0.05011702
0.10473562 0.06730235 0.07169633 0.06921052 0.05163536
0.10473562 0.06730235 0.07169633 0.06921052 0.05163536
0.10473562 0.06730235 0.07169633 0.06921052 0.05163536
0.10473562 0.06730235 0.07169633 0.06921052 0.05163536
0.10200453 0.05947291 0.06508878 0.06072736 0.05056345
0.10200453 0.05947291 0.06508878 0.06072736 0.05056345
0.09804775 0.06297543 0.06519786 0.05977234 0.05034015
0.09804775 0.06297543 0.06519786 0.05977234 0.05034015
0.09804775 0.06297543 0.06519786 0.05977234 0.05034015
0.08655536 0.06993448 0.06634794 0.05545897 0.04873337
0.08026625 0.06436943 0.06233016 0.05769595 0.04636909
0.08026625 0.06436943 0.06233016 0.05769595 0.04636909
0.09051708 0.07196741 0.05936138 0.05214972 0.04730785
0.08705096 0.07595056 0.05002511 0.05104581 0.05174177
0.08705096 0.07595056 0.05002511 0.05104581 0.05174177
0.08705096 0.07595056 0.05002511 0.05104581 0.05174177
0.09305587 0.07553639 0.05180044 0.05169437 0.05600409
0.09305587 0.07553639 0.05180044 0.05169437 0.05600409
0.09305587 0.07553639 0.05180044 0.05169437 0.05600409
0.09305587 0.07553639 0.05180044 0.05169437 0.05600409
0.08107467 0.07272888 0.06151823 0.05463567 0.05232929
0.07714764 0.07073296 0.05790485 0.05027960 0.05623516
0.08096919 0.06690440 0.05972148 0.06122443 0.05037499
0.08096919 0.06690440 0.05972148 0.06122443 0.05037499
0.07944262 0.05970267 0.06503633 0.05481929 0.05874411
0.07944262 0.05970267 0.06503633 0.05481929 0.05874411
0.07944262 0.05970267 0.06503633 0.05481929 0.05874411
0.07908517 0.06146891 0.06353688 0.05774588 0.05561282
0.07908517 0.06146891 0.06353688 0.05774588 0.05561282
0.07908517 0.06146891 0.06353688 0.05774588 0.05561282
0.07908517 0.06146891 0.06353688 0.05774588 0.05561282
0.07908517 0.06146891 0.06353688 0.05774588 0.05561282
0.08413367 0.06111720 0.07226196 0.05714581 0.05413143
0.09292589 0.05876946 0.06916847 0.05513435 0.05748724
0.09292589 0.05876946 0.06916847 0.05513435 0.05748724
0.09292589 0.05876946 0.06916847 0.05513435 0.05748724
0.09292589 0.05876946 0.06916847 0.05513435 0.05748724
0.08002289 0.06107464 0.05952894 0.05623373 0.05235406
0.08195619 0.05528400 0.05438909 0.05304721 0.04907591
0.08139803 0.05978181 0.05847676 0.06049280 0.04805037
0.09422757 0.06173287 0.05042718 0.05924927 0.04953012
0.09422757 0.06173287 0.05042718 0.05924927 0.04953012
0.08993742 0.05483759 0.04950725 0.05150901 0.04887167
0.06949433 0.06387553 0.07686722 0.06532051 0.05132219
0.06474882 0.06576232 0.06610176 0.06282639 0.04853088
0.06932966 0.07505337 0.07426409 0.07146457 0.05036570
0.06007953 0.08224862 0.08915231 0.08745481 0.05431204
0.06007953 0.08224862 0.08915231 0.08745481 0.05431204
0.05441254 0.08155180 0.09386094 0.09037073 0.05861674
0.06296822 0.07640409 0.08126125 0.08087589 0.05922241
0.05471167 0.07309878 0.07227076 0.06920402 0.05805467
0.06296188 0.07396098 0.07592981 0.06797411 0.06049213
0.06918133 0.07376999 0.07234587 0.07050476 0.06254267
0.06706980 0.05940808 0.06609642 0.06728179 0.06593523
0.06706980 0.05940808 0.06609642 0.06728179 0.06593523
0.06706980 0.05940808 0.06609642 0.06728179 0.06593523
0.06706980 0.05940808 0.06609642 0.06728179 0.06593523
0.06501683 0.05390160 0.07494335 0.06458681 0.06400885
0.06501683 0.05390160 0.07494335 0.06458681 0.06400885
0.06501683 0.05390160 0.07494335 0.06458681 0.06400885
0.06501683 0.05390160 0.07494335 0.06458681 0.06400885
0.06501683 0.05390160 0.07494335 0.06458681 0.06400885
0.06863023 0.05667034 0.06767055 0.06944653 0.05833649
0.06863023 0.05667034 0.06767055 0.06944653 0.05833649
0.05545098 0.05798998 0.07597103 0.07953136 0.06080268
0.05235863 0.06091305 0.06754246 0.07180030 0.07100674
0.05235863 0.06091305 0.06754246 0.07180030 0.07100674
0.05032177 0.05649542 0.06631643 0.08208173 0.06625268
0.05032177 0.05649542 0.06631643 0.08208173 0.06625268
0.04692672 0.05173023 0.07570175 0.08419919 0.06461160
0.04732220 0.04937672 0.07510018 0.08323348 0.05489488
0.04732220 0.04937672 0.07510018 0.08323348 0.05489488
0.04666800 0.05492831 0.09025293 0.09304229 0.05333594
0.04666800 0.05492831 0.09025293 0.09304229 0.05333594
0.04651177 0.04934239 0.08718090 0.09979652 0.05303009
0.04651177 0.04934239 0.08718090 0.09979652 0.05303009
0.04651177 0.04934239 0.08718090 0.09979652 0.05303009
0.04638635 0.04725146 0.08336846 0.10763442 0.05156513
0.04731430 0.04521261 0.08431781 0.10823991 0.05152796
0.04701799 0.04593290 0.08800415 0.10636624 0.04953615
0.04701799 0.04593290 0.08800415 0.10636624 0.04953615
0.04701799 0.04593290 0.08800415 0.10636624 0.04953615
0.04701799 0.04593290 0.08800415 0.10636624 0.04953615
0.07336471 0.04477301 0.05517577 0.04718113 0.04777251
0.07336471 0.04477301 0.05517577 0.04718113 0.04777251
0.07403619 0.04480139 0.06534079 0.04961126 0.04953803
0.07403619 0.04480139 0.06534079 0.04961126 0.04953803
0.07403619 0.04480139 0.06534079 0.04961126 0.04953803
0.07403619 0.04480139 0.06534079 0.04961126 0.04953803
0.06478648 0.04524468 0.06553190 0.04907164 0.05416575
0.06478648 0.04524468 0.06553190 0.04907164 0.05416575
0.06478648 0.04524468 0.06553190 0.04907164 0.05416575
0.07177697 0.04609713 0.07439465 0.05261267 0.06207771
0.07139817 0.04347671 0.06738916 0.05392651 0.05381844
0.06441422 0.04356788 0.06718938 0.04687069 0.05162046
0.06441422 0.04356788 0.06718938 0.04687069 0.05162046
0.06771007 0.04389085 0.06005021 0.04677011 0.05451651
0.06771007 0.04389085 0.06005021 0.04677011 0.05451651
0.06158578 0.04452586 0.07059474 0.04683506 0.05276337
0.06158578 0.04452586 0.07059474 0.04683506 0.05276337
0.06158578 0.04452586 0.07059474 0.04683506 0.05276337
0.07598128 0.04606594 0.05639575 0.04618828 0.05046312
0.08487434 0.04415140 0.06037781 0.04601992 0.05046940
0.08623380 0.04721127 0.05955105 0.04752437 0.05290985
0.08623380 0.04721127 0.05955105 0.04752437 0.05290985
0.07901547 0.04823422 0.05909480 0.04877616 0.05336318
0.08988313 0.04342632 0.06412197 0.04865051 0.05860363
0.08988313 0.04342632 0.06412197 0.04865051 0.05860363
0.08988313 0.04342632 0.06412197 0.04865051 0.05860363
0.08988313 0.04342632 0.06412197 0.04865051 0.05860363
0.10247846 0.04414191 0.06620478 0.04663404 0.05630250
0.10247846 0.04414191 0.06620478 0.04663404 0.05630250
0.10247846 0.04414191 0.06620478 0.04663404 0.05630250
0.10247846 0.04414191 0.06620478 0.04663404 0.05630250
0.09202848 0.04487741 0.07332469 0.05165166 0.06322038
0.09202848 0.04487741 0.07332469 0.05165166 0.06322038
0.09933218 0.04451378 0.08305660 0.05189418 0.06317457
0.09933218 0.04451378 0.08305660 0.05189418 0.06317457
0.09968044 0.04470506 0.07942678 0.05839311 0.06055559
0.09968044 0.04470506 0.07942678 0.05839311 0.06055559
0.11144676 0.04667781 0.07806360 0.05620628 0.06279921
0.11517397 0.05001960 0.07394093 0.05187577 0.06716867
0.11983208 0.04700178 0.06203163 0.04894336 0.06540561
0.11983208 0.04700178 0.06203163 0.04894336 0.06540561
0.11983208 0.04700178 0.06203163 0.04894336 0.06540561
0.11983208 0.04700178 0.06203163 0.04894336 0.06540561
0.12778912 0.05023487 0.06580998 0.04733097 0.06068465
0.12778912 0.05023487 0.06580998 0.04733097 0.06068465
0.12778912 0.05023487 0.06580998 0.04733097 0.06068465
0.12778912 0.05023487 0.06580998 0.04733097 0.06068465
0.12778912 0.05023487 0.06580998 0.04733097 0.06068465
0.12778912 0.05023487 0.06580998 0.04733097 0.06068465
0.12778912 0.05023487 0.06580998 0.04733097 0.06068465
0.13018738 0.04900325 0.06376572 0.04721049 0.05700850
0.13018738 0.04900325 0.06376572 0.04721049 0.05700850
0.13430204 0.04918835 0.06591746 0.04654153 0.05791592
0.14916699 0.05369106 0.06459799 0.04718159 0.06681083
0.15098973 0.05134509 0.06576364 0.04630881 0.05864876
0.15098973 0.05134509 0.06576364 0.04630881 0.05864876
0.15987596 0.05507381 0.06060021 0.04636243 0.06290384
0.15987596 0.05507381 0.06060021 0.04636243 0.06290384
0.15987596 0.05507381 0.06060021 0.04636243 0.06290384
0.15987596 0.05507381 0.06060021 0.04636243 0.06290384
0.15987596 0.05507381 0.06060021 0.04636243 0.06290384
0.15987596 0.05507381 0.06060021 0.04636243 0.06290384
0.15326125 0.05307603 0.06292045 0.04583847 0.05864363
0.15326125 0.05307603 0.06292045 0.04583847 0.05864363
0.15326125 0.05307603 0.06292045 0.04583847 0.05864363
0.15326125 0.05307603 0.06292045 0.04583847 0.05864363
0.15326125 0.05307603 0.06292045 0.04583847 0.05864363
0.16373424 0.05458133 0.05786833 0.04755182 0.05134140
0.17225073 0.05505695 0.05691927 0.04862892 0.04932432
0.17225073 0.05505695 0.05691927 0.04862892 0.04932432
0.17225073 0.05505695 0.05691927 0.04862892 0.04932432
0.17225073 0.05505695 0.05691927 0.04862892 0.04932432
0.17225073 0.05505695 0.05691927 0.04862892 0.04932432
0.17225073 0.05505695 0.05691927 0.04862892 0.04932432
0.17225073 0.05505695 0.05691927 0.04862892 0.04932432
0.17023455 0.04747080 0.05133645 0.04915740 0.04771768
0.16804668 0.04968809 0.06034619 0.04929096 0.04874730
0.16804668 0.04968809 0.06034619 0.04929096 0.04874730
0.16203524 0.04667619 0.05654522 0.05524930 0.05005554
0.16203524 0.04667619 0.05654522 0.05524930 0.05005554
0.16150379 0.04677434 0.05616959 0.05641389 0.04802847
0.16662782 0.04946870 0.05591502 0.05260340 0.04893460
0.18527952 0.05123676 0.05432302 0.05863569 0.04887489
0.18527952 0.05123676 0.05432302 0.05863569 0.04887489
0.18527952 0.05123676 0.05432302 0.05863569 0.04887489
0.18527952 0.05123676 0.05432302 0.05863569 0.04887489
0.18632630 0.04820713 0.04691014 0.05010388 0.04968843
0.18632630 0.04820713 0.04691014 0.05010388 0.04968843
0.18632630 0.04820713 0.04691014 0.05010388 0.04968843
0.19010407 0.05030708 0.04644392 0.05069007 0.05010947
0.19010407 0.05030708 0.04644392 0.05069007 0.05010947
0.20219415 0.05335320 0.04715289 0.05083170 0.05122772
0.20219415 0.05335320 0.04715289 0.05083170 0.05122772
0.20152360 0.05097842 0.04915505 0.05295851 0.04878346
0.20471584 0.05167797 0.04765921 0.06210926 0.04825471
0.20471584 0.05167797 0.04765921 0.06210926 0.04825471
0.20854007 0.05460942 0.05423356 0.05666529 0.05131922
0.20854007 0.05460942 0.05423356 0.05666529 0.05131922
0.21637212 0.05793993 0.05510051 0.05913125 0.05386116
0.21199294 0.06081289 0.05739546 0.05906493 0.05139780
0.22241924 0.07032587 0.06120763 0.05192131 0.05752068
0.22343922 0.06393078 0.05320652 0.04921561 0.05339277
0.22343922 0.06393078 0.05320652 0.04921561 0.05339277
0.22343922 0.06393078 0.05320652 0.04921561 0.05339277
0.22575654 0.06130397 0.05217248 0.04832044 0.05781003
0.22575654 0.06130397 0.05217248 0.04832044 0.05781003
0.22312414 0.06085185 0.05280373 0.05003558 0.05779580
0.22312414 0.06085185 0.05280373 0.05003558 0.05779580
0.22312414 0.06085185 0.05280373 0.05003558 0.05779580
0.05422266 0.06958378 0.05769899 0.04893106 0.04825206
0.05437182 0.07458993 0.05801048 0.05511160 0.04877934
0.05274058 0.05978869 0.05912710 0.05439116 0.04917703
0.05410480 0.06810272 0.06543894 0.05349082 0.05230825
0.05356746 0.07029585 0.07034084 0.04730619 0.05826952
0.05678426 0.04461837 0.04326797 0.04265149 0.04914796
0.05500701 0.04310650 0.04436011 0.04315663 0.05128741
0.06875452 0.04438099 0.04855957 0.04521185 0.05729341
0.07072072 0.04202844 0.05529399 0.04738655 0.06119296
0.07072072 0.04202844 0.05529399 0.04738655 0.06119296
0.07072072 0.04202844 0.05529399 0.04738655 0.06119296
0.06781906 0.04246169 0.04836855 0.05607034 0.06244046
0.06781906 0.04246169 0.04836855 0.05607034 0.06244046
0.06781906 0.04246169 0.04836855 0.05607034 0.06244046
0.07100787 0.04200429 0.04788802 0.05911047 0.06928580
0.07100787 0.04200429 0.04788802 0.05911047 0.06928580
0.06219945 0.04149355 0.04774477 0.05743824 0.06455319
0.06219945 0.04149355 0.04774477 0.05743824 0.06455319
0.07213216 0.04431492 0.04377388 0.06220925 0.07518975
0.06576030 0.04980570 0.04386781 0.06469400 0.08294684
0.07221233 0.04387922 0.04366824 0.06916228 0.07615481
0.07221233 0.04387922 0.04366824 0.06916228 0.07615481
0.07221233 0.04387922 0.04366824 0.06916228 0.07615481
0.07221233 0.04387922 0.04366824 0.06916228 0.07615481
0.06605605 0.04207566 0.04410671 0.06436573 0.06910171
0.06665783 0.04214055 0.04936918 0.06313916 0.05980769
0.06038000 0.04192637 0.04386827 0.06523660 0.06469021
0.05952020 0.04211535 0.04346068 0.07442617 0.06157358
0.05952020 0.04211535 0.04346068 0.07442617 0.06157358
0.05952020 0.04211535 0.04346068 0.07442617 0.06157358
0.05864643 0.04261353 0.04317626 0.07992394 0.06534367
0.05677825 0.04517196 0.04409271 0.08732164 0.07177517
0.05358113 0.04325180 0.04430990 0.08574878 0.07691958
0.05829560 0.04242406 0.04259298 0.04788108 0.04662195
0.05829560 0.04242406 0.04259298 0.04788108 0.04662195
0.06149196 0.04181833 0.04504051 0.04246315 0.04645863
0.05839638 0.04186095 0.04198827 0.04162019 0.04713364
0.05436667 0.04385980 0.04547605 0.04196832 0.04279856
0.05436667 0.04385980 0.04547605 0.04196832 0.04279856
0.05358164 0.05058591 0.04556432 0.04219682 0.04279024
0.05358164 0.05058591 0.04556432 0.04219682 0.04279024
0.05126097 0.04636957 0.04967716 0.04448344 0.04323728
0.05126097 0.04636957 0.04967716 0.04448344 0.04323728
0.04994892 0.04767187 0.05331343 0.05194676 0.04347196
0.04994892 0.04767187 0.05331343 0.05194676 0.04347196
0.04901960 0.04799861 0.05122998 0.04815409 0.04301849
0.04767070 0.04988035 0.05528969 0.05052557 0.04515625
0.04767070 0.04988035 0.05528969 0.05052557 0.04515625
0.04767070 0.04988035 0.05528969 0.05052557 0.04515625
0.04854560 0.04834696 0.06197575 0.04936197 0.04346501
0.04854560 0.04834696 0.06197575 0.04936197 0.04346501
0.05048744 0.04409889 0.05615741 0.05450091 0.04663893
0.05391423 0.04315281 0.04206381 0.04122167 0.04325287
0.04548690 0.04705722 0.04255932 0.04084460 0.04280244
0.04548690 0.04705722 0.04255932 0.04084460 0.04280244
0.04862342 0.04329640 0.04312968 0.04486549 0.04269839
0.04862342 0.04329640 0.04312968 0.04486549 0.04269839
0.04862342 0.04329640 0.04312968 0.04486549 0.04269839
0.05664237 0.04323429 0.04320722 0.04265941 0.04317840
0.05664237 0.04323429 0.04320722 0.04265941 0.04317840
0.05752109 0.04353919 0.04329888 0.04114221 0.04443361
0.06653658 0.04536481 0.04317296 0.04195217 0.04815955
0.06653658 0.04536481 0.04317296 0.04195217 0.04815955
0.06653658 0.04536481 0.04317296 0.04195217 0.04815955
0.06653658 0.04536481 0.04317296 0.04195217 0.04815955
0.06722068 0.04450631 0.04086503 0.04302169 0.04759633
0.06633880 0.04436812 0.04062547 0.04113645 0.04394939
0.06633880 0.04436812 0.04062547 0.04113645 0.04394939
0.06965563 0.04462872 0.04169235 0.04325702 0.04296902
0.05964809 0.04392400 0.04070941 0.04585471 0.04216121
0.04901889 0.04804023 0.04359413 0.04102477 0.04301456
0.05205803 0.05523686 0.04095457 0.04871649 0.04241661
0.05091589 0.06419066 0.04054543 0.04385546 0.04271422
0.05091589 0.06419066 0.04054543 0.04385546 0.04271422
0.05285321 0.07478071 0.04016565 0.04761704 0.04227730
0.05966544 0.07696570 0.04025672 0.04822483 0.04639806
0.05966544 0.07696570 0.04025672 0.04822483 0.04639806
0.05966544 0.07696570 0.04025672 0.04822483 0.04639806
0.05407205 0.07061815 0.04245656 0.05270727 0.05064208
0.04424890 0.04183443 0.04002481 0.04077322 0.04218283
0.04171543 0.04382005 0.04297728 0.04894685 0.04364380
0.04171543 0.04382005 0.04297728 0.04894685 0.04364380
0.04408424 0.04357319 0.04688977 0.05588346 0.04652683
0.04377632 0.04567132 0.05685919 0.06317012 0.05200989
0.04416234 0.05145848 0.05600964 0.05647444 0.04919982
0.05203788 0.05145733 0.06296589 0.06682964 0.04822480
0.04925133 0.06756363 0.06936583 0.06747282 0.04399095
0.04925133 0.06756363 0.06936583 0.06747282 0.04399095
0.04925133 0.06756363 0.06936583 0.06747282 0.04399095
0.05363710 0.06836044 0.06905468 0.06848159 0.04446177
0.05363710 0.06836044 0.06905468 0.06848159 0.04446177
0.05363710 0.06836044 0.06905468 0.06848159 0.04446177
0.06267723 0.05551847 0.06578009 0.06638316 0.04345799
0.06267723 0.05551847 0.06578009 0.06638316 0.04345799
0.06267723 0.05551847 0.06578009 0.06638316 0.04345799
0.05991617 0.05733534 0.05871673 0.06782486 0.04168492
0.05991617 0.05733534 0.05871673 0.06782486 0.04168492
0.05991617 0.05733534 0.05871673 0.06782486 0.04168492
0.05991617 0.05733534 0.05871673 0.06782486 0.04168492
0.05950189 0.05070568 0.06352669 0.06484375 0.04931098
0.04965647 0.04930317 0.05186252 0.06445236 0.05326311
0.04898743 0.04590947 0.04373618 0.06366443 0.04460009
0.04942249 0.04771020 0.04678757 0.04131307 0.04259278
0.04942249 0.04771020 0.04678757 0.04131307 0.04259278
0.04942249 0.04771020 0.04678757 0.04131307 0.04259278
0.04942249 0.04771020 0.04678757 0.04131307 0.04259278
0.05421702 0.05156290 0.04615183 0.04156682 0.04266663
0.05421702 0.05156290 0.04615183 0.04156682 0.04266663
0.05421702 0.05156290 0.04615183 0.04156682 0.04266663
0.05851682 0.04767091 0.04615243 0.04756782 0.04275187
0.05851682 0.04767091 0.04615243 0.04756782 0.04275187
0.05577675 0.04488965 0.04659432 0.04796560 0.04324983
0.05604811 0.04547118 0.05254989 0.05522189 0.04422162
0.04966974 0.05245106 0.06038693 0.05995600 0.04414260
0.04966974 0.05245106 0.06038693 0.05995600 0.04414260
0.05243389 0.04833506 0.07128996 0.07201011 0.04904809
0.05243389 0.04833506 0.07128996 0.07201011 0.04904809
0.05243389 0.04833506 0.07128996 0.07201011 0.04904809
0.05243389 0.04833506 0.07128996 0.07201011 0.04904809
0.05243389 0.04833506 0.07128996 0.07201011 0.04904809
0.05464794 0.04797725 0.08597976 0.07562787 0.05112340
0.05464794 0.04797725 0.08597976 0.07562787 0.05112340
0.05536090 0.05051353 0.09109238 0.09508707 0.06107201
0.05536090 0.05051353 0.09109238 0.09508707 0.06107201
0.05536090 0.05051353 0.09109238 0.09508707 0.06107201
0.05536090 0.05051353 0.09109238 0.09508707 0.06107201
0.05536090 0.05051353 0.09109238 0.09508707 0.06107201
0.05536090 0.05051353 0.09109238 0.09508707 0.06107201
0.06269131 0.05411415 0.09573713 0.09905486 0.05907703
0.05411149 0.05888531 0.09685675 0.09365108 0.05462627
0.05411149 0.05888531 0.09685675 0.09365108 0.05462627
0.04783354 0.06957206 0.08443855 0.08155330 0.05097035
0.04951275 0.06519091 0.08935739 0.08444017 0.05560668
0.04951275 0.06519091 0.08935739 0.08444017 0.05560668
0.04789391 0.07263566 0.09221608 0.09149026 0.05340043
0.04789391 0.07263566 0.09221608 0.09149026 0.05340043
0.04446740 0.07259574 0.08358181 0.09072793 0.04612285
0.04390430 0.07924609 0.08613942 0.09807299 0.04571418
0.04584569 0.07989385 0.08678592 0.10859079 0.04618780
0.04584783 0.07136594 0.07947560 0.10784490 0.04488758
0.04399109 0.06244008 0.07946572 0.10437621 0.04319016
0.04399109 0.06244008 0.07946572 0.10437621 0.04319016
0.04399109 0.06244008 0.07946572 0.10437621 0.04319016
0.04370012 0.07657620 0.08646574 0.10591153 0.04380453
0.04434857 0.06731213 0.08364442 0.11101228 0.04418445
0.05029140 0.06642398 0.09149113 0.11805042 0.04374232
0.05029140 0.06642398 0.09149113 0.11805042 0.04374232
0.05029140 0.06642398 0.09149113 0.11805042 0.04374232
0.05029140 0.06642398 0.09149113 0.11805042 0.04374232
0.05029140 0.06642398 0.09149113 0.11805042 0.04374232
0.05029140 0.06642398 0.09149113 0.11805042 0.04374232
0.05309738 0.06485640 0.04826312 0.04244413 0.11416284
0.05085385 0.07103008 0.04315491 0.03992994 0.11808483
0.05656355 0.04793643 0.06195165 0.03858528 0.04195335
0.05497642 0.05384542 0.05769748 0.03894100 0.04198962
0.05497642 0.05384542 0.05769748 0.03894100 0.04198962
0.05497642 0.05384542 0.05769748 0.03894100 0.04198962
0.05497642 0.05384542 0.05769748 0.03894100 0.04198962
0.05497642 0.05384542 0.05769748 0.03894100 0.04198962
0.05497642 0.05384542 0.05769748 0.03894100 0.04198962
0.05497642 0.05384542 0.05769748 0.03894100 0.04198962
0.05497642 0.05384542 0.05769748 0.03894100 0.04198962
0.05497642 0.05384542 0.05769748 0.03894100 0.04198962
0.05497642 0.05384542 0.05769748 0.03894100 0.04198962
0.05497642 0.05384542 0.05769748 0.03894100 0.04198962
0.05497642 0.05384542 0.05769748 0.03894100 0.04198962
0.05497642 0.05384542 0.05769748 0.03894100 0.04198962
0.05497642 0.05384542 0.05769748 0.03894100 0.04198962
0.05497642 0.05384542 0.05769748 0.03894100 0.04198962
0.05497642 0.05384542 0.05769748 0.03894100 0.04198962
0.05497642 0.05384542 0.05769748 0.03894100 0.04198962
0.05497642 0.05384542 0.05769748 0.03894100 0.04198962
0.05497642 0.05384542 0.05769748 0.03894100 0.04198962
0.05497642 0.05384542 0.05769748 0.03894100 0.04198962
0.05497642 0.05384542 0.05769748 0.03894100 0.04198962
0.05497642 0.05384542 0.05769748 0.03894100 0.04198962
0.05497642 0.05384542 0.05769748 0.03894100 0.04198962
0.05497642 0.05384542 0.05769748 0.03894100 0.04198962
0.05497642 0.05384542 0.05769748 0.03894100 0.04198962
0.05497642 0.05384542 0.05769748 0.03894100 0.04198962
0.05497642 0.05384542 0.05769748 0.03894100 0.04198962
0.05497642 0.05384542 0.05769748 0.03894100 0.04198962
0.05497642 0.05384542 0.05769748 0.03894100 0.04198962
0.05497642 0.05384542 0.05769748 0.03894100 0.04198962
0.05497642 0.05384542 0.05769748 0.03894100 0.04198962
0.05497642 0.05384542 0.05769748 0.03894100 0.04198962
0.05497642 0.05384542 0.05769748 0.03894100 0.04198962
0.05497642 0.05384542 0.05769748 0.03894100 0.04198962
0.05497642 0.05384542 0.05769748 0.03894100 0.04198962
0.05497642 0.05384542 0.05769748 0.03894100 0.04198962
0.05497642 0.05384542 0.05769748 0.03894100 0.04198962
0.04055410 0.05252201 0.04851984 0.10653014 0.04913440
0.04227660 0.05765776 0.04825499 0.09465278 0.04945859
0.04227660 0.05765776 0.04825499 0.09465278 0.04945859
0.04221671 0.06004639 0.05821652 0.08974470 0.05523047
0.04221671 0.06004639 0.05821652 0.08974470 0.05523047
0.04221671 0.06004639 0.05821652 0.08974470 0.05523047
0.04221671 0.06004639 0.05821652 0.08974470 0.05523047
0.04221671 0.06004639 0.05821652 0.08974470 0.05523047
0.04221671 0.06004639 0.05821652 0.08974470 0.05523047
0.04221671 0.06004639 0.05821652 0.08974470 0.05523047
0.04221671 0.06004639 0.05821652 0.08974470 0.05523047
0.04221671 0.06004639 0.05821652 0.08974470 0.05523047
0.04221671 0.06004639 0.05821652 0.08974470 0.05523047
0.04221671 0.06004639 0.05821652 0.08974470 0.05523047
0.04221671 0.06004639 0.05821652 0.08974470 0.05523047
0.04221671 0.06004639 0.05821652 0.08974470 0.05523047
0.04221671 0.06004639 0.05821652 0.08974470 0.05523047
0.04221671 0.06004639 0.05821652 0.08974470 0.05523047
0.04221671 0.06004639 0.05821652 0.08974470 0.05523047
0.04221671 0.06004639 0.05821652 0.08974470 0.05523047
0.04221671 0.06004639 0.05821652 0.08974470 0.05523047
0.04221671 0.06004639 0.05821652 0.08974470 0.05523047
0.04221671 0.06004639 0.05821652 0.08974470 0.05523047
0.04221671 0.06004639 0.05821652 0.08974470 0.05523047
0.04221671 0.06004639 0.05821652 0.08974470 0.05523047
0.04221671 0.06004639 0.05821652 0.08974470 0.05523047
0.04221671 0.06004639 0.05821652 0.08974470 0.05523047
0.04221671 0.06004639 0.05821652 0.08974470 0.05523047
0.04221671 0.06004639 0.05821652 0.08974470 0.05523047
0.04221671 0.06004639 0.05821652 0.08974470 0.05523047
0.04221671 0.06004639 0.05821652 0.08974470 0.05523047
0.04221671 0.06004639 0.05821652 0.08974470 0.05523047
0.04221671 0.06004639 0.05821652 0.08974470 0.05523047
0.04221671 0.06004639 0.05821652 0.08974470 0.05523047
0.04221671 0.06004639 0.05821652 0.08974470 0.05523047
0.04221671 0.06004639 0.05821652 0.08974470 0.05523047
0.04221671 0.06004639 0.05821652 0.08974470 0.05523047
0.04221671 0.06004639 0.05821652 0.08974470 0.05523047
0.04221671 0.06004639 0.05821652 0.08974470 0.05523047
0.04221671 0.06004639 0.05821652 0.08974470 0.05523047
0.03519130 0.05136754 0.05594425 0.04229923 0.05655644
0.03491113 0.04892203 0.06137849 0.05048508 0.05258206
0.03555611 0.04779697 0.05749946 0.05286422 0.05908984
0.03830381 0.06032588 0.05420751 0.05617345 0.07167183
0.04551790 0.07582347 0.05240688 0.04797628 0.06635679
0.04551790 0.07582347 0.05240688 0.04797628 0.06635679
0.04551790 0.07582347 0.05240688 0.04797628 0.06635679
0.04551790 0.07582347 0.05240688 0.04797628 0.06635679
0.04551790 0.07582347 0.05240688 0.04797628 0.06635679
0.04551790 0.07582347 0.05240688 0.04797628 0.06635679
0.04551790 0.07582347 0.05240688 0.04797628 0.06635679
0.04551790 0.07582347 0.05240688 0.04797628 0.06635679
0.04551790 0.07582347 0.05240688 0.04797628 0.06635679
0.04551790 0.07582347 0.05240688 0.04797628 0.06635679
0.04551790 0.07582347 0.05240688 0.04797628 0.06635679
0.04551790 0.07582347 0.05240688 0.04797628 0.06635679
0.04551790 0.07582347 0.05240688 0.04797628 0.06635679
0.04551790 0.07582347 0.05240688 0.04797628 0.06635679
0.04551790 0.07582347 0.05240688 0.04797628 0.06635679
0.04551790 0.07582347 0.05240688 0.04797628 0.06635679
0.04551790 0.07582347 0.05240688 0.04797628 0.06635679
0.04551790 0.07582347 0.05240688 0.04797628 0.06635679
0.04551790 0.07582347 0.05240688 0.04797628 0.06635679
0.04551790 0.07582347 0.05240688 0.04797628 0.06635679
0.04551790 0.07582347 0.05240688 0.04797628 0.06635679
0.04551790 0.07582347 0.05240688 0.04797628 0.06635679
0.04551790 0.07582347 0.05240688 0.04797628 0.06635679
0.04551790 0.07582347 0.05240688 0.04797628 0.06635679
0.04551790 0.07582347 0.05240688 0.04797628 0.06635679
0.04551790 0.07582347 0.05240688 0.04797628 0.06635679
0.04551790 0.07582347 0.05240688 0.04797628 0.06635679
0.04551790 0.07582347 0.05240688 0.04797628 0.06635679
0.04551790 0.07582347 0.05240688 0.04797628 0.06635679
0.04551790 0.07582347 0.05240688 0.04797628 0.06635679
0.04551790 0.07582347 0.05240688 0.04797628 0.06635679
0.04551790 0.07582347 0.05240688 0.04797628 0.06635679
0.04551790 0.07582347 0.05240688 0.04797628 0.06635679
0.04551790 0.07582347 0.05240688 0.04797628 0.06635679
0.04551790 0.07582347 0.05240688 0.04797628 0.06635679
0.04551790 0.07582347 0.05240688 0.04797628 0.06635679
0.03337411 0.03425222 0.03898250 0.05017482 0.04319840
0.03337411 0.03425222 0.03898250 0.05017482 0.04319840
0.03336989 0.03499553 0.04021404 0.04363299 0.04320893
0.03565282 0.03557529 0.04055900 0.05059616 0.04341024
0.04371305 0.03525492 0.04033339 0.04691267 0.04452466
0.04371305 0.03525492 0.04033339 0.04691267 0.04452466
0.04371305 0.03525492 0.04033339 0.04691267 0.04452466
0.04371305 0.03525492 0.04033339 0.04691267 0.04452466
0.04371305 0.03525492 0.04033339 0.04691267 0.04452466
0.04371305 0.03525492 0.04033339 0.04691267 0.04452466
0.04371305 0.03525492 0.04033339 0.04691267 0.04452466
0.04371305 0.03525492 0.04033339 0.04691267 0.04452466
0.04371305 0.03525492 0.04033339 0.04691267 0.04452466
0.04371305 0.03525492 0.04033339 0.04691267 0.04452466
0.04371305 0.03525492 0.04033339 0.04691267 0.04452466
0.04371305 0.03525492 0.04033339 0.04691267 0.04452466
0.04371305 0.03525492 0.04033339 0.04691267 0.04452466
0.04371305 0.03525492 0.04033339 0.04691267 0.04452466
0.04371305 0.03525492 0.04033339 0.04691267 0.04452466
0.04371305 0.03525492 0.04033339 0.04691267 0.04452466
0.04371305 0.03525492 0.04033339 0.04691267 0.04452466
0.04371305 0.03525492 0.04033339 0.04691267 0.04452466
0.04371305 0.03525492 0.04033339 0.04691267 0.04452466
0.04371305 0.03525492 0.04033339 0.04691267 0.04452466
0.04371305 0.03525492 0.04033339 0.04691267 0.04452466
0.04371305 0.03525492 0.04033339 0.04691267 0.04452466
0.04371305 0.03525492 0.04033339 0.04691267 0.04452466
0.04371305 0.03525492 0.04033339 0.04691267 0.04452466
0.04371305 0.03525492 0.04033339 0.04691267 0.04452466
0.04371305 0.03525492 0.04033339 0.04691267 0.04452466
0.04371305 0.03525492 0.04033339 0.04691267 0.04452466
0.04371305 0.03525492 0.04033339 0.04691267 0.04452466
0.04371305 0.03525492 0.04033339 0.04691267 0.04452466
0.04371305 0.03525492 0.04033339 0.04691267 0.04452466
0.04371305 0.03525492 0.04033339 0.04691267 0.04452466
0.04371305 0.03525492 0.04033339 0.04691267 0.04452466
0.04371305 0.03525492 0.04033339 0.04691267 0.04452466
0.04371305 0.03525492 0.04033339 0.04691267 0.04452466
0.04371305 0.03525492 0.04033339 0.04691267 0.04452466
0.04371305 0.03525492 0.04033339 0.04691267 0.04452466
0.03579919 0.03907863 0.05382455 0.03855944 0.05864942
0.03579919 0.03907863 0.05382455 0.03855944 0.05864942
0.03751683 0.04395632 0.06037862 0.04294095 0.05898078
0.03751683 0.04395632 0.06037862 0.04294095 0.05898078
0.03541075 0.04779863 0.06085594 0.04715777 0.05420898
0.03541075 0.04779863 0.06085594 0.04715777 0.05420898
0.03541075 0.04779863 0.06085594 0.04715777 0.05420898
0.03541075 0.04779863 0.06085594 0.04715777 0.05420898
0.03541075 0.04779863 0.06085594 0.04715777 0.05420898
0.03541075 0.04779863 0.06085594 0.04715777 0.05420898
0.03541075 0.04779863 0.06085594 0.04715777 0.05420898
0.03541075 0.04779863 0.06085594 0.04715777 0.05420898
0.03541075 0.04779863 0.06085594 0.04715777 0.05420898
0.03541075 0.04779863 0.06085594 0.04715777 0.05420898
0.03541075 0.04779863 0.06085594 0.04715777 0.05420898
0.03541075 0.04779863 0.06085594 0.04715777 0.05420898
0.03541075 0.04779863 0.06085594 0.04715777 0.05420898
0.03541075 0.04779863 0.06085594 0.04715777 0.05420898
0.03541075 0.04779863 0.06085594 0.04715777 0.05420898
0.03541075 0.04779863 0.06085594 0.04715777 0.05420898
0.03541075 0.04779863 0.06085594 0.04715777 0.05420898
0.03541075 0.04779863 0.06085594 0.04715777 0.05420898
0.03541075 0.04779863 0.06085594 0.04715777 0.05420898
0.03541075 0.04779863 0.06085594 0.04715777 0.05420898
0.03541075 0.04779863 0.06085594 0.04715777 0.05420898
0.03541075 0.04779863 0.06085594 0.04715777 0.05420898
0.03541075 0.04779863 0.06085594 0.04715777 0.05420898
0.03541075 0.04779863 0.06085594 0.04715777 0.05420898
0.03541075 0.04779863 0.06085594 0.04715777 0.05420898
0.03541075 0.04779863 0.06085594 0.04715777 0.05420898
0.03541075 0.04779863 0.06085594 0.04715777 0.05420898
0.03541075 0.04779863 0.06085594 0.04715777 0.05420898
0.03541075 0.04779863 0.06085594 0.04715777 0.05420898
0.03541075 0.04779863 0.06085594 0.04715777 0.05420898
0.03541075 0.04779863 0.06085594 0.04715777 0.05420898
0.03541075 0.04779863 0.06085594 0.04715777 0.05420898
0.03541075 0.04779863 0.06085594 0.04715777 0.05420898
0.03541075 0.04779863 0.06085594 0.04715777 0.05420898
0.03541075 0.04779863 0.06085594 0.04715777 0.05420898
0.03541075 0.04779863 0.06085594 0.04715777 0.05420898
0.03230295 0.03351823 0.04937639 0.03674683 0.05245682
0.03230295 0.03351823 0.04937639 0.03674683 0.05245682
0.03331846 0.04556655 0.04107013 0.03436521 0.05111106
0.03331846 0.04556655 0.04107013 0.03436521 0.05111106
0.03252395 0.04628813 0.04131679 0.03633700 0.04954252
0.03252395 0.04628813 0.04131679 0.03633700 0.04954252
0.03252395 0.04628813 0.04131679 0.03633700 0.04954252
0.03252395 0.04628813 0.04131679 0.03633700 0.04954252
0.03252395 0.04628813 0.04131679 0.03633700 0.04954252
0.03252395 0.04628813 0.04131679 0.03633700 0.04954252
0.03252395 0.04628813 0.04131679 0.03633700 0.04954252
0.03252395 0.04628813 0.04131679 0.03633700 0.04954252
0.03252395 0.04628813 0.04131679 0.03633700 0.04954252
0.03252395 0.04628813 0.04131679 0.03633700 0.04954252
0.03252395 0.04628813 0.04131679 0.03633700 0.04954252
0.03252395 0.04628813 0.04131679 0.03633700 0.04954252
0.03252395 0.04628813 0.04131679 0.03633700 0.04954252
0.03252395 0.04628813 0.04131679 0.03633700 0.04954252
0.03252395 0.04628813 0.04131679 0.03633700 0.04954252
0.03252395 0.04628813 0.04131679 0.03633700 0.04954252
0.03252395 0.04628813 0.04131679 0.03633700 0.04954252
0.03252395 0.04628813 0.04131679 0.03633700 0.04954252
0.03252395 0.04628813 0.04131679 0.03633700 0.04954252
0.03252395 0.04628813 0.04131679 0.03633700 0.04954252
0.03252395 0.04628813 0.04131679 0.03633700 0.04954252
0.03252395 0.04628813 0.04131679 0.03633700 0.04954252
0.03252395 0.04628813 0.04131679 0.03633700 0.04954252
0.03252395 0.04628813 0.04131679 0.03633700 0.04954252
0.03252395 0.04628813 0.04131679 0.03633700 0.04954252
0.03252395 0.04628813 0.04131679 0.03633700 0.04954252
0.03252395 0.04628813 0.04131679 0.03633700 0.04954252
0.03252395 0.04628813 0.04131679 0.03633700 0.04954252
0.03252395 0.04628813 0.04131679 0.03633700 0.04954252
0.03252395 0.04628813 0.04131679 0.03633700 0.04954252
0.03252395 0.04628813 0.04131679 0.03633700 0.04954252
0.03252395 0.04628813 0.04131679 0.03633700 0.04954252
0.03252395 0.04628813 0.04131679 0.03633700 0.04954252
0.03252395 0.04628813 0.04131679 0.03633700 0.04954252
0.03252395 0.04628813 0.04131679 0.03633700 0.04954252
0.03252395 0.04628813 0.04131679 0.03633700 0.04954252
0.04473113 0.06638673 0.03885160 0.05016051 0.04127751
0.05864001 0.06697136 0.03850511 0.05803605 0.04348235
0.03536950 0.03595873 0.04621578 0.03356409 0.04845013
0.03536950 0.03595873 0.04621578 0.03356409 0.04845013
0.04084311 0.03221486 0.04997832 0.03254271 0.04839054
0.04084311 0.03221486 0.04997832 0.03254271 0.04839054
0.04084311 0.03221486 0.04997832 0.03254271 0.04839054
0.04084311 0.03221486 0.04997832 0.03254271 0.04839054
0.04084311 0.03221486 0.04997832 0.03254271 0.04839054
0.04084311 0.03221486 0.04997832 0.03254271 0.04839054
0.04084311 0.03221486 0.04997832 0.03254271 0.04839054
0.04084311 0.03221486 0.04997832 0.03254271 0.04839054
0.04084311 0.03221486 0.04997832 0.03254271 0.04839054
0.04084311 0.03221486 0.04997832 0.03254271 0.04839054
0.04084311 0.03221486 0.04997832 0.03254271 0.04839054
0.04084311 0.03221486 0.04997832 0.03254271 0.04839054
0.04084311 0.03221486 0.04997832 0.03254271 0.04839054
0.04084311 0.03221486 0.04997832 0.03254271 0.04839054
0.04084311 0.03221486 0.04997832 0.03254271 0.04839054
0.04084311 0.03221486 0.04997832 0.03254271 0.04839054
0.04084311 0.03221486 0.04997832 0.03254271 0.04839054
0.04084311 0.03221486 0.04997832 0.03254271 0.04839054
0.04084311 0.03221486 0.04997832 0.03254271 0.04839054
0.04084311 0.03221486 0.04997832 0.03254271 0.04839054
0.04084311 0.03221486 0.04997832 0.03254271 0.04839054
0.04084311 0.03221486 0.04997832 0.03254271 0.04839054
0.04084311 0.03221486 0.04997832 0.03254271 0.04839054
0.04084311 0.03221486 0.04997832 0.03254271 0.04839054
0.04084311 0.03221486 0.04997832 0.03254271 0.04839054
0.04084311 0.03221486 0.04997832 0.03254271 0.04839054
0.04084311 0.03221486 0.04997832 0.03254271 0.04839054
0.04084311 0.03221486 0.04997832 0.03254271 0.04839054
0.04084311 0.03221486 0.04997832 0.03254271 0.04839054
0.04084311 0.03221486 0.04997832 0.03254271 0.04839054
0.04084311 0.03221486 0.04997832 0.03254271 0.04839054
0.04084311 0.03221486 0.04997832 0.03254271 0.04839054
0.04084311 0.03221486 0.04997832 0.03254271 0.04839054
0.04084311 0.03221486 0.04997832 0.03254271 0.04839054
0.04084311 0.03221486 0.04997832 0.03254271 0.04839054
0.04084311 0.03221486 0.04997832 0.03254271 0.04839054
0.03452887 0.03764979 0.04330544 0.03734502 0.04914457
0.03452887 0.03764979 0.04330544 0.03734502 0.04914457
0.03278760 0.03596635 0.04275642 0.04037109 0.06051482
0.03421419 0.03698009 0.05628498 0.03849492 0.05786789
0.03421419 0.03698009 0.05628498 0.03849492 0.05786789
0.03421419 0.03698009 0.05628498 0.03849492 0.05786789
0.03421419 0.03698009 0.05628498 0.03849492 0.05786789
0.03421419 0.03698009 0.05628498 0.03849492 0.05786789
0.03421419 0.03698009 0.05628498 0.03849492 0.05786789
0.03421419 0.03698009 0.05628498 0.03849492 0.05786789
0.03421419 0.03698009 0.05628498 0.03849492 0.05786789
0.03421419 0.03698009 0.05628498 0.03849492 0.05786789
0.03421419 0.03698009 0.05628498 0.03849492 0.05786789
0.03421419 0.03698009 0.05628498 0.03849492 0.05786789
0.03421419 0.03698009 0.05628498 0.03849492 0.05786789
0.03421419 0.03698009 0.05628498 0.03849492 0.05786789
0.03421419 0.03698009 0.05628498 0.03849492 0.05786789
0.03421419 0.03698009 0.05628498 0.03849492 0.05786789
0.03421419 0.03698009 0.05628498 0.03849492 0.05786789
0.03421419 0.03698009 0.05628498 0.03849492 0.05786789
0.03421419 0.03698009 0.05628498 0.03849492 0.05786789
0.03421419 0.03698009 0.05628498 0.03849492 0.05786789
0.03421419 0.03698009 0.05628498 0.03849492 0.05786789
0.03421419 0.03698009 0.05628498 0.03849492 0.05786789
0.03421419 0.03698009 0.05628498 0.03849492 0.05786789
0.03421419 0.03698009 0.05628498 0.03849492 0.05786789
0.03421419 0.03698009 0.05628498 0.03849492 0.05786789
0.03421419 0.03698009 0.05628498 0.03849492 0.05786789
0.03421419 0.03698009 0.05628498 0.03849492 0.05786789
0.03421419 0.03698009 0.05628498 0.03849492 0.05786789
0.03421419 0.03698009 0.05628498 0.03849492 0.05786789
0.03421419 0.03698009 0.05628498 0.03849492 0.05786789
0.03421419 0.03698009 0.05628498 0.03849492 0.05786789
0.03421419 0.03698009 0.05628498 0.03849492 0.05786789
0.03421419 0.03698009 0.05628498 0.03849492 0.05786789
0.03421419 0.03698009 0.05628498 0.03849492 0.05786789
0.03421419 0.03698009 0.05628498 0.03849492 0.05786789
0.03421419 0.03698009 0.05628498 0.03849492 0.05786789
0.03421419 0.03698009 0.05628498 0.03849492 0.05786789
0.03421419 0.03698009 0.05628498 0.03849492 0.05786789
0.03437438 0.05494402 0.04285061 0.05038701 0.04851292
0.03437438 0.05494402 0.04285061 0.05038701 0.04851292
0.03437438 0.05494402 0.04285061 0.05038701 0.04851292
0.03529983 0.05743386 0.04377100 0.05563468 0.04778068
0.03746759 0.04772963 0.04517716 0.05955660 0.04628261
0.03746759 0.04772963 0.04517716 0.05955660 0.04628261
0.03746759 0.04772963 0.04517716 0.05955660 0.04628261
0.03746759 0.04772963 0.04517716 0.05955660 0.04628261
0.03746759 0.04772963 0.04517716 0.05955660 0.04628261
0.03746759 0.04772963 0.04517716 0.05955660 0.04628261
0.03746759 0.04772963 0.04517716 0.05955660 0.04628261
0.03746759 0.04772963 0.04517716 0.05955660 0.04628261
0.03746759 0.04772963 0.04517716 0.05955660 0.04628261
0.03746759 0.04772963 0.04517716 0.05955660 0.04628261
0.03746759 0.04772963 0.04517716 0.05955660 0.04628261
0.03746759 0.04772963 0.04517716 0.05955660 0.04628261
0.03746759 0.04772963 0.04517716 0.05955660 0.04628261
0.03746759 0.04772963 0.04517716 0.05955660 0.04628261
0.03746759 0.04772963 0.04517716 0.05955660 0.04628261
0.03746759 0.04772963 0.04517716 0.05955660 0.04628261
0.03746759 0.04772963 0.04517716 0.05955660 0.04628261
0.03746759 0.04772963 0.04517716 0.05955660 0.04628261
0.03746759 0.04772963 0.04517716 0.05955660 0.04628261
0.03746759 0.04772963 0.04517716 0.05955660 0.04628261
0.03746759 0.04772963 0.04517716 0.05955660 0.04628261
0.03746759 0.04772963 0.04517716 0.05955660 0.04628261
0.03746759 0.04772963 0.04517716 0.05955660 0.04628261
0.03746759 0.04772963 0.04517716 0.05955660 0.04628261
0.03746759 0.04772963 0.04517716 0.05955660 0.04628261
0.03746759 0.04772963 0.04517716 0.05955660 0.04628261
0.03746759 0.04772963 0.04517716 0.05955660 0.04628261
0.03746759 0.04772963 0.04517716 0.05955660 0.04628261
0.03746759 0.04772963 0.04517716 0.05955660 0.04628261
0.03746759 0.04772963 0.04517716 0.05955660 0.04628261
0.03746759 0.04772963 0.04517716 0.05955660 0.04628261
0.03746759 0.04772963 0.04517716 0.05955660 0.04628261
0.03746759 0.04772963 0.04517716 0.05955660 0.04628261
0.03746759 0.04772963 0.04517716 0.05955660 0.04628261
0.03746759 0.04772963 0.04517716 0.05955660 0.04628261
0.03746759 0.04772963 0.04517716 0.05955660 0.04628261
0.07080629 0.03824965 0.05164110 0.05298238 0.09556633
0.07080629 0.03824965 0.05164110 0.05298238 0.09556633
0.07080629 0.03824965 0.05164110 0.05298238 0.09556633
0.07468188 0.03532513 0.05075663 0.04496480 0.09936138
0.07468188 0.03532513 0.05075663 0.04496480 0.09936138
0.07468188 0.03532513 0.05075663 0.04496480 0.09936138
0.07468188 0.03532513 0.05075663 0.04496480 0.09936138
0.07468188 0.03532513 0.05075663 0.04496480 0.09936138
0.07468188 0.03532513 0.05075663 0.04496480 0.09936138
0.07468188 0.03532513 0.05075663 0.04496480 0.09936138
0.07468188 0.03532513 0.05075663 0.04496480 0.09936138
0.07468188 0.03532513 0.05075663 0.04496480 0.09936138
0.07468188 0.03532513 0.05075663 0.04496480 0.09936138
0.07468188 0.03532513 0.05075663 0.04496480 0.09936138
0.07468188 0.03532513 0.05075663 0.04496480 0.09936138
0.07468188 0.03532513 0.05075663 0.04496480 0.09936138
0.07468188 0.03532513 0.05075663 0.04496480 0.09936138
0.07468188 0.03532513 0.05075663 0.04496480 0.09936138
0.07468188 0.03532513 0.05075663 0.04496480 0.09936138
0.07468188 0.03532513 0.05075663 0.04496480 0.09936138
0.07468188 0.03532513 0.05075663 0.04496480 0.09936138
0.07468188 0.03532513 0.05075663 0.04496480 0.09936138
0.07468188 0.03532513 0.05075663 0.04496480 0.09936138
0.07468188 0.03532513 0.05075663 0.04496480 0.09936138
0.07468188 0.03532513 0.05075663 0.04496480 0.09936138
0.07468188 0.03532513 0.05075663 0.04496480 0.09936138
0.07468188 0.03532513 0.05075663 0.04496480 0.09936138
0.07468188 0.03532513 0.05075663 0.04496480 0.09936138
0.07468188 0.03532513 0.05075663 0.04496480 0.09936138
0.07468188 0.03532513 0.05075663 0.04496480 0.09936138
0.07468188 0.03532513 0.05075663 0.04496480 0.09936138
0.07468188 0.03532513 0.05075663 0.04496480 0.09936138
0.07468188 0.03532513 0.05075663 0.04496480 0.09936138
