0.00000000 0.00000000 0.00000000 0.00000000 0.00000000
0.48699754 0.58451971 0.45735959 0.59814904 0.46569247
0.48699754 0.58451971 0.45735959 0.59814904 0.46569247
0.49429703 0.58808940 0.44901702 0.59891104 0.46470482
0.48870038 0.59273217 0.46184965 0.60106824 0.46170380
0.48870038 0.59273217 0.46184965 0.60106824 0.46170380
0.48870038 0.59273217 0.46184965 0.60106824 0.46170380
0.48870038 0.59273217 0.46184965 0.60106824 0.46170380
0.48870038 0.59273217 0.46184965 0.60106824 0.46170380
0.48870038 0.59273217 0.46184965 0.60106824 0.46170380
0.48870038 0.59273217 0.46184965 0.60106824 0.46170380
0.48870038 0.59273217 0.46184965 0.60106824 0.46170380
0.48870038 0.59273217 0.46184965 0.60106824 0.46170380
0.48870038 0.59273217 0.46184965 0.60106824 0.46170380
0.48870038 0.59273217 0.46184965 0.60106824 0.46170380
0.48870038 0.59273217 0.46184965 0.60106824 0.46170380
0.48870038 0.59273217 0.46184965 0.60106824 0.46170380
0.42293887 0.44307068 0.47142937 0.44217426 0.42667225
0.41882375 0.45087679 0.46912636 0.42933036 0.43348549
0.41882375 0.45087679 0.46912636 0.42933036 0.43348549
0.41882375 0.45087679 0.46912636 0.42933036 0.43348549
0.41702863 0.45228272 0.46511547 0.43276683 0.41527514
0.41014494 0.51461932 0.39939372 0.37296210 0.24457109
0.41836577 0.51183569 0.40595724 0.36568958 0.25177578
0.41836577 0.51183569 0.40595724 0.36568958 0.25177578
0.41350113 0.50740709 0.41461411 0.37502808 0.25590763
0.40369782 0.51081372 0.41010546 0.36586276 0.25373405
0.40821096 0.52095312 0.39143171 0.35629691 0.25904361
0.40821096 0.52095312 0.39143171 0.35629691 0.25904361
0.40821096 0.52095312 0.39143171 0.35629691 0.25904361
0.40821096 0.52095312 0.39143171 0.35629691 0.25904361
0.39585277 0.52691925 0.38670576 0.35519162 0.25367870
0.39399419 0.53295818 0.38394712 0.35000660 0.24841795
0.39399419 0.53295818 0.38394712 0.35000660 0.24841795
0.38277027 0.53680825 0.37655832 0.35512518 0.24037274
0.38277027 0.53680825 0.37655832 0.35512518 0.24037274
0.38277027 0.53680825 0.37655832 0.35512518 0.24037274
0.38891413 0.31313367 0.32810297 0.30055525 0.33901233
0.38891413 0.31313367 0.32810297 0.30055525 0.33901233
0.38445572 0.32725704 0.32963069 0.31321589 0.34112159
0.38774137 0.32838300 0.32426302 0.31659049 0.33693327
0.38774137 0.32838300 0.32426302 0.31659049 0.33693327
0.38985761 0.35250035 0.33280550 0.32385253 0.33290289
0.38227952 0.34972911 0.33305340 0.32100399 0.32994807
0.39606417 0.34155157 0.32445767 0.31792875 0.33029069
0.39606417 0.34155157 0.32445767 0.31792875 0.33029069
0.39566587 0.33886859 0.34358867 0.32192852 0.33276732
0.39566587 0.33886859 0.34358867 0.32192852 0.33276732
0.39566587 0.33886859 0.34358867 0.32192852 0.33276732
0.39566587 0.33886859 0.34358867 0.32192852 0.33276732
0.39752204 0.34215597 0.33745631 0.31539818 0.32598557
0.40069236 0.34722609 0.33250816 0.30597582 0.33167649
0.40069236 0.34722609 0.33250816 0.30597582 0.33167649
0.40069236 0.34722609 0.33250816 0.30597582 0.33167649
0.40069236 0.34722609 0.33250816 0.30597582 0.33167649
0.39974081 0.34616536 0.33294217 0.31855133 0.32919560
0.39051436 0.33925441 0.33293156 0.31251593 0.33231341
0.38652610 0.33139714 0.31298403 0.30700740 0.32049417
0.38652610 0.33139714 0.31298403 0.30700740 0.32049417
0.38652610 0.33139714 0.31298403 0.30700740 0.32049417
0.38652610 0.33139714 0.31298403 0.30700740 0.32049417
0.38652610 0.33139714 0.31298403 0.30700740 0.32049417
0.39130866 0.32736872 0.31094408 0.29965013 0.31537799
0.39130866 0.32736872 0.31094408 0.29965013 0.31537799
0.39130866 0.32736872 0.31094408 0.29965013 0.31537799
0.39130866 0.32736872 0.31094408 0.29965013 0.31537799
0.39130866 0.32736872 0.31094408 0.29965013 0.31537799
0.39448194 0.33442465 0.32174307 0.29485276 0.32817454
0.39723033 0.33509964 0.32829469 0.29765542 0.32714821
0.39723033 0.33509964 0.32829469 0.29765542 0.32714821
0.39723033 0.33509964 0.32829469 0.29765542 0.32714821
0.39723033 0.33509964 0.32829469 0.29765542 0.32714821
0.39723033 0.33509964 0.32829469 0.29765542 0.32714821
0.39723033 0.33509964 0.32829469 0.29765542 0.32714821
0.39723033 0.33509964 0.32829469 0.29765542 0.32714821
0.39723033 0.33509964 0.32829469 0.29765542 0.32714821
0.39723033 0.33509964 0.32829469 0.29765542 0.32714821
0.40467349 0.32494519 0.34266459 0.29245467 0.32550794
0.40467349 0.32494519 0.34266459 0.29245467 0.32550794
0.40467349 0.32494519 0.34266459 0.29245467 0.32550794
0.40467349 0.32494519 0.34266459 0.29245467 0.32550794
0.40467349 0.32494519 0.34266459 0.29245467 0.32550794
0.40847031 0.32118930 0.33687926 0.29364727 0.31695136
0.40451724 0.32501675 0.34345345 0.27928251 0.30396958
0.40347444 0.32561787 0.34130531 0.27860056 0.31041928
0.40369305 0.32149889 0.34719012 0.28143036 0.31928775
0.40369305 0.32149889 0.34719012 0.28143036 0.31928775
0.40369305 0.32149889 0.34719012 0.28143036 0.31928775
0.40369305 0.32149889 0.34719012 0.28143036 0.31928775
0.40143322 0.32171238 0.34069893 0.27546879 0.32499222
0.40759617 0.31981527 0.33503643 0.27921428 0.33986034
0.40759617 0.31981527 0.33503643 0.27921428 0.33986034
0.40759617 0.31981527 0.33503643 0.27921428 0.33986034
0.41319026 0.31926537 0.34362007 0.28001988 0.34095600
0.41081148 0.32490141 0.35045993 0.28267381 0.33933789
0.41081148 0.32490141 0.35045993 0.28267381 0.33933789
0.41212094 0.32759054 0.36487106 0.29033188 0.34882015
0.40542660 0.32657811 0.36319434 0.28146634 0.34681280
0.40542660 0.32657811 0.36319434 0.28146634 0.34681280
0.27188837 0.22903387 0.20147024 0.26093988 0.22696288
0.27188837 0.22903387 0.20147024 0.26093988 0.22696288
0.26861234 0.22243233 0.19374232 0.24942955 0.21167848
0.26076053 0.22227514 0.18515963 0.24552228 0.20158251
0.26076053 0.22227514 0.18515963 0.24552228 0.20158251
0.26076053 0.22227514 0.18515963 0.24552228 0.20158251
0.26076053 0.22227514 0.18515963 0.24552228 0.20158251
0.25885094 0.23022342 0.18641112 0.24630768 0.21665550
0.26419786 0.22063261 0.19175922 0.25135702 0.22086242
0.25882246 0.21666736 0.18097560 0.23805030 0.22662310
0.25882246 0.21666736 0.18097560 0.23805030 0.22662310
0.19678178 0.14759800 0.15583182 0.15805872 0.16208330
0.19678178 0.14759800 0.15583182 0.15805872 0.16208330
0.18986001 0.15151319 0.15213989 0.15788109 0.16769332
0.18986001 0.15151319 0.15213989 0.15788109 0.16769332
0.18986001 0.15151319 0.15213989 0.15788109 0.16769332
0.18986001 0.15151319 0.15213989 0.15788109 0.16769332
0.20421389 0.14925968 0.14625726 0.14652206 0.15565999
0.20972393 0.15202947 0.14723853 0.13711407 0.15248700
0.20188200 0.16307808 0.14548288 0.12957472 0.15237552
0.20188200 0.16307808 0.14548288 0.12957472 0.15237552
0.19874839 0.15423508 0.14019601 0.12727748 0.14017194
0.19874839 0.15423508 0.14019601 0.12727748 0.14017194
0.20471538 0.16468762 0.15346943 0.13174528 0.13650884
0.20471538 0.16468762 0.15346943 0.13174528 0.13650884
0.18718746 0.15696169 0.15176509 0.12549643 0.13595708
0.19124692 0.15598841 0.15792648 0.13084920 0.14641026
0.19124692 0.15598841 0.15792648 0.13084920 0.14641026
0.19124692 0.15598841 0.15792648 0.13084920 0.14641026
0.19549007 0.14022025 0.14744647 0.12757422 0.13555543
0.19549007 0.14022025 0.14744647 0.12757422 0.13555543
0.10827120 0.10246323 0.09529374 0.13792843 0.10958138
0.10827120 0.10246323 0.09529374 0.13792843 0.10958138
0.11499905 0.10898069 0.09548867 0.14271629 0.11563235
0.11499905 0.10898069 0.09548867 0.14271629 0.11563235
0.11499905 0.10898069 0.09548867 0.14271629 0.11563235
0.11499905 0.10898069 0.09548867 0.14271629 0.11563235
0.11499905 0.10898069 0.09548867 0.14271629 0.11563235
0.11499905 0.10898069 0.09548867 0.14271629 0.11563235
0.11429794 0.11092899 0.10252206 0.14244628 0.11208214
0.11429794 0.11092899 0.10252206 0.14244628 0.11208214
0.11610729 0.11498557 0.10592523 0.14639665 0.10019448
0.12054761 0.11411944 0.11275726 0.15558616 0.09879237
0.12839159 0.11336569 0.10919422 0.15017007 0.08622930
0.12839159 0.11336569 0.10919422 0.15017007 0.08622930
0.12839159 0.11336569 0.10919422 0.15017007 0.08622930
0.12839159 0.11336569 0.10919422 0.15017007 0.08622930
0.12062043 0.12723453 0.09611862 0.12788543 0.09103269
0.12647368 0.13724778 0.10049130 0.11921347 0.08927380
0.12647368 0.13724778 0.10049130 0.11921347 0.08927380
0.12647368 0.13724778 0.10049130 0.11921347 0.08927380
0.12647368 0.13724778 0.10049130 0.11921347 0.08927380
0.13490644 0.14544716 0.11120308 0.12896251 0.09548949
0.13538230 0.14244354 0.10903065 0.13786660 0.10688636
0.13538230 0.14244354 0.10903065 0.13786660 0.10688636
0.13538230 0.14244354 0.10903065 0.13786660 0.10688636
0.13224693 0.15049681 0.10635860 0.14546679 0.10610393
0.13942257 0.16839920 0.10403182 0.14371708 0.10105776
0.13942257 0.16839920 0.10403182 0.14371708 0.10105776
0.13942257 0.16839920 0.10403182 0.14371708 0.10105776
0.13942257 0.16839920 0.10403182 0.14371708 0.10105776
0.05848832 0.06150129 0.04604761 0.06685617 0.05957333
0.05401762 0.06093460 0.04459182 0.06677481 0.05691483
0.05401762 0.06093460 0.04459182 0.06677481 0.05691483
0.05442536 0.06637736 0.04225445 0.06277875 0.05840662
0.05611626 0.06061286 0.04371514 0.05823364 0.06877378
0.04165911 0.04418635 0.04304867 0.05513751 0.04633974
0.04165911 0.04418635 0.04304867 0.05513751 0.04633974
0.04142668 0.04669699 0.04420656 0.04886572 0.04561187
0.04142668 0.04669699 0.04420656 0.04886572 0.04561187
0.04100185 0.04553634 0.04405753 0.04760539 0.04422091
0.04100185 0.04553634 0.04405753 0.04760539 0.04422091
0.04100185 0.04553634 0.04405753 0.04760539 0.04422091
0.04100185 0.04553634 0.04405753 0.04760539 0.04422091
0.04100185 0.04553634 0.04405753 0.04760539 0.04422091
0.04061194 0.04206585 0.04942226 0.05005832 0.04703437
0.04007780 0.04183362 0.04667998 0.04480396 0.04348920
0.04010353 0.04315895 0.04555137 0.04554261 0.04350899
0.04075482 0.04469323 0.04416564 0.04480778 0.04242243
0.04303708 0.04301396 0.04538189 0.04326805 0.04330158
0.04099495 0.04768526 0.04341129 0.04325224 0.04594435
0.04099495 0.04768526 0.04341129 0.04325224 0.04594435
0.03958114 0.04449365 0.04304830 0.04315998 0.04599012
0.03958114 0.04449365 0.04304830 0.04315998 0.04599012
0.04026818 0.04354493 0.04648886 0.04231187 0.04493951
0.04026818 0.04354493 0.04648886 0.04231187 0.04493951
0.04299032 0.04369807 0.04408187 0.04239595 0.04186862
0.04299032 0.04369807 0.04408187 0.04239595 0.04186862
0.04299032 0.04369807 0.04408187 0.04239595 0.04186862
0.04187232 0.04222347 0.04902074 0.04323082 0.04416956
0.04188747 0.04186831 0.05040059 0.04406296 0.04616251
0.04188747 0.04186831 0.05040059 0.04406296 0.04616251
0.04188747 0.04186831 0.05040059 0.04406296 0.04616251
0.04531836 0.04236289 0.04751589 0.04292899 0.04647497
0.05059187 0.04270416 0.04776301 0.04335826 0.05041666
0.05059187 0.04270416 0.04776301 0.04335826 0.05041666
0.05059187 0.04270416 0.04776301 0.04335826 0.05041666
0.05337869 0.04233461 0.05414054 0.04295558 0.04838806
0.05860421 0.04296172 0.05547606 0.04577299 0.04750401
0.05860421 0.04296172 0.05547606 0.04577299 0.04750401
0.05379163 0.04780463 0.06285772 0.04258063 0.04737530
0.05379163 0.04780463 0.06285772 0.04258063 0.04737530
0.05174050 0.04468335 0.06231873 0.04321279 0.04633037
0.05174050 0.04468335 0.06231873 0.04321279 0.04633037
0.05174050 0.04468335 0.06231873 0.04321279 0.04633037
0.05901201 0.04497957 0.08395995 0.04416881 0.05106747
0.05293914 0.04336599 0.08470550 0.04785430 0.04555124
0.05065071 0.04400765 0.09247340 0.05965174 0.04591395
0.05178967 0.04368848 0.09962200 0.05305491 0.04891319
0.05178967 0.04368848 0.09962200 0.05305491 0.04891319
0.04010471 0.04347096 0.05737219 0.04181963 0.04570944
0.04010471 0.04347096 0.05737219 0.04181963 0.04570944
0.04010471 0.04347096 0.05737219 0.04181963 0.04570944
0.04010471 0.04347096 0.05737219 0.04181963 0.04570944
0.04010471 0.04347096 0.05737219 0.04181963 0.04570944
0.04010471 0.04347096 0.05737219 0.04181963 0.04570944
0.04013517 0.04446012 0.05103678 0.04291564 0.04295128
0.04352801 0.04371436 0.04897408 0.04278894 0.04347085
0.04352801 0.04371436 0.04897408 0.04278894 0.04347085
0.04030428 0.04398384 0.04875219 0.04445474 0.04519089
0.04243143 0.04333389 0.04825931 0.04904426 0.04937835
0.04243143 0.04333389 0.04825931 0.04904426 0.04937835
0.04243143 0.04333389 0.04825931 0.04904426 0.04937835
0.04243143 0.04333389 0.04825931 0.04904426 0.04937835
0.03988016 0.04138865 0.04914122 0.05630764 0.05778548
0.03940744 0.04146707 0.04855265 0.05885773 0.05802795
0.03940744 0.04146707 0.04855265 0.05885773 0.05802795
0.03940744 0.04146707 0.04855265 0.05885773 0.05802795
0.03903633 0.04364393 0.04909639 0.05137489 0.06113912
0.03903633 0.04364393 0.04909639 0.05137489 0.06113912
0.03903633 0.04364393 0.04909639 0.05137489 0.06113912
0.03903633 0.04364393 0.04909639 0.05137489 0.06113912
0.04009014 0.04867696 0.05043820 0.05166374 0.05874803
0.04126375 0.05366570 0.04847416 0.05319504 0.05500474
0.04126375 0.05366570 0.04847416 0.05319504 0.05500474
0.04282177 0.05306316 0.04823506 0.05708524 0.05759986
0.04391255 0.05678775 0.04969433 0.04944872 0.05453795
0.04314789 0.05760014 0.04973723 0.04475830 0.05392592
0.05046253 0.05643581 0.04816337 0.04449610 0.05340590
0.05046253 0.05643581 0.04816337 0.04449610 0.05340590
0.05046253 0.05643581 0.04816337 0.04449610 0.05340590
0.05431447 0.05657901 0.04613567 0.04316335 0.05120109
0.05431447 0.05657901 0.04613567 0.04316335 0.05120109
0.05431447 0.05657901 0.04613567 0.04316335 0.05120109
0.05431447 0.05657901 0.04613567 0.04316335 0.05120109
0.05539475 0.06427736 0.04776894 0.04195202 0.05350762
0.05050596 0.07683049 0.05020593 0.05091991 0.05102230
0.04449194 0.08690617 0.05497957 0.05660877 0.04787074
0.04059432 0.08569428 0.05830739 0.04880261 0.05250665
0.04059432 0.08569428 0.05830739 0.04880261 0.05250665
0.04071601 0.09967442 0.05488826 0.04723094 0.04931358
0.04071601 0.09967442 0.05488826 0.04723094 0.04931358
0.04311422 0.09986132 0.04699534 0.04314943 0.04510594
0.04311422 0.09986132 0.04699534 0.04314943 0.04510594
0.04580483 0.09577847 0.04835846 0.04615609 0.04193542
0.04580483 0.09577847 0.04835846 0.04615609 0.04193542
0.04580483 0.09577847 0.04835846 0.04615609 0.04193542
0.04580483 0.09577847 0.04835846 0.04615609 0.04193542
0.04580483 0.09577847 0.04835846 0.04615609 0.04193542
0.03938880 0.04716379 0.05372308 0.05087078 0.04364866
0.03938880 0.04716379 0.05372308 0.05087078 0.04364866
0.03938880 0.04716379 0.05372308 0.05087078 0.04364866
0.03938880 0.04716379 0.05372308 0.05087078 0.04364866
0.03938880 0.04716379 0.05372308 0.05087078 0.04364866
0.03938880 0.04716379 0.05372308 0.05087078 0.04364866
0.03930969 0.04635828 0.05028844 0.04931600 0.04363825
0.03930969 0.04635828 0.05028844 0.04931600 0.04363825
0.03930969 0.04635828 0.05028844 0.04931600 0.04363825
0.03930969 0.04635828 0.05028844 0.04931600 0.04363825
0.03933108 0.04454733 0.04788563 0.04957565 0.04654248
0.03933108 0.04454733 0.04788563 0.04957565 0.04654248
0.03940113 0.04695736 0.04883179 0.04983954 0.04588438
0.03940113 0.04695736 0.04883179 0.04983954 0.04588438
0.03940113 0.04695736 0.04883179 0.04983954 0.04588438
0.04075501 0.04733545 0.04764372 0.04813652 0.04454789
0.04362211 0.04455180 0.04599156 0.04872838 0.04139557
0.04362211 0.04455180 0.04599156 0.04872838 0.04139557
0.03943755 0.04989251 0.04657454 0.04564574 0.04208161
0.03978232 0.06176927 0.04465573 0.04611026 0.04205545
0.03978232 0.06176927 0.04465573 0.04611026 0.04205545
0.03978232 0.06176927 0.04465573 0.04611026 0.04205545
0.04170951 0.06628501 0.04589580 0.04495484 0.04556017
0.04170951 0.06628501 0.04589580 0.04495484 0.04556017
0.04170951 0.06628501 0.04589580 0.04495484 0.04556017
0.04170951 0.06628501 0.04589580 0.04495484 0.04556017
0.04055259 0.06462260 0.05093275 0.04567773 0.04451468
0.03968828 0.06533518 0.05012748 0.04536570 0.04693102
0.04085616 0.04560378 0.04379580 0.04922274 0.04664718
0.04085616 0.04560378 0.04379580 0.04922274 0.04664718
0.04357829 0.04241826 0.04524354 0.04689206 0.05893498
0.04357829 0.04241826 0.04524354 0.04689206 0.05893498
0.04357829 0.04241826 0.04524354 0.04689206 0.05893498
0.04716056 0.04148734 0.04251826 0.04642995 0.05234404
0.04716056 0.04148734 0.04251826 0.04642995 0.05234404
0.04716056 0.04148734 0.04251826 0.04642995 0.05234404
0.04716056 0.04148734 0.04251826 0.04642995 0.05234404
0.04716056 0.04148734 0.04251826 0.04642995 0.05234404
0.04388564 0.04094520 0.04443134 0.04783817 0.05803644
0.04778954 0.04062191 0.04382053 0.04738932 0.05403139
0.04778954 0.04062191 0.04382053 0.04738932 0.05403139
0.04778954 0.04062191 0.04382053 0.04738932 0.05403139
0.04778954 0.04062191 0.04382053 0.04738932 0.05403139
0.04804967 0.04135454 0.04638878 0.04817300 0.05223678
0.04483534 0.04173899 0.04744570 0.04933643 0.04776995
0.04720952 0.04149656 0.04712967 0.04796513 0.04618545
0.04435855 0.04124847 0.05893457 0.04796224 0.04785063
0.04435855 0.04124847 0.05893457 0.04796224 0.04785063
0.04532667 0.04068259 0.05789134 0.04747267 0.05119215
0.04160999 0.04255030 0.06018787 0.05628624 0.04458512
0.04261527 0.04436028 0.05817511 0.05438879 0.04229859
0.04226599 0.05101920 0.07137531 0.06236047 0.04398874
0.04858069 0.05167466 0.07545186 0.07409931 0.04976174
0.04858069 0.05167466 0.07545186 0.07409931 0.04976174
0.04831678 0.04986111 0.07811346 0.07277025 0.04917911
0.04651540 0.04563248 0.07199529 0.05741585 0.04436301
0.04884542 0.04623784 0.06500443 0.05476342 0.04920854
0.04595922 0.04388997 0.07033728 0.05115406 0.04812760
0.04129459 0.04581989 0.07067258 0.05413555 0.05213102
0.04318406 0.04106426 0.06319433 0.05278110 0.05180220
0.04318406 0.04106426 0.06319433 0.05278110 0.05180220
0.04318406 0.04106426 0.06319433 0.05278110 0.05180220
0.04318406 0.04106426 0.06319433 0.05278110 0.05180220
0.04642779 0.03994143 0.07165157 0.05298439 0.04761327
0.04642779 0.03994143 0.07165157 0.05298439 0.04761327
0.04642779 0.03994143 0.07165157 0.05298439 0.04761327
0.04642779 0.03994143 0.07165157 0.05298439 0.04761327
0.04642779 0.03994143 0.07165157 0.05298439 0.04761327
0.04008175 0.04075355 0.06689455 0.05933832 0.05315851
0.04008175 0.04075355 0.06689455 0.05933832 0.05315851
0.04561378 0.04115306 0.07793273 0.07094267 0.06388709
0.04459552 0.04280897 0.07612579 0.06836129 0.07896141
0.04459552 0.04280897 0.07612579 0.06836129 0.07896141
0.04307155 0.04180536 0.07703863 0.08279022 0.08259081
0.04307155 0.04180536 0.07703863 0.08279022 0.08259081
0.04819582 0.04861105 0.07348111 0.08702872 0.08609116
0.04324673 0.05064661 0.08155643 0.08568361 0.07145766
0.04324673 0.05064661 0.08155643 0.08568361 0.07145766
0.04437638 0.04913018 0.09460626 0.09640403 0.06613725
0.04437638 0.04913018 0.09460626 0.09640403 0.06613725
0.05074101 0.06106333 0.08772688 0.10350947 0.06947171
0.05074101 0.06106333 0.08772688 0.10350947 0.06947171
0.05074101 0.06106333 0.08772688 0.10350947 0.06947171
0.05310971 0.06687194 0.07790221 0.11009169 0.06205636
0.06498589 0.07727673 0.07242751 0.10649727 0.06203108
0.05614382 0.07310523 0.07771133 0.10725343 0.05742091
0.05614382 0.07310523 0.07771133 0.10725343 0.05742091
0.05614382 0.07310523 0.07771133 0.10725343 0.05742091
0.05614382 0.07310523 0.07771133 0.10725343 0.05742091
0.04460626 0.05507532 0.05684565 0.05175370 0.04291632
0.04460626 0.05507532 0.05684565 0.05175370 0.04291632
0.04228031 0.05181716 0.05828109 0.05345332 0.04285433
0.04228031 0.05181716 0.05828109 0.05345332 0.04285433
0.04228031 0.05181716 0.05828109 0.05345332 0.04285433
0.04228031 0.05181716 0.05828109 0.05345332 0.04285433
0.03934241 0.05066405 0.05880847 0.05720139 0.04507391
0.03934241 0.05066405 0.05880847 0.05720139 0.04507391
0.03934241 0.05066405 0.05880847 0.05720139 0.04507391
0.03993854 0.05061763 0.06198798 0.06215194 0.04960755
0.04064413 0.04972408 0.06081273 0.06780949 0.04378070
0.04210621 0.05533262 0.06896276 0.06034611 0.04253030
0.04210621 0.05533262 0.06896276 0.06034611 0.04253030
0.04638512 0.05843707 0.06022870 0.05373414 0.04377445
0.04638512 0.05843707 0.06022870 0.05373414 0.04377445
0.04134291 0.05559972 0.07209445 0.06038366 0.04232171
0.04134291 0.05559972 0.07209445 0.06038366 0.04232171
0.04134291 0.05559972 0.07209445 0.06038366 0.04232171
0.06185471 0.06460513 0.07088480 0.05703036 0.04158144
0.06770310 0.06692776 0.06880184 0.05043989 0.04102844
0.07526877 0.06051824 0.06577578 0.04767807 0.04153813
0.07526877 0.06051824 0.06577578 0.04767807 0.04153813
0.07129352 0.06211456 0.06810213 0.05139386 0.04507100
0.07032219 0.06203659 0.06795013 0.04818002 0.04542332
0.07032219 0.06203659 0.06795013 0.04818002 0.04542332
0.07032219 0.06203659 0.06795013 0.04818002 0.04542332
0.07032219 0.06203659 0.06795013 0.04818002 0.04542332
0.08464668 0.06235513 0.07445171 0.05582687 0.04482612
0.08464668 0.06235513 0.07445171 0.05582687 0.04482612
0.08464668 0.06235513 0.07445171 0.05582687 0.04482612
0.08464668 0.06235513 0.07445171 0.05582687 0.04482612
0.06694231 0.05533634 0.07542599 0.04646322 0.05303670
0.06694231 0.05533634 0.07542599 0.04646322 0.05303670
0.08067678 0.06216927 0.08467416 0.04928063 0.05740160
0.08067678 0.06216927 0.08467416 0.04928063 0.05740160
0.07944709 0.06329742 0.08185711 0.04478364 0.05353144
0.07944709 0.06329742 0.08185711 0.04478364 0.05353144
0.08336281 0.06448417 0.07871150 0.04396102 0.05117109
0.08200704 0.07254769 0.07479149 0.04478482 0.04865037
0.08516718 0.06737334 0.06694053 0.04654711 0.04998642
0.08516718 0.06737334 0.06694053 0.04654711 0.04998642
0.08516718 0.06737334 0.06694053 0.04654711 0.04998642
0.08516718 0.06737334 0.06694053 0.04654711 0.04998642
0.09103357 0.07073188 0.07228604 0.05492539 0.04739015
0.09103357 0.07073188 0.07228604 0.05492539 0.04739015
0.09103357 0.07073188 0.07228604 0.05492539 0.04739015
0.09103357 0.07073188 0.07228604 0.05492539 0.04739015
0.09103357 0.07073188 0.07228604 0.05492539 0.04739015
0.09103357 0.07073188 0.07228604 0.05492539 0.04739015
0.09103357 0.07073188 0.07228604 0.05492539 0.04739015
0.08672065 0.06286899 0.05875231 0.04748313 0.04524144
0.08672065 0.06286899 0.05875231 0.04748313 0.04524144
0.08525568 0.05984722 0.05878676 0.04920086 0.04408580
0.10390843 0.06461443 0.05827471 0.04925091 0.04903221
0.10450631 0.06650823 0.05724113 0.04545625 0.04292854
0.10450631 0.06650823 0.05724113 0.04545625 0.04292854
0.10751353 0.07348377 0.05625214 0.04857167 0.04739512
0.10751353 0.07348377 0.05625214 0.04857167 0.04739512
0.10751353 0.07348377 0.05625214 0.04857167 0.04739512
0.10751353 0.07348377 0.05625214 0.04857167 0.04739512
0.10751353 0.07348377 0.05625214 0.04857167 0.04739512
0.10751353 0.07348377 0.05625214 0.04857167 0.04739512
0.09492761 0.05903299 0.05226673 0.05145107 0.04671191
0.09492761 0.05903299 0.05226673 0.05145107 0.04671191
0.09492761 0.05903299 0.05226673 0.05145107 0.04671191
0.09492761 0.05903299 0.05226673 0.05145107 0.04671191
0.09492761 0.05903299 0.05226673 0.05145107 0.04671191
0.10261462 0.06033617 0.04919463 0.04559949 0.04284092
0.11283257 0.06469093 0.04759062 0.04367251 0.04087812
0.11283257 0.06469093 0.04759062 0.04367251 0.04087812
0.11283257 0.06469093 0.04759062 0.04367251 0.04087812
0.11283257 0.06469093 0.04759062 0.04367251 0.04087812
0.11283257 0.06469093 0.04759062 0.04367251 0.04087812
0.11283257 0.06469093 0.04759062 0.04367251 0.04087812
0.11283257 0.06469093 0.04759062 0.04367251 0.04087812
0.11571170 0.05946643 0.04568582 0.04579269 0.04129634
0.11566877 0.06645169 0.05222144 0.04399165 0.04549070
0.11566877 0.06645169 0.05222144 0.04399165 0.04549070
0.10739349 0.05849340 0.04977206 0.04161758 0.04753803
0.10739349 0.05849340 0.04977206 0.04161758 0.04753803
0.11270586 0.05964605 0.04956652 0.04150773 0.04323957
0.11947239 0.07279495 0.05041064 0.04161286 0.04874059
0.13597249 0.08490990 0.04974378 0.04091067 0.04421912
0.13597249 0.08490990 0.04974378 0.04091067 0.04421912
0.13597249 0.08490990 0.04974378 0.04091067 0.04421912
0.13597249 0.08490990 0.04974378 0.04091067 0.04421912
0.13600804 0.08136833 0.04692609 0.04146728 0.04646685
0.13600804 0.08136833 0.04692609 0.04146728 0.04646685
0.13600804 0.08136833 0.04692609 0.04146728 0.04646685
0.13323939 0.08755008 0.04678270 0.04098093 0.04755301
0.13323939 0.08755008 0.04678270 0.04098093 0.04755301
0.13372747 0.08378504 0.04825721 0.04252085 0.04467053
0.13372747 0.08378504 0.04825721 0.04252085 0.04467053
0.12876879 0.07237374 0.04816851 0.04078331 0.04410104
0.13582720 0.07009208 0.04877123 0.04036201 0.04330517
0.13582720 0.07009208 0.04877123 0.04036201 0.04330517
0.12187922 0.07105758 0.04918337 0.03979154 0.04073032
0.12187922 0.07105758 0.04918337 0.03979154 0.04073032
0.12267470 0.07588715 0.05125376 0.04101391 0.03984442
0.12576175 0.08886255 0.05317558 0.03897080 0.03934850
0.12936462 0.09155717 0.05458938 0.03910831 0.04024008
0.13599065 0.08499644 0.05033047 0.04107160 0.03934518
0.13599065 0.08499644 0.05033047 0.04107160 0.03934518
0.13599065 0.08499644 0.05033047 0.04107160 0.03934518
0.13272038 0.08273471 0.04851811 0.04196255 0.03959429
0.13272038 0.08273471 0.04851811 0.04196255 0.03959429
0.14179637 0.09323246 0.05175012 0.04639497 0.03972111
0.14179637 0.09323246 0.05175012 0.04639497 0.03972111
0.14179637 0.09323246 0.05175012 0.04639497 0.03972111
0.04658225 0.04602876 0.04588056 0.03892763 0.03948318
0.04815195 0.04185795 0.04987109 0.03797548 0.03912931
0.05124556 0.04977938 0.03865130 0.03764444 0.03980225
0.06095034 0.05481406 0.03807430 0.03779377 0.04056652
0.05965398 0.05888728 0.03895616 0.04251680 0.04116682
0.04544544 0.04107172 0.03880969 0.03913916 0.03902531
0.04879734 0.04434046 0.03885358 0.04159375 0.04172583
0.06868597 0.04278657 0.03936355 0.04567525 0.04593707
0.07327141 0.05202328 0.03958242 0.05071928 0.04601204
0.07327141 0.05202328 0.03958242 0.05071928 0.04601204
0.07327141 0.05202328 0.03958242 0.05071928 0.04601204
0.07617488 0.04933453 0.03947839 0.05768566 0.04545383
0.07617488 0.04933453 0.03947839 0.05768566 0.04545383
0.07617488 0.04933453 0.03947839 0.05768566 0.04545383
0.07424132 0.04526154 0.04016471 0.05445891 0.04601477
0.07424132 0.04526154 0.04016471 0.05445891 0.04601477
0.06364583 0.04165450 0.03974408 0.05280463 0.04895065
0.06364583 0.04165450 0.03974408 0.05280463 0.04895065
0.06570406 0.04302561 0.03932298 0.05016222 0.05339213
0.06301978 0.05044700 0.03878923 0.05515130 0.06516864
0.06333119 0.04307640 0.03989617 0.05285557 0.05749671
0.06333119 0.04307640 0.03989617 0.05285557 0.05749671
0.06333119 0.04307640 0.03989617 0.05285557 0.05749671
0.06333119 0.04307640 0.03989617 0.05285557 0.05749671
0.05795206 0.04188231 0.04143303 0.05377410 0.05099837
0.05727299 0.04037928 0.05010053 0.05446099 0.04576367
0.05213588 0.04075578 0.04512376 0.05607582 0.05144384
0.05220769 0.04028618 0.04396955 0.06545313 0.04890317
0.05220769 0.04028618 0.04396955 0.06545313 0.04890317
0.05220769 0.04028618 0.04396955 0.06545313 0.04890317
0.05052340 0.04152711 0.04521075 0.07096283 0.05690476
0.05809353 0.04766757 0.04276697 0.08058667 0.06519131
0.04754576 0.04151166 0.04432661 0.08595296 0.07116537
0.04087903 0.04021247 0.03817674 0.03887731 0.04310848
0.04087903 0.04021247 0.03817674 0.03887731 0.04310848
0.03926137 0.04018977 0.04002230 0.03847914 0.04389418
0.03826070 0.04054192 0.04569385 0.03993118 0.04494084
0.03838014 0.04069038 0.03980408 0.03864811 0.04788948
0.03838014 0.04069038 0.03980408 0.03864811 0.04788948
0.04063142 0.04148767 0.03934123 0.03827643 0.05383073
0.04063142 0.04148767 0.03934123 0.03827643 0.05383073
0.04332208 0.04189936 0.03772993 0.03789203 0.05509989
0.04332208 0.04189936 0.03772993 0.03789203 0.05509989
0.04632439 0.04119800 0.03738699 0.03940753 0.05143083
0.04632439 0.04119800 0.03738699 0.03940753 0.05143083
0.05248048 0.04146250 0.03773241 0.03806323 0.05775373
0.05410724 0.04167708 0.03789083 0.03820763 0.05785556
0.05410724 0.04167708 0.03789083 0.03820763 0.05785556
0.05410724 0.04167708 0.03789083 0.03820763 0.05785556
0.05015114 0.04186891 0.03852448 0.03870245 0.06664937
0.05015114 0.04186891 0.03852448 0.03870245 0.06664937
0.04430951 0.04250841 0.03719874 0.03870333 0.07926683
0.04627237 0.04623913 0.04354455 0.03852005 0.04099864
0.03927880 0.04701254 0.03761557 0.03941115 0.04251148
0.03927880 0.04701254 0.03761557 0.03941115 0.04251148
0.03958373 0.04787462 0.03847242 0.04178775 0.04255237
0.03958373 0.04787462 0.03847242 0.04178775 0.04255237
0.03958373 0.04787462 0.03847242 0.04178775 0.04255237
0.04008709 0.05326514 0.04158282 0.03849921 0.04346476
0.04008709 0.05326514 0.04158282 0.03849921 0.04346476
0.04123228 0.04902225 0.03924754 0.03867363 0.04078565
0.04561606 0.05497614 0.04182866 0.03859955 0.04127607
0.04561606 0.05497614 0.04182866 0.03859955 0.04127607
0.04561606 0.05497614 0.04182866 0.03859955 0.04127607
0.04561606 0.05497614 0.04182866 0.03859955 0.04127607
0.04425187 0.04839818 0.04868045 0.03833998 0.03946294
0.03937131 0.05113936 0.05211508 0.04417169 0.04297938
0.03937131 0.05113936 0.05211508 0.04417169 0.04297938
0.03912849 0.04844139 0.04749235 0.04005240 0.04307949
0.03999786 0.04994279 0.05199353 0.03919210 0.05031305
0.03870943 0.04056800 0.03914538 0.03833601 0.03893682
0.03866322 0.04706266 0.03716915 0.04499027 0.03902010
0.03832581 0.05262118 0.03731555 0.04042988 0.04005572
0.03832581 0.05262118 0.03731555 0.04042988 0.04005572
0.03862144 0.05492995 0.03909618 0.04200551 0.04291312
0.03832217 0.04779542 0.03705670 0.04398128 0.03964557
0.03832217 0.04779542 0.03705670 0.04398128 0.03964557
0.03832217 0.04779542 0.03705670 0.04398128 0.03964557
0.03730618 0.04389416 0.03866086 0.04377870 0.04012049
0.03859288 0.04062466 0.03687370 0.03923828 0.04089717
0.03792045 0.04588412 0.03701735 0.04580880 0.04674672
0.03792045 0.04588412 0.03701735 0.04580880 0.04674672
0.03975202 0.04783019 0.03770295 0.05121260 0.04913078
0.04072086 0.05214700 0.04465106 0.05807955 0.05669500
0.03958990 0.05327330 0.04406335 0.05102505 0.05331879
0.04546387 0.05106643 0.05277844 0.05874016 0.05223234
0.04459465 0.06661855 0.06145504 0.05855883 0.04786298
0.04459465 0.06661855 0.06145504 0.05855883 0.04786298
0.04459465 0.06661855 0.06145504 0.05855883 0.04786298
0.04519687 0.06712514 0.05943311 0.06007322 0.04956312
0.04519687 0.06712514 0.05943311 0.06007322 0.04956312
0.04519687 0.06712514 0.05943311 0.06007322 0.04956312
0.05341503 0.05917755 0.05894547 0.06089117 0.04942882
0.05341503 0.05917755 0.05894547 0.06089117 0.04942882
0.05341503 0.05917755 0.05894547 0.06089117 0.04942882
0.05481328 0.05622448 0.05938041 0.05699511 0.04256078
0.05481328 0.05622448 0.05938041 0.05699511 0.04256078
0.05481328 0.05622448 0.05938041 0.05699511 0.04256078
0.05481328 0.05622448 0.05938041 0.05699511 0.04256078
0.04909933 0.04901507 0.06359209 0.04656135 0.04522216
0.05561168 0.04368109 0.06091121 0.05015845 0.05297380
0.06644779 0.04101481 0.06045874 0.05625134 0.04687015
0.04032819 0.03937406 0.03795195 0.03875766 0.03971526
0.04032819 0.03937406 0.03795195 0.03875766 0.03971526
0.04032819 0.03937406 0.03795195 0.03875766 0.03971526
0.04032819 0.03937406 0.03795195 0.03875766 0.03971526
0.04137580 0.04230800 0.03949667 0.03926802 0.03986484
0.04137580 0.04230800 0.03949667 0.03926802 0.03986484
0.04137580 0.04230800 0.03949667 0.03926802 0.03986484
0.04189418 0.04096533 0.03914762 0.04236943 0.04010138
0.04189418 0.04096533 0.03914762 0.04236943 0.04010138
0.04629713 0.03958986 0.03883822 0.04753398 0.04320137
0.04822535 0.03914774 0.04167481 0.05059600 0.04191150
0.04712462 0.04051482 0.04488967 0.05443032 0.04085390
0.04712462 0.04051482 0.04488967 0.05443032 0.04085390
0.04685526 0.04231872 0.05572339 0.05786236 0.04276369
0.04685526 0.04231872 0.05572339 0.05786236 0.04276369
0.04685526 0.04231872 0.05572339 0.05786236 0.04276369
0.04685526 0.04231872 0.05572339 0.05786236 0.04276369
0.04685526 0.04231872 0.05572339 0.05786236 0.04276369
0.04801377 0.04439312 0.06081995 0.05743757 0.04382702
0.04801377 0.04439312 0.06081995 0.05743757 0.04382702
0.05156985 0.04527416 0.06927690 0.07924146 0.04977823
0.05156985 0.04527416 0.06927690 0.07924146 0.04977823
0.05156985 0.04527416 0.06927690 0.07924146 0.04977823
0.05156985 0.04527416 0.06927690 0.07924146 0.04977823
0.05156985 0.04527416 0.06927690 0.07924146 0.04977823
0.05156985 0.04527416 0.06927690 0.07924146 0.04977823
0.04930126 0.04967305 0.06655114 0.07341972 0.04229983
0.04491707 0.05443021 0.06859162 0.07528043 0.04202230
0.04491707 0.05443021 0.06859162 0.07528043 0.04202230
0.04422498 0.05606551 0.06558177 0.07724809 0.04332302
0.04517151 0.05433726 0.06305773 0.07231116 0.04425044
0.04517151 0.05433726 0.06305773 0.07231116 0.04425044
0.04562479 0.05450369 0.06922974 0.08217824 0.04326301
0.04562479 0.05450369 0.06922974 0.08217824 0.04326301
0.04535259 0.05505933 0.07298004 0.08229720 0.03978156
0.04659481 0.06034284 0.07007622 0.08612748 0.04173129
0.04968600 0.06610569 0.07202309 0.08577996 0.04434936
0.04760459 0.06395764 0.05679656 0.08048788 0.05256844
0.04707464 0.04906528 0.05992426 0.08882385 0.05245773
0.04707464 0.04906528 0.05992426 0.08882385 0.05245773
0.04707464 0.04906528 0.05992426 0.08882385 0.05245773
0.04713820 0.06727178 0.06143830 0.08290401 0.05371085
0.04728769 0.05811118 0.06255168 0.08647054 0.06336841
0.04699371 0.05629104 0.06097055 0.08275860 0.07393507
0.04699371 0.05629104 0.06097055 0.08275860 0.07393507
0.04699371 0.05629104 0.06097055 0.08275860 0.07393507
0.04699371 0.05629104 0.06097055 0.08275860 0.07393507
0.04365299 0.09097475 0.04423160 0.04537238 0.09949488
0.04365299 0.09097475 0.04423160 0.04537238 0.09949488
0.04365299 0.09097475 0.04423160 0.04537238 0.09949488
0.04365299 0.09097475 0.04423160 0.04537238 0.09949488
0.04365299 0.09097475 0.04423160 0.04537238 0.09949488
0.04365299 0.09097475 0.04423160 0.04537238 0.09949488
0.04365299 0.09097475 0.04423160 0.04537238 0.09949488
0.04365299 0.09097475 0.04423160 0.04537238 0.09949488
0.04365299 0.09097475 0.04423160 0.04537238 0.09949488
0.04365299 0.09097475 0.04423160 0.04537238 0.09949488
0.04365299 0.09097475 0.04423160 0.04537238 0.09949488
0.04365299 0.09097475 0.04423160 0.04537238 0.09949488
0.04365299 0.09097475 0.04423160 0.04537238 0.09949488
0.04365299 0.09097475 0.04423160 0.04537238 0.09949488
0.04365299 0.09097475 0.04423160 0.04537238 0.09949488
0.04365299 0.09097475 0.04423160 0.04537238 0.09949488
0.04365299 0.09097475 0.04423160 0.04537238 0.09949488
0.04365299 0.09097475 0.04423160 0.04537238 0.09949488
0.04365299 0.09097475 0.04423160 0.04537238 0.09949488
0.04365299 0.09097475 0.04423160 0.04537238 0.09949488
0.04365299 0.09097475 0.04423160 0.04537238 0.09949488
0.04365299 0.09097475 0.04423160 0.04537238 0.09949488
0.04365299 0.09097475 0.04423160 0.04537238 0.09949488
0.04365299 0.09097475 0.04423160 0.04537238 0.09949488
0.04365299 0.09097475 0.04423160 0.04537238 0.09949488
0.04365299 0.09097475 0.04423160 0.04537238 0.09949488
0.04365299 0.09097475 0.04423160 0.04537238 0.09949488
0.04716221 0.03974785 0.06691411 0.05795315 0.04716497
0.04716221 0.03974785 0.06691411 0.05795315 0.04716497
0.04716221 0.03974785 0.06691411 0.05795315 0.04716497
0.04716221 0.03974785 0.06691411 0.05795315 0.04716497
0.04716221 0.03974785 0.06691411 0.05795315 0.04716497
0.04716221 0.03974785 0.06691411 0.05795315 0.04716497
0.04716221 0.03974785 0.06691411 0.05795315 0.04716497
0.04716221 0.03974785 0.06691411 0.05795315 0.04716497
0.04716221 0.03974785 0.06691411 0.05795315 0.04716497
0.04716221 0.03974785 0.06691411 0.05795315 0.04716497
0.04716221 0.03974785 0.06691411 0.05795315 0.04716497
0.04716221 0.03974785 0.06691411 0.05795315 0.04716497
0.04716221 0.03974785 0.06691411 0.05795315 0.04716497
0.04716221 0.03974785 0.06691411 0.05795315 0.04716497
0.04716221 0.03974785 0.06691411 0.05795315 0.04716497
0.04716221 0.03974785 0.06691411 0.05795315 0.04716497
0.04716221 0.03974785 0.06691411 0.05795315 0.04716497
0.04716221 0.03974785 0.06691411 0.05795315 0.04716497
0.04716221 0.03974785 0.06691411 0.05795315 0.04716497
0.04716221 0.03974785 0.06691411 0.05795315 0.04716497
0.04716221 0.03974785 0.06691411 0.05795315 0.04716497
0.04716221 0.03974785 0.06691411 0.05795315 0.04716497
0.04716221 0.03974785 0.06691411 0.05795315 0.04716497
0.04716221 0.03974785 0.06691411 0.05795315 0.04716497
0.04716221 0.03974785 0.06691411 0.05795315 0.04716497
0.04716221 0.03974785 0.06691411 0.05795315 0.04716497
0.04716221 0.03974785 0.06691411 0.05795315 0.04716497
0.04716221 0.03974785 0.06691411 0.05795315 0.04716497
0.04716221 0.03974785 0.06691411 0.05795315 0.04716497
0.04716221 0.03974785 0.06691411 0.05795315 0.04716497
0.04716221 0.03974785 0.06691411 0.05795315 0.04716497
0.04716221 0.03974785 0.06691411 0.05795315 0.04716497
0.04716221 0.03974785 0.06691411 0.05795315 0.04716497
0.04716221 0.03974785 0.06691411 0.05795315 0.04716497
0.04716221 0.03974785 0.06691411 0.05795315 0.04716497
0.04716221 0.03974785 0.06691411 0.05795315 0.04716497
0.04716221 0.03974785 0.06691411 0.05795315 0.04716497
0.04716221 0.03974785 0.06691411 0.05795315 0.04716497
0.04716221 0.03974785 0.06691411 0.05795315 0.04716497
0.04716221 0.03974785 0.06691411 0.05795315 0.04716497
0.03886122 0.03874362 0.04471787 0.03975463 0.05510921
0.03886122 0.03874362 0.04471787 0.03975463 0.05510921
0.03877869 0.03986179 0.04131852 0.04307914 0.05872987
0.03877869 0.03986179 0.04131852 0.04307914 0.05872987
0.03521160 0.03793515 0.03977128 0.03999119 0.06002160
0.03521160 0.03793515 0.03977128 0.03999119 0.06002160
0.03521160 0.03793515 0.03977128 0.03999119 0.06002160
0.03521160 0.03793515 0.03977128 0.03999119 0.06002160
0.03521160 0.03793515 0.03977128 0.03999119 0.06002160
0.03521160 0.03793515 0.03977128 0.03999119 0.06002160
0.03521160 0.03793515 0.03977128 0.03999119 0.06002160
0.03521160 0.03793515 0.03977128 0.03999119 0.06002160
0.03521160 0.03793515 0.03977128 0.03999119 0.06002160
0.03521160 0.03793515 0.03977128 0.03999119 0.06002160
0.03521160 0.03793515 0.03977128 0.03999119 0.06002160
0.03521160 0.03793515 0.03977128 0.03999119 0.06002160
0.03521160 0.03793515 0.03977128 0.03999119 0.06002160
0.03521160 0.03793515 0.03977128 0.03999119 0.06002160
0.03521160 0.03793515 0.03977128 0.03999119 0.06002160
0.03521160 0.03793515 0.03977128 0.03999119 0.06002160
0.03521160 0.03793515 0.03977128 0.03999119 0.06002160
0.03521160 0.03793515 0.03977128 0.03999119 0.06002160
0.03521160 0.03793515 0.03977128 0.03999119 0.06002160
0.03521160 0.03793515 0.03977128 0.03999119 0.06002160
0.03521160 0.03793515 0.03977128 0.03999119 0.06002160
0.03521160 0.03793515 0.03977128 0.03999119 0.06002160
0.03521160 0.03793515 0.03977128 0.03999119 0.06002160
0.03521160 0.03793515 0.03977128 0.03999119 0.06002160
0.03521160 0.03793515 0.03977128 0.03999119 0.06002160
0.03521160 0.03793515 0.03977128 0.03999119 0.06002160
0.03521160 0.03793515 0.03977128 0.03999119 0.06002160
0.03521160 0.03793515 0.03977128 0.03999119 0.06002160
0.03521160 0.03793515 0.03977128 0.03999119 0.06002160
0.03521160 0.03793515 0.03977128 0.03999119 0.06002160
0.03521160 0.03793515 0.03977128 0.03999119 0.06002160
0.03521160 0.03793515 0.03977128 0.03999119 0.06002160
0.03521160 0.03793515 0.03977128 0.03999119 0.06002160
0.03521160 0.03793515 0.03977128 0.03999119 0.06002160
0.03521160 0.03793515 0.03977128 0.03999119 0.06002160
0.03521160 0.03793515 0.03977128 0.03999119 0.06002160
0.04309014 0.03604374 0.07432492 0.03842770 0.04839854
0.04309014 0.03604374 0.07432492 0.03842770 0.04839854
0.04309014 0.03604374 0.07432492 0.03842770 0.04839854
0.04182107 0.04624199 0.07444078 0.04534506 0.04726080
0.04182107 0.04624199 0.07444078 0.04534506 0.04726080
0.04182107 0.04624199 0.07444078 0.04534506 0.04726080
0.04182107 0.04624199 0.07444078 0.04534506 0.04726080
0.04182107 0.04624199 0.07444078 0.04534506 0.04726080
0.04182107 0.04624199 0.07444078 0.04534506 0.04726080
0.04182107 0.04624199 0.07444078 0.04534506 0.04726080
0.04182107 0.04624199 0.07444078 0.04534506 0.04726080
0.04182107 0.04624199 0.07444078 0.04534506 0.04726080
0.04182107 0.04624199 0.07444078 0.04534506 0.04726080
0.04182107 0.04624199 0.07444078 0.04534506 0.04726080
0.04182107 0.04624199 0.07444078 0.04534506 0.04726080
0.04182107 0.04624199 0.07444078 0.04534506 0.04726080
0.04182107 0.04624199 0.07444078 0.04534506 0.04726080
0.04182107 0.04624199 0.07444078 0.04534506 0.04726080
0.04182107 0.04624199 0.07444078 0.04534506 0.04726080
0.04182107 0.04624199 0.07444078 0.04534506 0.04726080
0.04182107 0.04624199 0.07444078 0.04534506 0.04726080
0.04182107 0.04624199 0.07444078 0.04534506 0.04726080
0.04182107 0.04624199 0.07444078 0.04534506 0.04726080
0.04182107 0.04624199 0.07444078 0.04534506 0.04726080
0.04182107 0.04624199 0.07444078 0.04534506 0.04726080
0.04182107 0.04624199 0.07444078 0.04534506 0.04726080
0.04182107 0.04624199 0.07444078 0.04534506 0.04726080
0.04182107 0.04624199 0.07444078 0.04534506 0.04726080
0.04182107 0.04624199 0.07444078 0.04534506 0.04726080
0.04182107 0.04624199 0.07444078 0.04534506 0.04726080
0.04182107 0.04624199 0.07444078 0.04534506 0.04726080
0.04182107 0.04624199 0.07444078 0.04534506 0.04726080
0.04182107 0.04624199 0.07444078 0.04534506 0.04726080
0.04182107 0.04624199 0.07444078 0.04534506 0.04726080
0.04182107 0.04624199 0.07444078 0.04534506 0.04726080
0.04182107 0.04624199 0.07444078 0.04534506 0.04726080
0.04182107 0.04624199 0.07444078 0.04534506 0.04726080
0.04182107 0.04624199 0.07444078 0.04534506 0.04726080
0.04182107 0.04624199 0.07444078 0.04534506 0.04726080
0.04182107 0.04624199 0.07444078 0.04534506 0.04726080
0.06929055 0.04241652 0.06496352 0.05679278 0.05082418
0.07941178 0.05029627 0.07776403 0.05880075 0.05072708
0.04199181 0.04447643 0.04942516 0.05604060 0.07309596
0.04199181 0.04447643 0.04942516 0.05604060 0.07309596
0.04199181 0.04447643 0.04942516 0.05604060 0.07309596
0.04199181 0.04447643 0.04942516 0.05604060 0.07309596
0.04199181 0.04447643 0.04942516 0.05604060 0.07309596
0.04199181 0.04447643 0.04942516 0.05604060 0.07309596
0.04199181 0.04447643 0.04942516 0.05604060 0.07309596
0.04199181 0.04447643 0.04942516 0.05604060 0.07309596
0.04199181 0.04447643 0.04942516 0.05604060 0.07309596
0.04199181 0.04447643 0.04942516 0.05604060 0.07309596
0.04199181 0.04447643 0.04942516 0.05604060 0.07309596
0.04199181 0.04447643 0.04942516 0.05604060 0.07309596
0.04199181 0.04447643 0.04942516 0.05604060 0.07309596
0.04199181 0.04447643 0.04942516 0.05604060 0.07309596
0.04199181 0.04447643 0.04942516 0.05604060 0.07309596
0.04199181 0.04447643 0.04942516 0.05604060 0.07309596
0.04199181 0.04447643 0.04942516 0.05604060 0.07309596
0.04199181 0.04447643 0.04942516 0.05604060 0.07309596
0.04199181 0.04447643 0.04942516 0.05604060 0.07309596
0.04199181 0.04447643 0.04942516 0.05604060 0.07309596
0.04199181 0.04447643 0.04942516 0.05604060 0.07309596
0.04199181 0.04447643 0.04942516 0.05604060 0.07309596
0.04199181 0.04447643 0.04942516 0.05604060 0.07309596
0.04199181 0.04447643 0.04942516 0.05604060 0.07309596
0.04199181 0.04447643 0.04942516 0.05604060 0.07309596
0.04199181 0.04447643 0.04942516 0.05604060 0.07309596
0.04199181 0.04447643 0.04942516 0.05604060 0.07309596
0.04199181 0.04447643 0.04942516 0.05604060 0.07309596
0.04199181 0.04447643 0.04942516 0.05604060 0.07309596
0.04199181 0.04447643 0.04942516 0.05604060 0.07309596
0.04199181 0.04447643 0.04942516 0.05604060 0.07309596
0.04199181 0.04447643 0.04942516 0.05604060 0.07309596
0.04199181 0.04447643 0.04942516 0.05604060 0.07309596
0.04199181 0.04447643 0.04942516 0.05604060 0.07309596
0.04199181 0.04447643 0.04942516 0.05604060 0.07309596
0.04199181 0.04447643 0.04942516 0.05604060 0.07309596
0.04199181 0.04447643 0.04942516 0.05604060 0.07309596
0.04199181 0.04447643 0.04942516 0.05604060 0.07309596
0.08539216 0.07521308 0.04855559 0.07935405 0.07801860
0.08539216 0.07521308 0.04855559 0.07935405 0.07801860
0.08539216 0.07521308 0.04855559 0.07935405 0.07801860
0.08539216 0.07521308 0.04855559 0.07935405 0.07801860
0.08046265 0.07347566 0.04598160 0.08900863 0.07937900
0.08046265 0.07347566 0.04598160 0.08900863 0.07937900
0.08046265 0.07347566 0.04598160 0.08900863 0.07937900
0.08046265 0.07347566 0.04598160 0.08900863 0.07937900
0.08046265 0.07347566 0.04598160 0.08900863 0.07937900
0.08046265 0.07347566 0.04598160 0.08900863 0.07937900
0.08046265 0.07347566 0.04598160 0.08900863 0.07937900
0.08046265 0.07347566 0.04598160 0.08900863 0.07937900
0.08046265 0.07347566 0.04598160 0.08900863 0.07937900
0.08046265 0.07347566 0.04598160 0.08900863 0.07937900
0.08046265 0.07347566 0.04598160 0.08900863 0.07937900
0.08046265 0.07347566 0.04598160 0.08900863 0.07937900
0.08046265 0.07347566 0.04598160 0.08900863 0.07937900
0.08046265 0.07347566 0.04598160 0.08900863 0.07937900
0.08046265 0.07347566 0.04598160 0.08900863 0.07937900
0.08046265 0.07347566 0.04598160 0.08900863 0.07937900
0.08046265 0.07347566 0.04598160 0.08900863 0.07937900
0.08046265 0.07347566 0.04598160 0.08900863 0.07937900
0.08046265 0.07347566 0.04598160 0.08900863 0.07937900
0.08046265 0.07347566 0.04598160 0.08900863 0.07937900
0.08046265 0.07347566 0.04598160 0.08900863 0.07937900
0.08046265 0.07347566 0.04598160 0.08900863 0.07937900
0.08046265 0.07347566 0.04598160 0.08900863 0.07937900
0.08046265 0.07347566 0.04598160 0.08900863 0.07937900
0.08046265 0.07347566 0.04598160 0.08900863 0.07937900
0.08046265 0.07347566 0.04598160 0.08900863 0.07937900
0.08046265 0.07347566 0.04598160 0.08900863 0.07937900
0.08046265 0.07347566 0.04598160 0.08900863 0.07937900
0.08046265 0.07347566 0.04598160 0.08900863 0.07937900
0.08046265 0.07347566 0.04598160 0.08900863 0.07937900
0.08046265 0.07347566 0.04598160 0.08900863 0.07937900
0.08046265 0.07347566 0.04598160 0.08900863 0.07937900
0.08046265 0.07347566 0.04598160 0.08900863 0.07937900
0.08046265 0.07347566 0.04598160 0.08900863 0.07937900
0.08046265 0.07347566 0.04598160 0.08900863 0.07937900
0.08046265 0.07347566 0.04598160 0.08900863 0.07937900
0.03199042 0.06522527 0.03876124 0.03624572 0.09443167
0.03211947 0.06464044 0.03918910 0.03899681 0.09592119
0.03514624 0.06534449 0.04079478 0.04443228 0.09524157
0.03514624 0.06534449 0.04079478 0.04443228 0.09524157
0.03653700 0.07025992 0.04165397 0.03522839 0.09932512
0.03653700 0.07025992 0.04165397 0.03522839 0.09932512
0.03653700 0.07025992 0.04165397 0.03522839 0.09932512
0.03653700 0.07025992 0.04165397 0.03522839 0.09932512
0.03653700 0.07025992 0.04165397 0.03522839 0.09932512
0.03653700 0.07025992 0.04165397 0.03522839 0.09932512
0.03653700 0.07025992 0.04165397 0.03522839 0.09932512
0.03653700 0.07025992 0.04165397 0.03522839 0.09932512
0.03653700 0.07025992 0.04165397 0.03522839 0.09932512
0.03653700 0.07025992 0.04165397 0.03522839 0.09932512
0.03653700 0.07025992 0.04165397 0.03522839 0.09932512
0.03653700 0.07025992 0.04165397 0.03522839 0.09932512
0.03653700 0.07025992 0.04165397 0.03522839 0.09932512
0.03653700 0.07025992 0.04165397 0.03522839 0.09932512
0.03653700 0.07025992 0.04165397 0.03522839 0.09932512
0.03653700 0.07025992 0.04165397 0.03522839 0.09932512
0.03653700 0.07025992 0.04165397 0.03522839 0.09932512
0.03653700 0.07025992 0.04165397 0.03522839 0.09932512
0.03653700 0.07025992 0.04165397 0.03522839 0.09932512
0.03653700 0.07025992 0.04165397 0.03522839 0.09932512
0.03653700 0.07025992 0.04165397 0.03522839 0.09932512
0.03653700 0.07025992 0.04165397 0.03522839 0.09932512
0.03653700 0.07025992 0.04165397 0.03522839 0.09932512
0.03653700 0.07025992 0.04165397 0.03522839 0.09932512
0.03653700 0.07025992 0.04165397 0.03522839 0.09932512
0.03653700 0.07025992 0.04165397 0.03522839 0.09932512
0.03653700 0.07025992 0.04165397 0.03522839 0.09932512
0.03653700 0.07025992 0.04165397 0.03522839 0.09932512
0.03653700 0.07025992 0.04165397 0.03522839 0.09932512
0.03653700 0.07025992 0.04165397 0.03522839 0.09932512
0.03653700 0.07025992 0.04165397 0.03522839 0.09932512
0.03653700 0.07025992 0.04165397 0.03522839 0.09932512
0.03653700 0.07025992 0.04165397 0.03522839 0.09932512
0.03653700 0.07025992 0.04165397 0.03522839 0.09932512
0.03653700 0.07025992 0.04165397 0.03522839 0.09932512
0.03653700 0.07025992 0.04165397 0.03522839 0.09932512
0.03158352 0.03678295 0.03885208 0.03661091 0.05869348
0.03158352 0.03678295 0.03885208 0.03661091 0.05869348
0.03158352 0.03678295 0.03885208 0.03661091 0.05869348
0.03158352 0.03678295 0.03885208 0.03661091 0.05869348
0.03158352 0.03678295 0.03885208 0.03661091 0.05869348
0.03158352 0.03678295 0.03885208 0.03661091 0.05869348
0.03158352 0.03678295 0.03885208 0.03661091 0.05869348
0.03158352 0.03678295 0.03885208 0.03661091 0.05869348
0.03158352 0.03678295 0.03885208 0.03661091 0.05869348
0.03158352 0.03678295 0.03885208 0.03661091 0.05869348
0.03158352 0.03678295 0.03885208 0.03661091 0.05869348
0.03158352 0.03678295 0.03885208 0.03661091 0.05869348
0.03158352 0.03678295 0.03885208 0.03661091 0.05869348
0.03158352 0.03678295 0.03885208 0.03661091 0.05869348
0.03158352 0.03678295 0.03885208 0.03661091 0.05869348
0.03158352 0.03678295 0.03885208 0.03661091 0.05869348
0.03158352 0.03678295 0.03885208 0.03661091 0.05869348
0.03158352 0.03678295 0.03885208 0.03661091 0.05869348
0.03158352 0.03678295 0.03885208 0.03661091 0.05869348
0.03158352 0.03678295 0.03885208 0.03661091 0.05869348
0.03158352 0.03678295 0.03885208 0.03661091 0.05869348
0.03158352 0.03678295 0.03885208 0.03661091 0.05869348
0.03158352 0.03678295 0.03885208 0.03661091 0.05869348
0.03158352 0.03678295 0.03885208 0.03661091 0.05869348
0.03158352 0.03678295 0.03885208 0.03661091 0.05869348
0.03158352 0.03678295 0.03885208 0.03661091 0.05869348
0.03158352 0.03678295 0.03885208 0.03661091 0.05869348
0.03158352 0.03678295 0.03885208 0.03661091 0.05869348
0.03158352 0.03678295 0.03885208 0.03661091 0.05869348
0.03158352 0.03678295 0.03885208 0.03661091 0.05869348
0.03158352 0.03678295 0.03885208 0.03661091 0.05869348
0.03158352 0.03678295 0.03885208 0.03661091 0.05869348
0.03158352 0.03678295 0.03885208 0.03661091 0.05869348
0.03158352 0.03678295 0.03885208 0.03661091 0.05869348
0.03158352 0.03678295 0.03885208 0.03661091 0.05869348
0.03158352 0.03678295 0.03885208 0.03661091 0.05869348
0.03158352 0.03678295 0.03885208 0.03661091 0.05869348
0.03158352 0.03678295 0.03885208 0.03661091 0.05869348
0.03158352 0.03678295 0.03885208 0.03661091 0.05869348
0.03158352 0.03678295 0.03885208 0.03661091 0.05869348
0.05113914 0.07335961 0.08018645 0.05075677 0.04523488
0.05113914 0.07335961 0.08018645 0.05075677 0.04523488
0.05135916 0.07399143 0.09618136 0.05381482 0.04491200
0.05135916 0.07399143 0.09618136 0.05381482 0.04491200
0.05135916 0.07399143 0.09618136 0.05381482 0.04491200
0.05135916 0.07399143 0.09618136 0.05381482 0.04491200
0.05135916 0.07399143 0.09618136 0.05381482 0.04491200
0.05135916 0.07399143 0.09618136 0.05381482 0.04491200
0.05135916 0.07399143 0.09618136 0.05381482 0.04491200
0.05135916 0.07399143 0.09618136 0.05381482 0.04491200
0.05135916 0.07399143 0.09618136 0.05381482 0.04491200
0.05135916 0.07399143 0.09618136 0.05381482 0.04491200
0.05135916 0.07399143 0.09618136 0.05381482 0.04491200
0.05135916 0.07399143 0.09618136 0.05381482 0.04491200
0.05135916 0.07399143 0.09618136 0.05381482 0.04491200
0.05135916 0.07399143 0.09618136 0.05381482 0.04491200
0.05135916 0.07399143 0.09618136 0.05381482 0.04491200
0.05135916 0.07399143 0.09618136 0.05381482 0.04491200
0.05135916 0.07399143 0.09618136 0.05381482 0.04491200
0.05135916 0.07399143 0.09618136 0.05381482 0.04491200
0.05135916 0.07399143 0.09618136 0.05381482 0.04491200
0.05135916 0.07399143 0.09618136 0.05381482 0.04491200
0.05135916 0.07399143 0.09618136 0.05381482 0.04491200
0.05135916 0.07399143 0.09618136 0.05381482 0.04491200
0.05135916 0.07399143 0.09618136 0.05381482 0.04491200
0.05135916 0.07399143 0.09618136 0.05381482 0.04491200
0.05135916 0.07399143 0.09618136 0.05381482 0.04491200
0.05135916 0.07399143 0.09618136 0.05381482 0.04491200
0.05135916 0.07399143 0.09618136 0.05381482 0.04491200
0.05135916 0.07399143 0.09618136 0.05381482 0.04491200
0.05135916 0.07399143 0.09618136 0.05381482 0.04491200
0.05135916 0.07399143 0.09618136 0.05381482 0.04491200
0.05135916 0.07399143 0.09618136 0.05381482 0.04491200
0.05135916 0.07399143 0.09618136 0.05381482 0.04491200
0.05135916 0.07399143 0.09618136 0.05381482 0.04491200
0.05135916 0.07399143 0.09618136 0.05381482 0.04491200
0.05135916 0.07399143 0.09618136 0.05381482 0.04491200
0.05135916 0.07399143 0.09618136 0.05381482 0.04491200
0.05135916 0.07399143 0.09618136 0.05381482 0.04491200
0.05135916 0.07399143 0.09618136 0.05381482 0.04491200
0.07873177 0.04853487 0.05448770 0.04218548 0.06751098
0.08336154 0.04285341 0.05525105 0.04046032 0.06502576
0.08209354 0.04289349 0.05344572 0.04245877 0.06725347
0.08761881 0.03804845 0.05357096 0.04295785 0.07143038
0.08761881 0.03804845 0.05357096 0.04295785 0.07143038
0.08761881 0.03804845 0.05357096 0.04295785 0.07143038
0.08761881 0.03804845 0.05357096 0.04295785 0.07143038
0.08761881 0.03804845 0.05357096 0.04295785 0.07143038
0.08761881 0.03804845 0.05357096 0.04295785 0.07143038
0.08761881 0.03804845 0.05357096 0.04295785 0.07143038
0.08761881 0.03804845 0.05357096 0.04295785 0.07143038
0.08761881 0.03804845 0.05357096 0.04295785 0.07143038
0.08761881 0.03804845 0.05357096 0.04295785 0.07143038
0.08761881 0.03804845 0.05357096 0.04295785 0.07143038
0.08761881 0.03804845 0.05357096 0.04295785 0.07143038
0.08761881 0.03804845 0.05357096 0.04295785 0.07143038
0.08761881 0.03804845 0.05357096 0.04295785 0.07143038
0.08761881 0.03804845 0.05357096 0.04295785 0.07143038
0.08761881 0.03804845 0.05357096 0.04295785 0.07143038
0.08761881 0.03804845 0.05357096 0.04295785 0.07143038
0.08761881 0.03804845 0.05357096 0.04295785 0.07143038
0.08761881 0.03804845 0.05357096 0.04295785 0.07143038
0.08761881 0.03804845 0.05357096 0.04295785 0.07143038
0.08761881 0.03804845 0.05357096 0.04295785 0.07143038
0.08761881 0.03804845 0.05357096 0.04295785 0.07143038
0.08761881 0.03804845 0.05357096 0.04295785 0.07143038
0.08761881 0.03804845 0.05357096 0.04295785 0.07143038
0.08761881 0.03804845 0.05357096 0.04295785 0.07143038
0.08761881 0.03804845 0.05357096 0.04295785 0.07143038
0.08761881 0.03804845 0.05357096 0.04295785 0.07143038
0.08761881 0.03804845 0.05357096 0.04295785 0.07143038
0.08761881 0.03804845 0.05357096 0.04295785 0.07143038
0.08761881 0.03804845 0.05357096 0.04295785 0.07143038
0.08761881 0.03804845 0.05357096 0.04295785 0.07143038
0.08761881 0.03804845 0.05357096 0.04295785 0.07143038
0.08761881 0.03804845 0.05357096 0.04295785 0.07143038
0.08761881 0.03804845 0.05357096 0.04295785 0.07143038
0.08761881 0.03804845 0.05357096 0.04295785 0.07143038
0.08761881 0.03804845 0.05357096 0.04295785 0.07143038
0.08761881 0.03804845 0.05357096 0.04295785 0.07143038
0.04168403 0.03484037 0.06564348 0.09911650 0.06540062
0.04173010 0.03490243 0.05428705 0.08388749 0.05612052
0.04173010 0.03490243 0.05428705 0.08388749 0.05612052
0.04204155 0.04366548 0.05011726 0.08468022 0.06043540
0.04204155 0.04366548 0.05011726 0.08468022 0.06043540
0.04204155 0.04366548 0.05011726 0.08468022 0.06043540
0.04204155 0.04366548 0.05011726 0.08468022 0.06043540
0.04204155 0.04366548 0.05011726 0.08468022 0.06043540
