0.00000000 0.00000000 0.00000000 0.00000000 0.00000000
0.00000000 0.00000000 0.00000000 0.00000000 0.00000000
0.00000000 0.00000000 0.00000000 0.00000000 0.00000000
0.48826704 0.38981562 0.45094358 0.31480425 0.38793243
0.49224490 0.38796971 0.44486656 0.31284426 0.38358889
0.49224490 0.38796971 0.44486656 0.31284426 0.38358889
0.49224490 0.38796971 0.44486656 0.31284426 0.38358889
0.29815956 0.42886499 0.38820282 0.49919696 0.36878059
0.29880019 0.42877172 0.38473722 0.49161595 0.37858942
0.29768401 0.43424654 0.38613648 0.49519133 0.38551746
0.29878424 0.43697646 0.38907363 0.48466614 0.38084068
0.30026555 0.43792749 0.38987298 0.47552620 0.37393394
0.27022939 0.25740845 0.34138129 0.35221552 0.27124688
0.26887323 0.25511469 0.34175645 0.35009529 0.27143490
0.26431751 0.25947826 0.34571219 0.34874156 0.27526022
0.26769111 0.26406999 0.34560228 0.34977061 0.27146196
0.26520467 0.26708829 0.34848018 0.35244448 0.27419830
0.26520467 0.26708829 0.34848018 0.35244448 0.27419830
0.26520467 0.26708829 0.34848018 0.35244448 0.27419830
0.26520467 0.26708829 0.34848018 0.35244448 0.27419830
0.26520467 0.26708829 0.34848018 0.35244448 0.27419830
0.26520467 0.26708829 0.34848018 0.35244448 0.27419830
0.26520467 0.26708829 0.34848018 0.35244448 0.27419830
0.24356420 0.43173399 0.35506554 0.31475964 0.22184964
0.24724012 0.42321332 0.35148028 0.30826665 0.22739442
0.24724012 0.42321332 0.35148028 0.30826665 0.22739442
0.24724012 0.42321332 0.35148028 0.30826665 0.22739442
0.24724012 0.42321332 0.35148028 0.30826665 0.22739442
0.24724012 0.42321332 0.35148028 0.30826665 0.22739442
0.24724012 0.42321332 0.35148028 0.30826665 0.22739442
0.24724012 0.42321332 0.35148028 0.30826665 0.22739442
0.24724012 0.42321332 0.35148028 0.30826665 0.22739442
0.24724012 0.42321332 0.35148028 0.30826665 0.22739442
0.24724012 0.42321332 0.35148028 0.30826665 0.22739442
0.24724012 0.42321332 0.35148028 0.30826665 0.22739442
0.24724012 0.42321332 0.35148028 0.30826665 0.22739442
0.24724012 0.42321332 0.35148028 0.30826665 0.22739442
0.24724012 0.42321332 0.35148028 0.30826665 0.22739442
0.24724012 0.42321332 0.35148028 0.30826665 0.22739442
0.24724012 0.42321332 0.35148028 0.30826665 0.22739442
0.24724012 0.42321332 0.35148028 0.30826665 0.22739442
0.24724012 0.42321332 0.35148028 0.30826665 0.22739442
0.24724012 0.42321332 0.35148028 0.30826665 0.22739442
0.24724012 0.42321332 0.35148028 0.30826665 0.22739442
0.24724012 0.42321332 0.35148028 0.30826665 0.22739442
0.24724012 0.42321332 0.35148028 0.30826665 0.22739442
0.24724012 0.42321332 0.35148028 0.30826665 0.22739442
0.24724012 0.42321332 0.35148028 0.30826665 0.22739442
0.24724012 0.42321332 0.35148028 0.30826665 0.22739442
0.24724012 0.42321332 0.35148028 0.30826665 0.22739442
0.24724012 0.42321332 0.35148028 0.30826665 0.22739442
0.24724012 0.42321332 0.35148028 0.30826665 0.22739442
0.24724012 0.42321332 0.35148028 0.30826665 0.22739442
0.24724012 0.42321332 0.35148028 0.30826665 0.22739442
0.24724012 0.42321332 0.35148028 0.30826665 0.22739442
0.24724012 0.42321332 0.35148028 0.30826665 0.22739442
0.24724012 0.42321332 0.35148028 0.30826665 0.22739442
0.24724012 0.42321332 0.35148028 0.30826665 0.22739442
0.24724012 0.42321332 0.35148028 0.30826665 0.22739442
0.24724012 0.42321332 0.35148028 0.30826665 0.22739442
0.24724012 0.42321332 0.35148028 0.30826665 0.22739442
0.24724012 0.42321332 0.35148028 0.30826665 0.22739442
0.24724012 0.42321332 0.35148028 0.30826665 0.22739442
0.24724012 0.42321332 0.35148028 0.30826665 0.22739442
0.24724012 0.42321332 0.35148028 0.30826665 0.22739442
0.24724012 0.42321332 0.35148028 0.30826665 0.22739442
0.24724012 0.42321332 0.35148028 0.30826665 0.22739442
0.20443082 0.16246212 0.13321772 0.16755472 0.16411512
0.14138103 0.11019058 0.08823321 0.12757954 0.11482804
0.13833230 0.11482896 0.09091327 0.12081542 0.11228788
0.14331216 0.11517576 0.09302312 0.11961209 0.11127194
0.14331216 0.11517576 0.09302312 0.11961209 0.11127194
0.14098573 0.10944957 0.09373739 0.11113727 0.10214490
0.14092511 0.12243325 0.10142876 0.11813337 0.11247934
0.14092511 0.12243325 0.10142876 0.11813337 0.11247934
0.15410770 0.11418206 0.09093199 0.10937987 0.10611450
0.15410770 0.11418206 0.09093199 0.10937987 0.10611450
0.15998880 0.09499841 0.08265784 0.11854844 0.09979827
0.15359758 0.10279869 0.08257675 0.11035469 0.10455852
0.15359758 0.10279869 0.08257675 0.11035469 0.10455852
0.15359758 0.10279869 0.08257675 0.11035469 0.10455852
0.10496574 0.08942842 0.07220315 0.08996029 0.08095069
0.10496574 0.08942842 0.07220315 0.08996029 0.08095069
0.10496574 0.08942842 0.07220315 0.08996029 0.08095069
0.10496574 0.08942842 0.07220315 0.08996029 0.08095069
0.10341108 0.08859346 0.08352173 0.08318928 0.08369775
0.06915312 0.07865219 0.05410987 0.06944140 0.05657001
0.06915312 0.07865219 0.05410987 0.06944140 0.05657001
0.06915312 0.07865219 0.05410987 0.06944140 0.05657001
0.06540221 0.09429449 0.04959239 0.08075115 0.05282268
0.06540221 0.09429449 0.04959239 0.08075115 0.05282268
0.06540221 0.09429449 0.04959239 0.08075115 0.05282268
0.06540221 0.09429449 0.04959239 0.08075115 0.05282268
0.06128649 0.09630501 0.04483567 0.07758864 0.05530535
0.06128649 0.09630501 0.04483567 0.07758864 0.05530535
0.07085884 0.10758318 0.04698017 0.07800333 0.06042936
0.07450504 0.10034572 0.04597786 0.08498384 0.06948132
0.07450504 0.10034572 0.04597786 0.08498384 0.06948132
0.07624535 0.10757265 0.04479646 0.08756416 0.06041130
0.07624535 0.10757265 0.04479646 0.08756416 0.06041130
0.07624535 0.10757265 0.04479646 0.08756416 0.06041130
0.07624535 0.10757265 0.04479646 0.08756416 0.06041130
0.07339017 0.10079863 0.04321973 0.08465031 0.05603789
0.05382169 0.04446050 0.04027637 0.04988520 0.04915546
0.05382169 0.04446050 0.04027637 0.04988520 0.04915546
0.05382169 0.04446050 0.04027637 0.04988520 0.04915546
0.05382169 0.04446050 0.04027637 0.04988520 0.04915546
0.05382169 0.04446050 0.04027637 0.04988520 0.04915546
0.05382169 0.04446050 0.04027637 0.04988520 0.04915546
0.05360124 0.04065754 0.03994879 0.05012617 0.04479363
0.05360124 0.04065754 0.03994879 0.05012617 0.04479363
0.05360124 0.04065754 0.03994879 0.05012617 0.04479363
0.05360124 0.04065754 0.03994879 0.05012617 0.04479363
0.06767678 0.04037999 0.04100432 0.04660667 0.04481108
0.07023593 0.04365017 0.04600173 0.05020537 0.04819588
0.07023593 0.04365017 0.04600173 0.05020537 0.04819588
0.07023593 0.04365017 0.04600173 0.05020537 0.04819588
0.07023593 0.04365017 0.04600173 0.05020537 0.04819588
0.07023593 0.04365017 0.04600173 0.05020537 0.04819588
0.07023593 0.04365017 0.04600173 0.05020537 0.04819588
0.07023593 0.04365017 0.04600173 0.05020537 0.04819588
0.07023593 0.04365017 0.04600173 0.05020537 0.04819588
0.05890601 0.04215300 0.04086576 0.04887001 0.04742032
0.04330461 0.04322573 0.03950278 0.06196784 0.04256685
0.04330461 0.04322573 0.03950278 0.06196784 0.04256685
0.04294553 0.04148526 0.03917449 0.06650527 0.04219667
0.04294553 0.04148526 0.03917449 0.06650527 0.04219667
0.04294553 0.04148526 0.03917449 0.06650527 0.04219667
0.04100149 0.04726758 0.03963831 0.08347866 0.04226243
0.04100149 0.04726758 0.03963831 0.08347866 0.04226243
0.04076514 0.04999692 0.04445780 0.08632469 0.04229442
0.04076514 0.04999692 0.04445780 0.08632469 0.04229442
0.04076514 0.04999692 0.04445780 0.08632469 0.04229442
0.04076514 0.04999692 0.04445780 0.08632469 0.04229442
0.04076514 0.04999692 0.04445780 0.08632469 0.04229442
0.03889203 0.03881803 0.03951380 0.05818827 0.04138746
0.03875935 0.03812088 0.04074228 0.06395700 0.04323562
0.03750242 0.03847082 0.04172670 0.06823297 0.04308753
0.03834026 0.03766277 0.04164149 0.06185225 0.04722068
0.03834026 0.03766277 0.04164149 0.06185225 0.04722068
0.03824399 0.03788208 0.05068760 0.05519398 0.05122492
0.03824399 0.03788208 0.05068760 0.05519398 0.05122492
0.03940129 0.03791446 0.04760619 0.06164369 0.04785850
0.03940129 0.03791446 0.04760619 0.06164369 0.04785850
0.03940129 0.03791446 0.04760619 0.06164369 0.04785850
0.03861563 0.03971235 0.04621652 0.05811542 0.05189925
0.03861563 0.03971235 0.04621652 0.05811542 0.05189925
0.03861563 0.03971235 0.04621652 0.05811542 0.05189925
0.03861563 0.03971235 0.04621652 0.05811542 0.05189925
0.03861563 0.03971235 0.04621652 0.05811542 0.05189925
0.03770003 0.03766906 0.04970378 0.03949164 0.05339081
0.04143013 0.04009715 0.04333837 0.04049089 0.04556167
0.04143013 0.04009715 0.04333837 0.04049089 0.04556167
0.04143013 0.04009715 0.04333837 0.04049089 0.04556167
0.03977433 0.03860262 0.04283340 0.04035513 0.04560296
0.04365904 0.03842160 0.04278374 0.04077005 0.04848587
0.03949915 0.03802961 0.04846761 0.04063923 0.04421481
0.03776351 0.03767151 0.04896419 0.04001726 0.04498364
0.03701898 0.03926606 0.04462745 0.04089221 0.04509501
0.03697042 0.03792663 0.04675990 0.04066247 0.04820827
0.03697042 0.03792663 0.04675990 0.04066247 0.04820827
0.03795537 0.03797084 0.04813347 0.04310841 0.04579056
0.03703512 0.03779082 0.04899254 0.04507725 0.05939919
0.03703512 0.03779082 0.04899254 0.04507725 0.05939919
0.04142453 0.03818943 0.04939337 0.04834428 0.05792211
0.04264937 0.03837364 0.04496529 0.04606995 0.05211882
0.03986548 0.03905228 0.04457365 0.04922965 0.04583545
0.03856938 0.03943230 0.04087916 0.05655917 0.04536566
0.03774215 0.03940299 0.03994290 0.06162276 0.04452722
0.03763888 0.03901275 0.03967304 0.06821822 0.04909841
0.03817077 0.03884847 0.03942870 0.07033908 0.05254103
0.03817077 0.03884847 0.03942870 0.07033908 0.05254103
0.03817077 0.03884847 0.03942870 0.07033908 0.05254103
0.03912475 0.03911680 0.04037424 0.08553179 0.05506137
0.03912475 0.03911680 0.04037424 0.08553179 0.05506137
0.03815926 0.03936453 0.04133175 0.04496165 0.04259289
0.03714111 0.03885417 0.04388789 0.04205829 0.04646448
0.03816282 0.03781044 0.04648083 0.04267620 0.04896054
0.04148362 0.03754120 0.05365740 0.04515274 0.05392957
0.04601043 0.03687524 0.04647936 0.04334030 0.04214045
0.04275010 0.03880810 0.04473460 0.04506047 0.04141764
0.04180799 0.03917982 0.04851276 0.04041931 0.04178317
0.04180799 0.03917982 0.04851276 0.04041931 0.04178317
0.04180799 0.03917982 0.04851276 0.04041931 0.04178317
0.04180799 0.03917982 0.04851276 0.04041931 0.04178317
0.04613827 0.04077102 0.05602985 0.04079432 0.04447782
0.04613827 0.04077102 0.05602985 0.04079432 0.04447782
0.04499841 0.03892966 0.05653184 0.04192893 0.04182081
0.04499841 0.03892966 0.05653184 0.04192893 0.04182081
0.05203598 0.03933484 0.06185551 0.03988976 0.04268391
0.04704603 0.04081654 0.05802272 0.03927864 0.04122966
0.05218368 0.04524235 0.06478972 0.03957377 0.04175070
0.05218368 0.04524235 0.06478972 0.03957377 0.04175070
0.05218368 0.04524235 0.06478972 0.03957377 0.04175070
0.05218368 0.04524235 0.06478972 0.03957377 0.04175070
0.05985453 0.04843478 0.06337784 0.04110703 0.04336859
0.05432549 0.05329007 0.07666330 0.04401457 0.04166719
0.05059116 0.04872192 0.06458274 0.03934534 0.04213769
0.05059116 0.04872192 0.06458274 0.03934534 0.04213769
0.05059116 0.04872192 0.06458274 0.03934534 0.04213769
0.05059116 0.04872192 0.06458274 0.03934534 0.04213769
0.05059116 0.04872192 0.06458274 0.03934534 0.04213769
0.05059116 0.04872192 0.06458274 0.03934534 0.04213769
0.05560943 0.05134069 0.07251311 0.04338722 0.04091480
0.05560943 0.05134069 0.07251311 0.04338722 0.04091480
0.05560943 0.05134069 0.07251311 0.04338722 0.04091480
0.05560943 0.05134069 0.07251311 0.04338722 0.04091480
0.06389497 0.03971609 0.07084328 0.04240239 0.04405370
0.06389497 0.03971609 0.07084328 0.04240239 0.04405370
0.06389497 0.03971609 0.07084328 0.04240239 0.04405370
0.06389497 0.03971609 0.07084328 0.04240239 0.04405370
0.06389497 0.03971609 0.07084328 0.04240239 0.04405370
0.05941511 0.03942828 0.06751072 0.04231355 0.04517293
0.05941511 0.03942828 0.06751072 0.04231355 0.04517293
0.06372264 0.03804904 0.06532475 0.04707073 0.04108848
0.06372264 0.03804904 0.06532475 0.04707073 0.04108848
0.06372264 0.03804904 0.06532475 0.04707073 0.04108848
0.06372264 0.03804904 0.06532475 0.04707073 0.04108848
0.06353021 0.03736096 0.07141952 0.05209377 0.04103772
0.07494314 0.03772522 0.06577475 0.06183796 0.04388653
0.07494314 0.03772522 0.06577475 0.06183796 0.04388653
0.07494314 0.03772522 0.06577475 0.06183796 0.04388653
0.07494314 0.03772522 0.06577475 0.06183796 0.04388653
0.08111656 0.03729093 0.06862202 0.06264073 0.04569298
0.07667877 0.03773311 0.06107446 0.05289388 0.04462127
0.07667877 0.03773311 0.06107446 0.05289388 0.04462127
0.04867769 0.03793062 0.04664002 0.04439436 0.04288398
0.04867769 0.03793062 0.04664002 0.04439436 0.04288398
0.04867769 0.03793062 0.04664002 0.04439436 0.04288398
0.04867769 0.03793062 0.04664002 0.04439436 0.04288398
0.04433952 0.03784817 0.05266064 0.04259794 0.04731935
0.04759785 0.03874701 0.05038705 0.04796366 0.04189806
0.04929654 0.03759212 0.05478343 0.04787537 0.04175945
0.04929654 0.03759212 0.05478343 0.04787537 0.04175945
0.04929654 0.03759212 0.05478343 0.04787537 0.04175945
0.04929654 0.03759212 0.05478343 0.04787537 0.04175945
0.04929654 0.03759212 0.05478343 0.04787537 0.04175945
0.04929654 0.03759212 0.05478343 0.04787537 0.04175945
0.06014651 0.03842171 0.04891047 0.05219462 0.04178798
0.06106374 0.03783959 0.05516694 0.05206797 0.04201228
0.05414778 0.04353979 0.04994063 0.04710682 0.04463958
0.05414778 0.04353979 0.04994063 0.04710682 0.04463958
0.05414778 0.04353979 0.04994063 0.04710682 0.04463958
0.04939550 0.04390691 0.05747884 0.04691060 0.04821392
0.04918352 0.04576483 0.06117128 0.04354644 0.05248387
0.04918352 0.04576483 0.06117128 0.04354644 0.05248387
0.04339569 0.04181185 0.07733158 0.04707401 0.06249090
0.04459772 0.05177370 0.06470641 0.05232462 0.06770745
0.04414645 0.04439564 0.06021204 0.05268604 0.06182391
0.04414645 0.04439564 0.06021204 0.05268604 0.06182391
0.04414645 0.04439564 0.06021204 0.05268604 0.06182391
0.04414645 0.04439564 0.06021204 0.05268604 0.06182391
0.05198906 0.04478692 0.05693880 0.05640753 0.06320544
0.05639737 0.04625474 0.05845050 0.06880527 0.05979476
0.05639737 0.04625474 0.05845050 0.06880527 0.05979476
0.05639737 0.04625474 0.05845050 0.06880527 0.05979476
0.05214085 0.04449347 0.06314781 0.07728590 0.06223865
0.05375821 0.04712696 0.06079222 0.07285508 0.06963820
0.05183051 0.04385347 0.05038766 0.06992717 0.08396458
0.04771800 0.04773515 0.04159109 0.06822974 0.07308145
0.04771800 0.04773515 0.04159109 0.06822974 0.07308145
0.05456142 0.04586252 0.03775352 0.07432398 0.06203267
0.05456142 0.04586252 0.03775352 0.07432398 0.06203267
0.05456142 0.04586252 0.03775352 0.07432398 0.06203267
0.03612950 0.04059066 0.03746906 0.04037229 0.04235058
0.03612950 0.04059066 0.03746906 0.04037229 0.04235058
0.03819870 0.05265268 0.03748338 0.04388376 0.04287067
0.03819870 0.05265268 0.03748338 0.04388376 0.04287067
0.04095452 0.05409138 0.03829891 0.04353917 0.04370764
0.04095452 0.05409138 0.03829891 0.04353917 0.04370764
0.03888783 0.05061578 0.03751799 0.04388360 0.04382512
0.03874585 0.05191658 0.03743689 0.04045015 0.04245885
0.03853809 0.05343076 0.03794792 0.04483121 0.04320763
0.03853809 0.05343076 0.03794792 0.04483121 0.04320763
0.03853809 0.05343076 0.03794792 0.04483121 0.04320763
0.03828226 0.05363178 0.03844687 0.04194818 0.04276515
0.03887658 0.05308198 0.03927256 0.04134415 0.04205622
0.04094555 0.06255300 0.04771578 0.04880817 0.04146512
0.04094555 0.06255300 0.04771578 0.04880817 0.04146512
0.04080174 0.05752628 0.05068902 0.05237082 0.04184684
0.04257739 0.06000159 0.05948593 0.05449609 0.04209520
0.04257739 0.06000159 0.05948593 0.05449609 0.04209520
0.04008775 0.06231550 0.06674062 0.05208124 0.04059817
0.04368590 0.06419272 0.06499518 0.05038424 0.04152125
0.04368590 0.06419272 0.06499518 0.05038424 0.04152125
0.04443784 0.06782293 0.07187866 0.05598399 0.04138895
0.04039912 0.07981941 0.07361071 0.05240397 0.04109484
0.03983961 0.07280192 0.07487126 0.05260470 0.04117561
0.03952796 0.07407738 0.06746294 0.04844936 0.04160621
0.03952796 0.07407738 0.06746294 0.04844936 0.04160621
0.03941784 0.07165560 0.06265696 0.04631832 0.04815627
0.03727773 0.03711977 0.04417919 0.03896458 0.04153013
0.03694574 0.03706207 0.04328681 0.03861287 0.04082383
0.03694574 0.03706207 0.04328681 0.03861287 0.04082383
0.03694574 0.03706207 0.04328681 0.03861287 0.04082383
0.03724037 0.03733784 0.04248975 0.03908753 0.04242426
0.03724037 0.03733784 0.04248975 0.03908753 0.04242426
0.03727803 0.03794601 0.04043342 0.03852129 0.04175763
0.03728469 0.03751149 0.04511261 0.03888742 0.04068710
0.04111888 0.03771158 0.04625004 0.03917580 0.04158989
0.04111888 0.03771158 0.04625004 0.03917580 0.04158989
0.04111888 0.03771158 0.04625004 0.03917580 0.04158989
0.03700289 0.03777033 0.04467682 0.03890823 0.04021646
0.03700289 0.03777033 0.04467682 0.03890823 0.04021646
0.03700289 0.03777033 0.04467682 0.03890823 0.04021646
0.03700289 0.03777033 0.04467682 0.03890823 0.04021646
0.03689637 0.03882166 0.04893845 0.03863088 0.04081957
0.03729340 0.03739269 0.04689726 0.03905584 0.04043926
0.03788548 0.03740759 0.04126217 0.03850117 0.04042922
0.03788548 0.03740759 0.04126217 0.03850117 0.04042922
0.03682634 0.03717722 0.04667875 0.03824787 0.04055945
0.03615417 0.03844536 0.05375618 0.03852985 0.04128007
0.03776376 0.03811846 0.05784016 0.04361896 0.04268944
0.03617975 0.04071331 0.06300610 0.04616976 0.04183904
0.03617975 0.04071331 0.06300610 0.04616976 0.04183904
0.03617975 0.04071331 0.06300610 0.04616976 0.04183904
0.03617975 0.04071331 0.06300610 0.04616976 0.04183904
0.03617975 0.04071331 0.06300610 0.04616976 0.04183904
0.03617975 0.04071331 0.06300610 0.04616976 0.04183904
0.04430754 0.03830685 0.04035577 0.04021738 0.04948234
0.04430754 0.03830685 0.04035577 0.04021738 0.04948234
0.04430754 0.03830685 0.04035577 0.04021738 0.04948234
0.04750869 0.03775174 0.04666983 0.04437741 0.04724477
0.04750869 0.03775174 0.04666983 0.04437741 0.04724477
0.04750869 0.03775174 0.04666983 0.04437741 0.04724477
0.04622641 0.03729343 0.04387478 0.04420093 0.04351037
0.04622641 0.03729343 0.04387478 0.04420093 0.04351037
0.04622641 0.03729343 0.04387478 0.04420093 0.04351037
0.05045796 0.04113468 0.04867361 0.04425692 0.05210601
0.05045796 0.04113468 0.04867361 0.04425692 0.05210601
0.05045796 0.04113468 0.04867361 0.04425692 0.05210601
0.05045796 0.04113468 0.04867361 0.04425692 0.05210601
0.05045796 0.04113468 0.04867361 0.04425692 0.05210601
0.05390575 0.03885212 0.04894540 0.04983562 0.05545263
0.05390575 0.03885212 0.04894540 0.04983562 0.05545263
0.05899607 0.04601757 0.06300900 0.05823263 0.07217988
0.05899607 0.04601757 0.06300900 0.05823263 0.07217988
0.05702941 0.04752558 0.06131279 0.05859592 0.06529323
0.05081993 0.04228517 0.05993585 0.05076695 0.07227916
0.05081993 0.04228517 0.05993585 0.05076695 0.07227916
0.05081993 0.04228517 0.05993585 0.05076695 0.07227916
0.05046002 0.04340839 0.06533637 0.05111662 0.06212905
0.05412318 0.04701357 0.05831431 0.04712757 0.06027928
0.05412318 0.04701357 0.05831431 0.04712757 0.06027928
0.06331728 0.04560884 0.06287361 0.05094148 0.06774152
0.06331728 0.04560884 0.06287361 0.05094148 0.06774152
0.06331728 0.04560884 0.06287361 0.05094148 0.06774152
0.06331728 0.04560884 0.06287361 0.05094148 0.06774152
0.06562335 0.04370375 0.06630964 0.04674179 0.05823448
0.06997526 0.04304416 0.06643761 0.04068962 0.05567042
0.03499743 0.03866096 0.03980918 0.03871971 0.04176137
0.03499743 0.03866096 0.03980918 0.03871971 0.04176137
0.03499743 0.03866096 0.03980918 0.03871971 0.04176137
0.03485186 0.04367325 0.04019458 0.03921764 0.04392465
0.03485186 0.04367325 0.04019458 0.03921764 0.04392465
0.03426026 0.04631424 0.03970667 0.03837392 0.04531381
0.03443291 0.05066132 0.03816627 0.03808229 0.04242926
0.03443291 0.05066132 0.03816627 0.03808229 0.04242926
0.03494297 0.06529890 0.03976177 0.03857656 0.04080829
0.03603698 0.07028161 0.03826983 0.03865808 0.04065940
0.03603698 0.07028161 0.03826983 0.03865808 0.04065940
0.03603698 0.07028161 0.03826983 0.03865808 0.04065940
0.03603698 0.07028161 0.03826983 0.03865808 0.04065940
0.03603698 0.07028161 0.03826983 0.03865808 0.04065940
0.03638438 0.06858751 0.04191654 0.03930201 0.04157692
0.03704081 0.05714512 0.03872890 0.03898640 0.04233363
0.03537050 0.05375616 0.03869243 0.04155310 0.04199841
0.03537050 0.05375616 0.03869243 0.04155310 0.04199841
0.03537050 0.05375616 0.03869243 0.04155310 0.04199841
0.03537050 0.05375616 0.03869243 0.04155310 0.04199841
0.03537050 0.05375616 0.03869243 0.04155310 0.04199841
0.03537050 0.05375616 0.03869243 0.04155310 0.04199841
0.03537050 0.05375616 0.03869243 0.04155310 0.04199841
0.03537050 0.05375616 0.03869243 0.04155310 0.04199841
0.03537050 0.05375616 0.03869243 0.04155310 0.04199841
0.03537050 0.05375616 0.03869243 0.04155310 0.04199841
0.03537050 0.05375616 0.03869243 0.04155310 0.04199841
0.03876732 0.04650932 0.03798386 0.05289338 0.04168702
0.03876732 0.04650932 0.03798386 0.05289338 0.04168702
0.03970507 0.04919984 0.03986186 0.05633946 0.04163495
0.04302413 0.04925897 0.03971896 0.05337600 0.04133504
0.04302413 0.04925897 0.03971896 0.05337600 0.04133504
0.04302413 0.04925897 0.03971896 0.05337600 0.04133504
0.04302413 0.04925897 0.03971896 0.05337600 0.04133504
0.04532996 0.04942952 0.03908117 0.05396106 0.05051191
0.04532996 0.04942952 0.03908117 0.05396106 0.05051191
0.04467881 0.05215669 0.03983417 0.05174000 0.04949755
0.03680117 0.04343393 0.04315386 0.03947656 0.04325164
0.03680117 0.04343393 0.04315386 0.03947656 0.04325164
0.03838617 0.04222707 0.04663428 0.04000938 0.04186888
0.03993249 0.04420293 0.04288576 0.03873089 0.04210939
0.03993249 0.04420293 0.04288576 0.03873089 0.04210939
0.03993249 0.04420293 0.04288576 0.03873089 0.04210939
0.03993249 0.04420293 0.04288576 0.03873089 0.04210939
0.03993249 0.04420293 0.04288576 0.03873089 0.04210939
0.03993249 0.04420293 0.04288576 0.03873089 0.04210939
0.04160172 0.04695704 0.04875268 0.03983531 0.04766922
0.04160172 0.04695704 0.04875268 0.03983531 0.04766922
0.04160172 0.04695704 0.04875268 0.03983531 0.04766922
0.04160172 0.04695704 0.04875268 0.03983531 0.04766922
0.03989030 0.04729698 0.04531224 0.03872673 0.04344118
0.03989030 0.04729698 0.04531224 0.03872673 0.04344118
0.04378897 0.03848487 0.05873495 0.03881572 0.04832641
0.04378897 0.03848487 0.05873495 0.03881572 0.04832641
0.04378897 0.03848487 0.05873495 0.03881572 0.04832641
0.04678995 0.03762457 0.06940620 0.03905311 0.04961109
0.04078164 0.03836838 0.06639101 0.03970678 0.04727373
0.04078164 0.03836838 0.06639101 0.03970678 0.04727373
0.04082981 0.03822209 0.06303600 0.04146817 0.04330448
0.04168086 0.03765980 0.05520178 0.04104751 0.04222212
0.04168086 0.03765980 0.05520178 0.04104751 0.04222212
0.04723653 0.03818995 0.04297732 0.04279435 0.04021994
0.04723653 0.03818995 0.04297732 0.04279435 0.04021994
0.04436725 0.03901011 0.04074714 0.04134815 0.04166100
0.04426576 0.04093008 0.03803585 0.04178736 0.04142230
0.04246229 0.04042465 0.03820455 0.04612330 0.04257152
0.04246229 0.04042465 0.03820455 0.04612330 0.04257152
0.04184019 0.04158951 0.03751250 0.04578121 0.04067086
0.04184019 0.04158951 0.03751250 0.04578121 0.04067086
0.04184019 0.04158951 0.03751250 0.04578121 0.04067086
0.04641851 0.04329763 0.03650286 0.04415490 0.04118190
0.04641851 0.04329763 0.03650286 0.04415490 0.04118190
0.04641851 0.04329763 0.03650286 0.04415490 0.04118190
0.04641851 0.04329763 0.03650286 0.04415490 0.04118190
0.04641851 0.04329763 0.03650286 0.04415490 0.04118190
0.04641851 0.04329763 0.03650286 0.04415490 0.04118190
0.03745072 0.04304938 0.03878639 0.04283788 0.04021675
0.03485278 0.03941009 0.04141149 0.04541154 0.03967111
0.03485278 0.03941009 0.04141149 0.04541154 0.03967111
0.03485278 0.03941009 0.04141149 0.04541154 0.03967111
0.03453710 0.04081510 0.04093628 0.04893067 0.03883553
0.03656825 0.03860705 0.04339282 0.04569655 0.03964780
0.03387517 0.03918555 0.03749492 0.04592497 0.03938356
0.03638785 0.04657805 0.03580189 0.04964221 0.04104553
0.03676102 0.05712352 0.03562953 0.04959559 0.04465437
0.03676102 0.05712352 0.03562953 0.04959559 0.04465437
0.04209405 0.06106626 0.03589410 0.05591094 0.04458456
0.04209405 0.06106626 0.03589410 0.05591094 0.04458456
0.03327110 0.04036303 0.03727523 0.04722793 0.03887864
0.04307477 0.03829856 0.03615638 0.04508198 0.03929617
0.04309758 0.03780377 0.03551611 0.04739668 0.04060400
0.04347299 0.03862476 0.03580758 0.04416121 0.04291131
0.04347299 0.03862476 0.03580758 0.04416121 0.04291131
0.03949926 0.03645033 0.03665658 0.04213387 0.04528427
0.03949926 0.03645033 0.03665658 0.04213387 0.04528427
0.03949926 0.03645033 0.03665658 0.04213387 0.04528427
0.03949926 0.03645033 0.03665658 0.04213387 0.04528427
0.03949926 0.03645033 0.03665658 0.04213387 0.04528427
0.03902775 0.03853696 0.03983296 0.04333626 0.04146749
0.03902775 0.03853696 0.03983296 0.04333626 0.04146749
0.03902775 0.03853696 0.03983296 0.04333626 0.04146749
0.03902775 0.03853696 0.03983296 0.04333626 0.04146749
0.03982121 0.04042972 0.04490462 0.04745247 0.04847653
0.03982121 0.04042972 0.04490462 0.04745247 0.04847653
0.03982121 0.04042972 0.04490462 0.04745247 0.04847653
0.04115731 0.04604434 0.06020220 0.03927249 0.05704233
0.03640227 0.04661276 0.06436552 0.03858590 0.06127676
0.03640227 0.04661276 0.06436552 0.03858590 0.06127676
0.03544539 0.04388834 0.06331032 0.03816615 0.05646006
0.03544539 0.04388834 0.06331032 0.03816615 0.05646006
0.03544539 0.04388834 0.06331032 0.03816615 0.05646006
0.03424721 0.04507206 0.07085888 0.03882906 0.05753993
0.03424721 0.04507206 0.07085888 0.03882906 0.05753993
0.03342547 0.04151524 0.06765794 0.03990619 0.05525696
0.03279449 0.04299563 0.05666886 0.04949938 0.05080563
0.03279449 0.04299563 0.05666886 0.04949938 0.05080563
0.03279449 0.04299563 0.05666886 0.04949938 0.05080563
0.03279449 0.04299563 0.05666886 0.04949938 0.05080563
0.03279449 0.04299563 0.05666886 0.04949938 0.05080563
0.03279449 0.04299563 0.05666886 0.04949938 0.05080563
0.03279449 0.04299563 0.05666886 0.04949938 0.05080563
0.03344896 0.03927704 0.05871096 0.04733080 0.04738787
0.03344896 0.03927704 0.05871096 0.04733080 0.04738787
0.03344896 0.03927704 0.05871096 0.04733080 0.04738787
0.03344896 0.03927704 0.05871096 0.04733080 0.04738787
0.03296806 0.03971438 0.06212272 0.04757445 0.04652698
0.03296806 0.03971438 0.06212272 0.04757445 0.04652698
0.03553002 0.03827163 0.06837757 0.05222329 0.04689548
0.03774098 0.04002840 0.07059734 0.05651916 0.04524309
0.03917220 0.04202776 0.07555329 0.05190542 0.04271363
0.03917220 0.04202776 0.07555329 0.05190542 0.04271363
0.04642617 0.03838918 0.07372286 0.06020329 0.04182827
0.04531751 0.03784278 0.07771311 0.06089484 0.03889655
0.04531751 0.03784278 0.07771311 0.06089484 0.03889655
0.04531751 0.03784278 0.07771311 0.06089484 0.03889655
0.04519050 0.03730846 0.09205490 0.05847370 0.03976570
0.04519050 0.03730846 0.09205490 0.05847370 0.03976570
0.04225192 0.03885235 0.08361595 0.07182287 0.03991375
0.04225192 0.03885235 0.08361595 0.07182287 0.03991375
0.04480083 0.03881583 0.07880212 0.07395978 0.03796125
0.04480083 0.03881583 0.07880212 0.07395978 0.03796125
0.04001702 0.03980721 0.08416754 0.07268801 0.03802607
0.04424951 0.04212649 0.07579544 0.07620075 0.03917448
0.04424951 0.04212649 0.07579544 0.07620075 0.03917448
0.04424951 0.04212649 0.07579544 0.07620075 0.03917448
0.03753477 0.04693688 0.06247856 0.06562083 0.03974135
0.03753477 0.04693688 0.06247856 0.06562083 0.03974135
0.03753477 0.04693688 0.06247856 0.06562083 0.03974135
0.04033480 0.04348701 0.06665745 0.05979809 0.04321170
0.03497926 0.03967288 0.07501981 0.06566198 0.03912352
0.03402485 0.04197545 0.06829771 0.07752122 0.03801024
0.04830011 0.03921818 0.03969665 0.04099053 0.04025964
0.05170422 0.03753061 0.04120120 0.03984711 0.04220249
0.03377559 0.03709616 0.03547641 0.04250403 0.03797581
0.03266363 0.03724646 0.03589722 0.04392724 0.03833014
0.03266363 0.03724646 0.03589722 0.04392724 0.03833014
0.03266363 0.03724646 0.03589722 0.04392724 0.03833014
0.03266363 0.03724646 0.03589722 0.04392724 0.03833014
0.03318383 0.03874888 0.03619024 0.04116735 0.03795172
0.03318383 0.03874888 0.03619024 0.04116735 0.03795172
0.03385779 0.03622755 0.03860609 0.03998720 0.04109139
0.03385779 0.03622755 0.03860609 0.03998720 0.04109139
0.03487796 0.03567578 0.03789212 0.03821729 0.04696186
0.03487796 0.03567578 0.03789212 0.03821729 0.04696186
0.03487796 0.03567578 0.03789212 0.03821729 0.04696186
0.03364758 0.03509320 0.04109602 0.03808400 0.05475949
0.03385984 0.03614704 0.04089291 0.04098029 0.06501589
0.03298195 0.03719317 0.04239991 0.03774827 0.06492267
0.03367800 0.04079534 0.03842030 0.04022261 0.05142090
0.03363550 0.04067562 0.04088525 0.04040819 0.05550828
0.03363550 0.04067562 0.04088525 0.04040819 0.05550828
0.04833549 0.03699111 0.03766978 0.03922768 0.04805109
0.04833549 0.03699111 0.03766978 0.03922768 0.04805109
0.04744212 0.03505702 0.03852127 0.03961354 0.04582782
0.04744212 0.03505702 0.03852127 0.03961354 0.04582782
0.04744212 0.03505702 0.03852127 0.03961354 0.04582782
0.04744212 0.03505702 0.03852127 0.03961354 0.04582782
0.04309048 0.03636878 0.03841022 0.04024890 0.04182000
0.04170886 0.03568407 0.04144213 0.04412292 0.04845346
0.04170886 0.03568407 0.04144213 0.04412292 0.04845346
0.04170886 0.03568407 0.04144213 0.04412292 0.04845346
0.04170886 0.03568407 0.04144213 0.04412292 0.04845346
0.04170886 0.03568407 0.04144213 0.04412292 0.04845346
0.04170886 0.03568407 0.04144213 0.04412292 0.04845346
0.04170886 0.03568407 0.04144213 0.04412292 0.04845346
0.04355881 0.03497677 0.04135292 0.03692951 0.04518790
0.04416477 0.03575070 0.04229194 0.04094519 0.04706782
0.04416477 0.03575070 0.04229194 0.04094519 0.04706782
0.04416477 0.03575070 0.04229194 0.04094519 0.04706782
0.04416477 0.03575070 0.04229194 0.04094519 0.04706782
0.04416477 0.03575070 0.04229194 0.04094519 0.04706782
0.04416477 0.03575070 0.04229194 0.04094519 0.04706782
0.04416477 0.03575070 0.04229194 0.04094519 0.04706782
0.03829588 0.03525543 0.04030064 0.03930065 0.05072498
0.04189892 0.03575267 0.04115977 0.03750561 0.04675905
0.05577046 0.03885404 0.04774575 0.04265450 0.05593228
0.05680070 0.03654116 0.05433798 0.04422592 0.05583695
0.05680070 0.03654116 0.05433798 0.04422592 0.05583695
0.05680070 0.03654116 0.05433798 0.04422592 0.05583695
0.05680070 0.03654116 0.05433798 0.04422592 0.05583695
0.05680070 0.03654116 0.05433798 0.04422592 0.05583695
0.05207988 0.03877121 0.05199528 0.04091158 0.05092839
0.05207988 0.03877121 0.05199528 0.04091158 0.05092839
0.05074526 0.04181463 0.05127120 0.03788439 0.05281982
0.05074526 0.04181463 0.05127120 0.03788439 0.05281982
0.05394795 0.04160987 0.05369937 0.04105855 0.05470106
0.04951981 0.04185273 0.04303189 0.03964292 0.05343321
0.03669923 0.04450174 0.03856170 0.03819247 0.04581727
0.04098613 0.04786054 0.04222854 0.03857145 0.05034993
0.04098613 0.04786054 0.04222854 0.03857145 0.05034993
0.04098613 0.04786054 0.04222854 0.03857145 0.05034993
0.04098613 0.04786054 0.04222854 0.03857145 0.05034993
0.04098613 0.04786054 0.04222854 0.03857145 0.05034993
0.04098613 0.04786054 0.04222854 0.03857145 0.05034993
0.04098613 0.04786054 0.04222854 0.03857145 0.05034993
0.04098613 0.04786054 0.04222854 0.03857145 0.05034993
0.04098613 0.04786054 0.04222854 0.03857145 0.05034993
0.03781729 0.04998208 0.04337320 0.03781334 0.05106366
0.03781729 0.04998208 0.04337320 0.03781334 0.05106366
0.04005862 0.04162372 0.03889408 0.04210288 0.04975682
0.04005862 0.04162372 0.03889408 0.04210288 0.04975682
0.04005862 0.04162372 0.03889408 0.04210288 0.04975682
0.04005862 0.04162372 0.03889408 0.04210288 0.04975682
0.04005862 0.04162372 0.03889408 0.04210288 0.04975682
0.04360713 0.04189785 0.03772263 0.04308512 0.04854609
0.04360713 0.04189785 0.03772263 0.04308512 0.04854609
0.04420155 0.05064057 0.03814685 0.03973960 0.04412785
0.04438863 0.04792603 0.04020271 0.04124634 0.04480738
0.04438863 0.04792603 0.04020271 0.04124634 0.04480738
0.04438863 0.04792603 0.04020271 0.04124634 0.04480738
0.05475058 0.04461901 0.03735626 0.04164140 0.04966508
0.06476140 0.05071029 0.03945781 0.04214878 0.05027758
0.06020182 0.04389925 0.04289795 0.04016492 0.04336573
0.06796456 0.03940621 0.05567788 0.03979278 0.04111212
0.06796456 0.03940621 0.05567788 0.03979278 0.04111212
0.06796456 0.03940621 0.05567788 0.03979278 0.04111212
0.06796456 0.03940621 0.05567788 0.03979278 0.04111212
0.05199468 0.03708255 0.05852107 0.03984674 0.04285300
0.03938315 0.03716852 0.06293350 0.04147344 0.03865569
0.04426518 0.03683810 0.05587914 0.04150126 0.03842589
0.05613658 0.03674784 0.05020838 0.04839018 0.04115834
0.05613658 0.03674784 0.05020838 0.04839018 0.04115834
0.05509928 0.03653898 0.04346902 0.04719328 0.04018630
0.05509928 0.03653898 0.04346902 0.04719328 0.04018630
0.05283909 0.03952314 0.04216927 0.04587402 0.04362488
0.05283909 0.03952314 0.04216927 0.04587402 0.04362488
0.05283909 0.03952314 0.04216927 0.04587402 0.04362488
0.05283909 0.03952314 0.04216927 0.04587402 0.04362488
0.03975676 0.03642289 0.04318132 0.04587582 0.03885403
0.03712064 0.03878384 0.04298014 0.04361296 0.03984443
0.03712064 0.03878384 0.04298014 0.04361296 0.03984443
0.04556573 0.03592086 0.05824698 0.05044383 0.04207233
0.04556573 0.03592086 0.05824698 0.05044383 0.04207233
0.04556573 0.03592086 0.05824698 0.05044383 0.04207233
0.04556573 0.03592086 0.05824698 0.05044383 0.04207233
0.04556573 0.03592086 0.05824698 0.05044383 0.04207233
0.04556573 0.03592086 0.05824698 0.05044383 0.04207233
0.04556573 0.03592086 0.05824698 0.05044383 0.04207233
0.04556573 0.03592086 0.05824698 0.05044383 0.04207233
0.04556573 0.03592086 0.05824698 0.05044383 0.04207233
0.04556573 0.03592086 0.05824698 0.05044383 0.04207233
0.04556573 0.03592086 0.05824698 0.05044383 0.04207233
0.05831911 0.04716559 0.06106197 0.04547848 0.04780957
0.06008911 0.04586138 0.05695564 0.04435976 0.05107762
0.06008911 0.04586138 0.05695564 0.04435976 0.05107762
0.05968962 0.04748963 0.04725353 0.04405147 0.04910111
0.05968962 0.04748963 0.04725353 0.04405147 0.04910111
0.05974697 0.06004808 0.04181886 0.05694553 0.05140652
0.03951070 0.03960649 0.04152060 0.04107220 0.04724448
0.03951070 0.03960649 0.04152060 0.04107220 0.04724448
0.03951070 0.03960649 0.04152060 0.04107220 0.04724448
0.03872101 0.04720774 0.04184367 0.04837808 0.04543757
0.04068814 0.03785271 0.04104197 0.04038037 0.04162872
0.04419209 0.04151064 0.04203634 0.04926425 0.04411733
0.04817858 0.04529629 0.04507791 0.05290072 0.04601746
0.05553986 0.04980139 0.04492069 0.06592441 0.04105445
0.05515125 0.05180786 0.04095789 0.06189892 0.04213096
0.05515125 0.05180786 0.04095789 0.06189892 0.04213096
0.05515125 0.05180786 0.04095789 0.06189892 0.04213096
0.05515125 0.05180786 0.04095789 0.06189892 0.04213096
0.05515125 0.05180786 0.04095789 0.06189892 0.04213096
0.05515125 0.05180786 0.04095789 0.06189892 0.04213096
0.05515125 0.05180786 0.04095789 0.06189892 0.04213096
0.05515125 0.05180786 0.04095789 0.06189892 0.04213096
0.05515125 0.05180786 0.04095789 0.06189892 0.04213096
0.05515125 0.05180786 0.04095789 0.06189892 0.04213096
0.05515125 0.05180786 0.04095789 0.06189892 0.04213096
0.05515125 0.05180786 0.04095789 0.06189892 0.04213096
0.05515125 0.05180786 0.04095789 0.06189892 0.04213096
0.05515125 0.05180786 0.04095789 0.06189892 0.04213096
0.05515125 0.05180786 0.04095789 0.06189892 0.04213096
0.05515125 0.05180786 0.04095789 0.06189892 0.04213096
0.05515125 0.05180786 0.04095789 0.06189892 0.04213096
0.05515125 0.05180786 0.04095789 0.06189892 0.04213096
0.05515125 0.05180786 0.04095789 0.06189892 0.04213096
0.05515125 0.05180786 0.04095789 0.06189892 0.04213096
0.05515125 0.05180786 0.04095789 0.06189892 0.04213096
0.03218457 0.03708805 0.03639775 0.04908945 0.03497529
0.03127817 0.04259002 0.03687743 0.05705261 0.03445846
0.03112687 0.03911587 0.04253574 0.05497211 0.03364736
0.03495093 0.03864916 0.04179543 0.05093004 0.03364492
0.03916320 0.03998082 0.04464224 0.04751443 0.03307214
0.06408823 0.04540130 0.04290575 0.04144095 0.04678561
0.06408823 0.04540130 0.04290575 0.04144095 0.04678561
0.04614174 0.04327043 0.04247484 0.04371628 0.04393359
0.03933057 0.04133417 0.04130716 0.05270339 0.04107094
0.03710774 0.04095135 0.04127031 0.05011493 0.04221982
0.04528912 0.03813191 0.05101382 0.04565185 0.05426943
0.04528912 0.03813191 0.05101382 0.04565185 0.05426943
0.03850332 0.03736275 0.05421156 0.04055900 0.05302063
0.04750077 0.03712414 0.05308490 0.03911709 0.05725993
0.04455982 0.03718385 0.05303226 0.03952090 0.04444166
0.04455982 0.03718385 0.05303226 0.03952090 0.04444166
0.04455982 0.03718385 0.05303226 0.03952090 0.04444166
0.04455982 0.03718385 0.05303226 0.03952090 0.04444166
0.04455982 0.03718385 0.05303226 0.03952090 0.04444166
0.04455982 0.03718385 0.05303226 0.03952090 0.04444166
0.04455982 0.03718385 0.05303226 0.03952090 0.04444166
0.04455982 0.03718385 0.05303226 0.03952090 0.04444166
0.04455982 0.03718385 0.05303226 0.03952090 0.04444166
0.04455982 0.03718385 0.05303226 0.03952090 0.04444166
0.04455982 0.03718385 0.05303226 0.03952090 0.04444166
0.04455982 0.03718385 0.05303226 0.03952090 0.04444166
0.04455982 0.03718385 0.05303226 0.03952090 0.04444166
0.04455982 0.03718385 0.05303226 0.03952090 0.04444166
0.04455982 0.03718385 0.05303226 0.03952090 0.04444166
0.04455982 0.03718385 0.05303226 0.03952090 0.04444166
0.04455982 0.03718385 0.05303226 0.03952090 0.04444166
0.04455982 0.03718385 0.05303226 0.03952090 0.04444166
0.04455982 0.03718385 0.05303226 0.03952090 0.04444166
0.04455982 0.03718385 0.05303226 0.03952090 0.04444166
0.04455982 0.03718385 0.05303226 0.03952090 0.04444166
0.03307154 0.03306716 0.03050030 0.05588972 0.04071662
0.03255670 0.03266633 0.03136943 0.05189140 0.04481143
0.03255670 0.03266633 0.03136943 0.05189140 0.04481143
0.03255670 0.03266633 0.03136943 0.05189140 0.04481143
0.03255670 0.03266633 0.03136943 0.05189140 0.04481143
0.04885415 0.05566458 0.04879119 0.04499681 0.06989825
0.04885415 0.05566458 0.04879119 0.04499681 0.06989825
0.04885415 0.05566458 0.04879119 0.04499681 0.06989825
0.04885415 0.05566458 0.04879119 0.04499681 0.06989825
0.04504533 0.06026251 0.05329048 0.04321219 0.06574544
0.04607150 0.07211485 0.04701903 0.04386916 0.04496533
0.04890825 0.06782146 0.04802923 0.04358138 0.04093428
0.04890825 0.06782146 0.04802923 0.04358138 0.04093428
0.05748340 0.07308311 0.04952240 0.04632379 0.04643519
0.05976209 0.07301457 0.05018730 0.04903741 0.05121533
0.05976209 0.07301457 0.05018730 0.04903741 0.05121533
0.05976209 0.07301457 0.05018730 0.04903741 0.05121533
0.05976209 0.07301457 0.05018730 0.04903741 0.05121533
0.05976209 0.07301457 0.05018730 0.04903741 0.05121533
0.05976209 0.07301457 0.05018730 0.04903741 0.05121533
0.05976209 0.07301457 0.05018730 0.04903741 0.05121533
0.05976209 0.07301457 0.05018730 0.04903741 0.05121533
0.05976209 0.07301457 0.05018730 0.04903741 0.05121533
0.05976209 0.07301457 0.05018730 0.04903741 0.05121533
0.05976209 0.07301457 0.05018730 0.04903741 0.05121533
0.05976209 0.07301457 0.05018730 0.04903741 0.05121533
0.05976209 0.07301457 0.05018730 0.04903741 0.05121533
0.05976209 0.07301457 0.05018730 0.04903741 0.05121533
0.05976209 0.07301457 0.05018730 0.04903741 0.05121533
0.05976209 0.07301457 0.05018730 0.04903741 0.05121533
0.05976209 0.07301457 0.05018730 0.04903741 0.05121533
0.05976209 0.07301457 0.05018730 0.04903741 0.05121533
0.05976209 0.07301457 0.05018730 0.04903741 0.05121533
0.05976209 0.07301457 0.05018730 0.04903741 0.05121533
0.05976209 0.07301457 0.05018730 0.04903741 0.05121533
0.05086279 0.05108866 0.03907711 0.09179302 0.04586059
0.05412797 0.04493578 0.04205185 0.08533753 0.04401722
0.06082894 0.05095289 0.04841472 0.07767912 0.03879539
0.06308709 0.04996829 0.05387654 0.07072069 0.04111371
0.05935888 0.04488778 0.05047801 0.06770913 0.03478863
0.03542382 0.03723850 0.04125625 0.03914284 0.04386686
0.03610279 0.03751906 0.04150176 0.04029185 0.04169623
0.03701021 0.03683828 0.04688192 0.04133066 0.04131613
0.03701021 0.03683828 0.04688192 0.04133066 0.04131613
0.03701021 0.03683828 0.04688192 0.04133066 0.04131613
0.03935185 0.03784687 0.04151780 0.04429726 0.04745396
0.03935185 0.03784687 0.04151780 0.04429726 0.04745396
0.03963938 0.03792819 0.04219099 0.05964226 0.05305511
0.03963938 0.03792819 0.04219099 0.05964226 0.05305511
0.04170313 0.04029841 0.04123202 0.05726668 0.05092741
0.04170313 0.04029841 0.04123202 0.05726668 0.05092741
0.04170313 0.04029841 0.04123202 0.05726668 0.05092741
0.04170313 0.04029841 0.04123202 0.05726668 0.05092741
0.04170313 0.04029841 0.04123202 0.05726668 0.05092741
0.04170313 0.04029841 0.04123202 0.05726668 0.05092741
0.04170313 0.04029841 0.04123202 0.05726668 0.05092741
0.04170313 0.04029841 0.04123202 0.05726668 0.05092741
0.04170313 0.04029841 0.04123202 0.05726668 0.05092741
0.04170313 0.04029841 0.04123202 0.05726668 0.05092741
0.04170313 0.04029841 0.04123202 0.05726668 0.05092741
0.04170313 0.04029841 0.04123202 0.05726668 0.05092741
0.04170313 0.04029841 0.04123202 0.05726668 0.05092741
0.04170313 0.04029841 0.04123202 0.05726668 0.05092741
0.04170313 0.04029841 0.04123202 0.05726668 0.05092741
0.04170313 0.04029841 0.04123202 0.05726668 0.05092741
0.04170313 0.04029841 0.04123202 0.05726668 0.05092741
0.04170313 0.04029841 0.04123202 0.05726668 0.05092741
0.04170313 0.04029841 0.04123202 0.05726668 0.05092741
0.04170313 0.04029841 0.04123202 0.05726668 0.05092741
0.04170313 0.04029841 0.04123202 0.05726668 0.05092741
0.04170313 0.04029841 0.04123202 0.05726668 0.05092741
0.04170313 0.04029841 0.04123202 0.05726668 0.05092741
0.04170313 0.04029841 0.04123202 0.05726668 0.05092741
0.04170313 0.04029841 0.04123202 0.05726668 0.05092741
0.04170313 0.04029841 0.04123202 0.05726668 0.05092741
0.03505682 0.03714740 0.04141132 0.03941723 0.05141682
0.03505682 0.03714740 0.04141132 0.03941723 0.05141682
0.03505682 0.03714740 0.04141132 0.03941723 0.05141682
0.03505682 0.03714740 0.04141132 0.03941723 0.05141682
0.03505682 0.03714740 0.04141132 0.03941723 0.05141682
0.03789277 0.03689122 0.03911619 0.03693342 0.03915652
0.03884413 0.03929803 0.03888531 0.04034304 0.04374223
0.03717987 0.03677128 0.04047608 0.03722797 0.03960842
0.03717987 0.03677128 0.04047608 0.03722797 0.03960842
0.03717987 0.03677128 0.04047608 0.03722797 0.03960842
0.03717987 0.03677128 0.04047608 0.03722797 0.03960842
0.03717987 0.03677128 0.04047608 0.03722797 0.03960842
0.03717987 0.03677128 0.04047608 0.03722797 0.03960842
0.03717987 0.03677128 0.04047608 0.03722797 0.03960842
0.03717987 0.03677128 0.04047608 0.03722797 0.03960842
0.03717987 0.03677128 0.04047608 0.03722797 0.03960842
0.03717987 0.03677128 0.04047608 0.03722797 0.03960842
0.03717987 0.03677128 0.04047608 0.03722797 0.03960842
0.03717987 0.03677128 0.04047608 0.03722797 0.03960842
0.03717987 0.03677128 0.04047608 0.03722797 0.03960842
0.03717987 0.03677128 0.04047608 0.03722797 0.03960842
0.03717987 0.03677128 0.04047608 0.03722797 0.03960842
0.03717987 0.03677128 0.04047608 0.03722797 0.03960842
0.03717987 0.03677128 0.04047608 0.03722797 0.03960842
0.03717987 0.03677128 0.04047608 0.03722797 0.03960842
0.03717987 0.03677128 0.04047608 0.03722797 0.03960842
0.03717987 0.03677128 0.04047608 0.03722797 0.03960842
0.03717987 0.03677128 0.04047608 0.03722797 0.03960842
0.03717987 0.03677128 0.04047608 0.03722797 0.03960842
0.03717987 0.03677128 0.04047608 0.03722797 0.03960842
0.03717987 0.03677128 0.04047608 0.03722797 0.03960842
0.03717987 0.03677128 0.04047608 0.03722797 0.03960842
0.03717987 0.03677128 0.04047608 0.03722797 0.03960842
0.03717987 0.03677128 0.04047608 0.03722797 0.03960842
0.03717987 0.03677128 0.04047608 0.03722797 0.03960842
0.05020595 0.03784264 0.04582058 0.05378126 0.04662642
0.05439863 0.03930785 0.04363901 0.05487134 0.04736180
0.05439863 0.03930785 0.04363901 0.05487134 0.04736180
0.05439863 0.03930785 0.04363901 0.05487134 0.04736180
0.05439863 0.03930785 0.04363901 0.05487134 0.04736180
0.03815540 0.04303817 0.07991714 0.04901944 0.03991701
0.03823254 0.03721270 0.03749055 0.03624370 0.03877558
0.03823254 0.03721270 0.03749055 0.03624370 0.03877558
0.03823254 0.03721270 0.03749055 0.03624370 0.03877558
0.03823254 0.03721270 0.03749055 0.03624370 0.03877558
0.03823254 0.03721270 0.03749055 0.03624370 0.03877558
0.03823254 0.03721270 0.03749055 0.03624370 0.03877558
0.03823254 0.03721270 0.03749055 0.03624370 0.03877558
0.03823254 0.03721270 0.03749055 0.03624370 0.03877558
0.03823254 0.03721270 0.03749055 0.03624370 0.03877558
0.03823254 0.03721270 0.03749055 0.03624370 0.03877558
0.03823254 0.03721270 0.03749055 0.03624370 0.03877558
0.03823254 0.03721270 0.03749055 0.03624370 0.03877558
0.03823254 0.03721270 0.03749055 0.03624370 0.03877558
0.03823254 0.03721270 0.03749055 0.03624370 0.03877558
0.03823254 0.03721270 0.03749055 0.03624370 0.03877558
0.03823254 0.03721270 0.03749055 0.03624370 0.03877558
0.03823254 0.03721270 0.03749055 0.03624370 0.03877558
0.03823254 0.03721270 0.03749055 0.03624370 0.03877558
0.03823254 0.03721270 0.03749055 0.03624370 0.03877558
0.03823254 0.03721270 0.03749055 0.03624370 0.03877558
0.03823254 0.03721270 0.03749055 0.03624370 0.03877558
0.03823254 0.03721270 0.03749055 0.03624370 0.03877558
0.03823254 0.03721270 0.03749055 0.03624370 0.03877558
0.03823254 0.03721270 0.03749055 0.03624370 0.03877558
0.03823254 0.03721270 0.03749055 0.03624370 0.03877558
0.03823254 0.03721270 0.03749055 0.03624370 0.03877558
0.03823254 0.03721270 0.03749055 0.03624370 0.03877558
0.03823254 0.03721270 0.03749055 0.03624370 0.03877558
0.03823254 0.03721270 0.03749055 0.03624370 0.03877558
0.06106881 0.03908455 0.04122326 0.04413790 0.07645235
0.06106881 0.03908455 0.04122326 0.04413790 0.07645235
0.06106881 0.03908455 0.04122326 0.04413790 0.07645235
0.05263148 0.03877855 0.04050349 0.04388192 0.05966697
0.05263148 0.03877855 0.04050349 0.04388192 0.05966697
0.05263148 0.03877855 0.04050349 0.04388192 0.05966697
0.03785939 0.03893516 0.03912340 0.04720325 0.04860242
0.03785939 0.03893516 0.03912340 0.04720325 0.04860242
0.03785939 0.03893516 0.03912340 0.04720325 0.04860242
0.03776530 0.03922851 0.03894239 0.04348740 0.05062424
0.03776530 0.03922851 0.03894239 0.04348740 0.05062424
0.03776530 0.03922851 0.03894239 0.04348740 0.05062424
0.03776530 0.03922851 0.03894239 0.04348740 0.05062424
0.03776530 0.03922851 0.03894239 0.04348740 0.05062424
0.03776530 0.03922851 0.03894239 0.04348740 0.05062424
0.03776530 0.03922851 0.03894239 0.04348740 0.05062424
0.03776530 0.03922851 0.03894239 0.04348740 0.05062424
0.03776530 0.03922851 0.03894239 0.04348740 0.05062424
0.03776530 0.03922851 0.03894239 0.04348740 0.05062424
0.03776530 0.03922851 0.03894239 0.04348740 0.05062424
0.03776530 0.03922851 0.03894239 0.04348740 0.05062424
0.03776530 0.03922851 0.03894239 0.04348740 0.05062424
0.03776530 0.03922851 0.03894239 0.04348740 0.05062424
0.03776530 0.03922851 0.03894239 0.04348740 0.05062424
0.03776530 0.03922851 0.03894239 0.04348740 0.05062424
0.03776530 0.03922851 0.03894239 0.04348740 0.05062424
0.03776530 0.03922851 0.03894239 0.04348740 0.05062424
0.03776530 0.03922851 0.03894239 0.04348740 0.05062424
0.03776530 0.03922851 0.03894239 0.04348740 0.05062424
0.03776530 0.03922851 0.03894239 0.04348740 0.05062424
0.03776530 0.03922851 0.03894239 0.04348740 0.05062424
0.03776530 0.03922851 0.03894239 0.04348740 0.05062424
0.03776530 0.03922851 0.03894239 0.04348740 0.05062424
0.03776530 0.03922851 0.03894239 0.04348740 0.05062424
0.03776530 0.03922851 0.03894239 0.04348740 0.05062424
0.03821245 0.04040607 0.04514405 0.04475202 0.06202163
0.03821245 0.04040607 0.04514405 0.04475202 0.06202163
0.03821245 0.04040607 0.04514405 0.04475202 0.06202163
0.04360415 0.03816897 0.04186243 0.04470637 0.05797755
0.04477975 0.03777446 0.04138072 0.04079959 0.04897426
0.04498016 0.04470217 0.03782446 0.04917671 0.03995435
0.05787699 0.04174782 0.03936161 0.04560672 0.04125657
0.05787699 0.04174782 0.03936161 0.04560672 0.04125657
0.05787699 0.04174782 0.03936161 0.04560672 0.04125657
0.05940082 0.04145101 0.03772510 0.04598607 0.04065397
0.05940082 0.04145101 0.03772510 0.04598607 0.04065397
0.05940082 0.04145101 0.03772510 0.04598607 0.04065397
0.05940082 0.04145101 0.03772510 0.04598607 0.04065397
0.05940082 0.04145101 0.03772510 0.04598607 0.04065397
0.05940082 0.04145101 0.03772510 0.04598607 0.04065397
0.05940082 0.04145101 0.03772510 0.04598607 0.04065397
0.05940082 0.04145101 0.03772510 0.04598607 0.04065397
0.05940082 0.04145101 0.03772510 0.04598607 0.04065397
0.05940082 0.04145101 0.03772510 0.04598607 0.04065397
0.05940082 0.04145101 0.03772510 0.04598607 0.04065397
0.05940082 0.04145101 0.03772510 0.04598607 0.04065397
0.05940082 0.04145101 0.03772510 0.04598607 0.04065397
0.05940082 0.04145101 0.03772510 0.04598607 0.04065397
0.05940082 0.04145101 0.03772510 0.04598607 0.04065397
0.05940082 0.04145101 0.03772510 0.04598607 0.04065397
0.05940082 0.04145101 0.03772510 0.04598607 0.04065397
0.05940082 0.04145101 0.03772510 0.04598607 0.04065397
0.05940082 0.04145101 0.03772510 0.04598607 0.04065397
0.05940082 0.04145101 0.03772510 0.04598607 0.04065397
0.05940082 0.04145101 0.03772510 0.04598607 0.04065397
0.05940082 0.04145101 0.03772510 0.04598607 0.04065397
0.05940082 0.04145101 0.03772510 0.04598607 0.04065397
0.05940082 0.04145101 0.03772510 0.04598607 0.04065397
0.05940082 0.04145101 0.03772510 0.04598607 0.04065397
0.05940082 0.04145101 0.03772510 0.04598607 0.04065397
0.05169262 0.03766647 0.03917561 0.03914957 0.04723826
0.04323007 0.03645716 0.05491095 0.03868666 0.05069045
0.04323007 0.03645716 0.05491095 0.03868666 0.05069045
0.04544052 0.03755528 0.04753934 0.04032541 0.05095163
0.03934346 0.04071228 0.04519233 0.03729986 0.04920279
0.03587632 0.05917309 0.03821823 0.04600313 0.04052130
0.03647619 0.06180784 0.05191766 0.04551213 0.04060679
0.03647619 0.06180784 0.05191766 0.04551213 0.04060679
0.03870093 0.06316329 0.04093610 0.04452155 0.04157691
0.03870093 0.06316329 0.04093610 0.04452155 0.04157691
0.03870093 0.06316329 0.04093610 0.04452155 0.04157691
0.03870093 0.06316329 0.04093610 0.04452155 0.04157691
0.03870093 0.06316329 0.04093610 0.04452155 0.04157691
0.03870093 0.06316329 0.04093610 0.04452155 0.04157691
0.03870093 0.06316329 0.04093610 0.04452155 0.04157691
0.03870093 0.06316329 0.04093610 0.04452155 0.04157691
0.03870093 0.06316329 0.04093610 0.04452155 0.04157691
0.03870093 0.06316329 0.04093610 0.04452155 0.04157691
0.03870093 0.06316329 0.04093610 0.04452155 0.04157691
0.03870093 0.06316329 0.04093610 0.04452155 0.04157691
0.03870093 0.06316329 0.04093610 0.04452155 0.04157691
0.03870093 0.06316329 0.04093610 0.04452155 0.04157691
0.03870093 0.06316329 0.04093610 0.04452155 0.04157691
0.03870093 0.06316329 0.04093610 0.04452155 0.04157691
0.03870093 0.06316329 0.04093610 0.04452155 0.04157691
0.03870093 0.06316329 0.04093610 0.04452155 0.04157691
0.03870093 0.06316329 0.04093610 0.04452155 0.04157691
0.03870093 0.06316329 0.04093610 0.04452155 0.04157691
0.03870093 0.06316329 0.04093610 0.04452155 0.04157691
0.03870093 0.06316329 0.04093610 0.04452155 0.04157691
0.03870093 0.06316329 0.04093610 0.04452155 0.04157691
0.03870093 0.06316329 0.04093610 0.04452155 0.04157691
0.03870093 0.06316329 0.04093610 0.04452155 0.04157691
0.03870093 0.06316329 0.04093610 0.04452155 0.04157691
0.03870093 0.06316329 0.04093610 0.04452155 0.04157691
0.03800768 0.03984548 0.04689373 0.03996941 0.04328528
0.03800768 0.03984548 0.04689373 0.03996941 0.04328528
0.03754669 0.03739520 0.04594591 0.04102481 0.04235414
0.03754669 0.03739520 0.04594591 0.04102481 0.04235414
0.03727508 0.03891714 0.04118230 0.03935982 0.04470311
0.04647933 0.06088212 0.04009466 0.04620987 0.04653628
0.04647933 0.06088212 0.04009466 0.04620987 0.04653628
0.04647933 0.06088212 0.04009466 0.04620987 0.04653628
0.05137924 0.06985659 0.04250888 0.04171168 0.04599307
0.05475801 0.06280912 0.04139599 0.04037017 0.04321089
0.05475801 0.06280912 0.04139599 0.04037017 0.04321089
0.05475801 0.06280912 0.04139599 0.04037017 0.04321089
0.05475801 0.06280912 0.04139599 0.04037017 0.04321089
0.05475801 0.06280912 0.04139599 0.04037017 0.04321089
0.05475801 0.06280912 0.04139599 0.04037017 0.04321089
0.05475801 0.06280912 0.04139599 0.04037017 0.04321089
0.05475801 0.06280912 0.04139599 0.04037017 0.04321089
0.05475801 0.06280912 0.04139599 0.04037017 0.04321089
0.05475801 0.06280912 0.04139599 0.04037017 0.04321089
0.05475801 0.06280912 0.04139599 0.04037017 0.04321089
0.05475801 0.06280912 0.04139599 0.04037017 0.04321089
0.05475801 0.06280912 0.04139599 0.04037017 0.04321089
0.05475801 0.06280912 0.04139599 0.04037017 0.04321089
0.05475801 0.06280912 0.04139599 0.04037017 0.04321089
0.05475801 0.06280912 0.04139599 0.04037017 0.04321089
0.05475801 0.06280912 0.04139599 0.04037017 0.04321089
0.05475801 0.06280912 0.04139599 0.04037017 0.04321089
0.05475801 0.06280912 0.04139599 0.04037017 0.04321089
0.05475801 0.06280912 0.04139599 0.04037017 0.04321089
0.05475801 0.06280912 0.04139599 0.04037017 0.04321089
0.05475801 0.06280912 0.04139599 0.04037017 0.04321089
0.05475801 0.06280912 0.04139599 0.04037017 0.04321089
0.05475801 0.06280912 0.04139599 0.04037017 0.04321089
0.05475801 0.06280912 0.04139599 0.04037017 0.04321089
0.05475801 0.06280912 0.04139599 0.04037017 0.04321089
0.03765639 0.04549125 0.04296759 0.04286683 0.07148671
0.03765639 0.04549125 0.04296759 0.04286683 0.07148671
0.03656288 0.04046167 0.04171151 0.04470119 0.07887777
0.03656288 0.04046167 0.04171151 0.04470119 0.07887777
0.03905692 0.04013828 0.04067467 0.04303158 0.07316231
0.04483641 0.04030686 0.04279527 0.04183383 0.07113135
0.04303339 0.04005222 0.04323708 0.04178727 0.07972220
0.04303339 0.04005222 0.04323708 0.04178727 0.07972220
0.03555632 0.04915693 0.04006133 0.04288873 0.04180697
0.03555632 0.04915693 0.04006133 0.04288873 0.04180697
0.03555632 0.04915693 0.04006133 0.04288873 0.04180697
0.03555632 0.04915693 0.04006133 0.04288873 0.04180697
0.03555632 0.04915693 0.04006133 0.04288873 0.04180697
0.03555632 0.04915693 0.04006133 0.04288873 0.04180697
0.03555632 0.04915693 0.04006133 0.04288873 0.04180697
0.03555632 0.04915693 0.04006133 0.04288873 0.04180697
0.03555632 0.04915693 0.04006133 0.04288873 0.04180697
0.03555632 0.04915693 0.04006133 0.04288873 0.04180697
0.03555632 0.04915693 0.04006133 0.04288873 0.04180697
0.03555632 0.04915693 0.04006133 0.04288873 0.04180697
0.03555632 0.04915693 0.04006133 0.04288873 0.04180697
0.03555632 0.04915693 0.04006133 0.04288873 0.04180697
0.03555632 0.04915693 0.04006133 0.04288873 0.04180697
0.03555632 0.04915693 0.04006133 0.04288873 0.04180697
0.03555632 0.04915693 0.04006133 0.04288873 0.04180697
0.03555632 0.04915693 0.04006133 0.04288873 0.04180697
0.03555632 0.04915693 0.04006133 0.04288873 0.04180697
0.03555632 0.04915693 0.04006133 0.04288873 0.04180697
0.03555632 0.04915693 0.04006133 0.04288873 0.04180697
0.03555632 0.04915693 0.04006133 0.04288873 0.04180697
0.03555632 0.04915693 0.04006133 0.04288873 0.04180697
0.03555632 0.04915693 0.04006133 0.04288873 0.04180697
0.03555632 0.04915693 0.04006133 0.04288873 0.04180697
