0.00000000 0.00000000 0.00000000 0.00000000 0.00000000
0.37124525 0.52020640 0.29404731 0.31940144 0.32521424
0.37124525 0.52020640 0.29404731 0.31940144 0.32521424
0.37052839 0.52440727 0.29691052 0.31825277 0.32415745
0.37353715 0.52993674 0.29520985 0.31847157 0.32259768
0.37353715 0.52993674 0.29520985 0.31847157 0.32259768
0.37353715 0.52993674 0.29520985 0.31847157 0.32259768
0.41540936 0.29823577 0.30649815 0.33042661 0.33866896
0.40996191 0.29652304 0.29439142 0.33271463 0.33079751
0.40996191 0.29652304 0.29439142 0.33271463 0.33079751
0.41360054 0.29190088 0.29834428 0.32773172 0.32927021
0.41360054 0.29190088 0.29834428 0.32773172 0.32927021
0.41360054 0.29190088 0.29834428 0.32773172 0.32927021
0.41360054 0.29190088 0.29834428 0.32773172 0.32927021
0.41360054 0.29190088 0.29834428 0.32773172 0.32927021
0.41360054 0.29190088 0.29834428 0.32773172 0.32927021
0.41360054 0.29190088 0.29834428 0.32773172 0.32927021
0.41360054 0.29190088 0.29834428 0.32773172 0.32927021
0.41360054 0.29190088 0.29834428 0.32773172 0.32927021
0.41360054 0.29190088 0.29834428 0.32773172 0.32927021
0.41360054 0.29190088 0.29834428 0.32773172 0.32927021
0.41360054 0.29190088 0.29834428 0.32773172 0.32927021
0.46955159 0.31906569 0.38504267 0.40399452 0.40631995
0.46925381 0.31534977 0.38723779 0.40747195 0.40688447
0.46925381 0.31534977 0.38723779 0.40747195 0.40688447
0.45962181 0.30890758 0.38497644 0.40553065 0.40489314
0.45627366 0.30503405 0.37948547 0.40676628 0.40780161
0.45627366 0.30503405 0.37948547 0.40676628 0.40780161
0.45627366 0.30503405 0.37948547 0.40676628 0.40780161
0.45627366 0.30503405 0.37948547 0.40676628 0.40780161
0.45627366 0.30503405 0.37948547 0.40676628 0.40780161
0.45627366 0.30503405 0.37948547 0.40676628 0.40780161
0.45627366 0.30503405 0.37948547 0.40676628 0.40780161
0.45627366 0.30503405 0.37948547 0.40676628 0.40780161
0.45627366 0.30503405 0.37948547 0.40676628 0.40780161
0.45627366 0.30503405 0.37948547 0.40676628 0.40780161
0.45627366 0.30503405 0.37948547 0.40676628 0.40780161
0.45627366 0.30503405 0.37948547 0.40676628 0.40780161
0.45627366 0.30503405 0.37948547 0.40676628 0.40780161
0.45627366 0.30503405 0.37948547 0.40676628 0.40780161
0.45627366 0.30503405 0.37948547 0.40676628 0.40780161
0.45627366 0.30503405 0.37948547 0.40676628 0.40780161
0.29380083 0.54529820 0.43563845 0.33620727 0.30960903
0.29721334 0.54487118 0.43479765 0.34063285 0.29974532
0.29345366 0.53802062 0.43607003 0.34147740 0.29670665
0.29345366 0.53802062 0.43607003 0.34147740 0.29670665
0.29498356 0.54010965 0.43464313 0.34015824 0.29730469
0.29498356 0.54010965 0.43464313 0.34015824 0.29730469
0.29498356 0.54010965 0.43464313 0.34015824 0.29730469
0.29498356 0.54010965 0.43464313 0.34015824 0.29730469
0.29498356 0.54010965 0.43464313 0.34015824 0.29730469
0.29498356 0.54010965 0.43464313 0.34015824 0.29730469
0.29498356 0.54010965 0.43464313 0.34015824 0.29730469
0.29498356 0.54010965 0.43464313 0.34015824 0.29730469
0.29498356 0.54010965 0.43464313 0.34015824 0.29730469
0.29498356 0.54010965 0.43464313 0.34015824 0.29730469
0.29498356 0.54010965 0.43464313 0.34015824 0.29730469
0.29498356 0.54010965 0.43464313 0.34015824 0.29730469
0.29498356 0.54010965 0.43464313 0.34015824 0.29730469
0.29498356 0.54010965 0.43464313 0.34015824 0.29730469
0.29498356 0.54010965 0.43464313 0.34015824 0.29730469
0.29498356 0.54010965 0.43464313 0.34015824 0.29730469
0.29498356 0.54010965 0.43464313 0.34015824 0.29730469
0.29498356 0.54010965 0.43464313 0.34015824 0.29730469
0.29498356 0.54010965 0.43464313 0.34015824 0.29730469
0.29498356 0.54010965 0.43464313 0.34015824 0.29730469
0.29498356 0.54010965 0.43464313 0.34015824 0.29730469
0.29498356 0.54010965 0.43464313 0.34015824 0.29730469
0.29498356 0.54010965 0.43464313 0.34015824 0.29730469
0.29498356 0.54010965 0.43464313 0.34015824 0.29730469
0.29498356 0.54010965 0.43464313 0.34015824 0.29730469
0.29498356 0.54010965 0.43464313 0.34015824 0.29730469
0.29498356 0.54010965 0.43464313 0.34015824 0.29730469
0.29498356 0.54010965 0.43464313 0.34015824 0.29730469
0.29498356 0.54010965 0.43464313 0.34015824 0.29730469
0.29498356 0.54010965 0.43464313 0.34015824 0.29730469
0.29498356 0.54010965 0.43464313 0.34015824 0.29730469
0.29498356 0.54010965 0.43464313 0.34015824 0.29730469
0.29498356 0.54010965 0.43464313 0.34015824 0.29730469
0.29498356 0.54010965 0.43464313 0.34015824 0.29730469
0.29498356 0.54010965 0.43464313 0.34015824 0.29730469
0.29498356 0.54010965 0.43464313 0.34015824 0.29730469
0.29498356 0.54010965 0.43464313 0.34015824 0.29730469
0.29498356 0.54010965 0.43464313 0.34015824 0.29730469
0.29498356 0.54010965 0.43464313 0.34015824 0.29730469
0.29498356 0.54010965 0.43464313 0.34015824 0.29730469
0.29498356 0.54010965 0.43464313 0.34015824 0.29730469
0.29498356 0.54010965 0.43464313 0.34015824 0.29730469
0.29498356 0.54010965 0.43464313 0.34015824 0.29730469
0.29498356 0.54010965 0.43464313 0.34015824 0.29730469
0.29498356 0.54010965 0.43464313 0.34015824 0.29730469
0.29498356 0.54010965 0.43464313 0.34015824 0.29730469
0.29498356 0.54010965 0.43464313 0.34015824 0.29730469
0.29498356 0.54010965 0.43464313 0.34015824 0.29730469
0.29498356 0.54010965 0.43464313 0.34015824 0.29730469
0.29498356 0.54010965 0.43464313 0.34015824 0.29730469
0.29498356 0.54010965 0.43464313 0.34015824 0.29730469
0.29498356 0.54010965 0.43464313 0.34015824 0.29730469
0.29498356 0.54010965 0.43464313 0.34015824 0.29730469
0.29498356 0.54010965 0.43464313 0.34015824 0.29730469
0.29498356 0.54010965 0.43464313 0.34015824 0.29730469
0.29498356 0.54010965 0.43464313 0.34015824 0.29730469
0.29498356 0.54010965 0.43464313 0.34015824 0.29730469
0.29498356 0.54010965 0.43464313 0.34015824 0.29730469
0.29498356 0.54010965 0.43464313 0.34015824 0.29730469
0.29498356 0.54010965 0.43464313 0.34015824 0.29730469
0.29498356 0.54010965 0.43464313 0.34015824 0.29730469
0.29498356 0.54010965 0.43464313 0.34015824 0.29730469
0.29498356 0.54010965 0.43464313 0.34015824 0.29730469
0.29498356 0.54010965 0.43464313 0.34015824 0.29730469
0.29498356 0.54010965 0.43464313 0.34015824 0.29730469
0.29498356 0.54010965 0.43464313 0.34015824 0.29730469
0.29498356 0.54010965 0.43464313 0.34015824 0.29730469
0.29498356 0.54010965 0.43464313 0.34015824 0.29730469
0.29498356 0.54010965 0.43464313 0.34015824 0.29730469
0.29498356 0.54010965 0.43464313 0.34015824 0.29730469
0.29498356 0.54010965 0.43464313 0.34015824 0.29730469
0.29498356 0.54010965 0.43464313 0.34015824 0.29730469
0.29498356 0.54010965 0.43464313 0.34015824 0.29730469
0.29498356 0.54010965 0.43464313 0.34015824 0.29730469
0.29498356 0.54010965 0.43464313 0.34015824 0.29730469
0.29498356 0.54010965 0.43464313 0.34015824 0.29730469
0.29498356 0.54010965 0.43464313 0.34015824 0.29730469
0.29498356 0.54010965 0.43464313 0.34015824 0.29730469
0.29498356 0.54010965 0.43464313 0.34015824 0.29730469
0.29498356 0.54010965 0.43464313 0.34015824 0.29730469
0.29498356 0.54010965 0.43464313 0.34015824 0.29730469
0.29498356 0.54010965 0.43464313 0.34015824 0.29730469
0.29498356 0.54010965 0.43464313 0.34015824 0.29730469
0.29498356 0.54010965 0.43464313 0.34015824 0.29730469
0.29498356 0.54010965 0.43464313 0.34015824 0.29730469
0.29498356 0.54010965 0.43464313 0.34015824 0.29730469
0.29498356 0.54010965 0.43464313 0.34015824 0.29730469
0.29498356 0.54010965 0.43464313 0.34015824 0.29730469
0.29498356 0.54010965 0.43464313 0.34015824 0.29730469
0.29498356 0.54010965 0.43464313 0.34015824 0.29730469
0.29498356 0.54010965 0.43464313 0.34015824 0.29730469
0.29498356 0.54010965 0.43464313 0.34015824 0.29730469
0.29498356 0.54010965 0.43464313 0.34015824 0.29730469
0.29498356 0.54010965 0.43464313 0.34015824 0.29730469
0.29498356 0.54010965 0.43464313 0.34015824 0.29730469
0.29498356 0.54010965 0.43464313 0.34015824 0.29730469
0.29498356 0.54010965 0.43464313 0.34015824 0.29730469
0.29498356 0.54010965 0.43464313 0.34015824 0.29730469
0.29498356 0.54010965 0.43464313 0.34015824 0.29730469
0.29498356 0.54010965 0.43464313 0.34015824 0.29730469
0.29498356 0.54010965 0.43464313 0.34015824 0.29730469
0.29498356 0.54010965 0.43464313 0.34015824 0.29730469
0.29498356 0.54010965 0.43464313 0.34015824 0.29730469
0.29498356 0.54010965 0.43464313 0.34015824 0.29730469
0.29498356 0.54010965 0.43464313 0.34015824 0.29730469
0.29498356 0.54010965 0.43464313 0.34015824 0.29730469
0.29498356 0.54010965 0.43464313 0.34015824 0.29730469
0.29498356 0.54010965 0.43464313 0.34015824 0.29730469
0.29498356 0.54010965 0.43464313 0.34015824 0.29730469
0.29498356 0.54010965 0.43464313 0.34015824 0.29730469
0.29498356 0.54010965 0.43464313 0.34015824 0.29730469
0.29498356 0.54010965 0.43464313 0.34015824 0.29730469
0.29498356 0.54010965 0.43464313 0.34015824 0.29730469
0.29498356 0.54010965 0.43464313 0.34015824 0.29730469
0.29498356 0.54010965 0.43464313 0.34015824 0.29730469
0.29498356 0.54010965 0.43464313 0.34015824 0.29730469
0.29498356 0.54010965 0.43464313 0.34015824 0.29730469
0.29498356 0.54010965 0.43464313 0.34015824 0.29730469
0.29498356 0.54010965 0.43464313 0.34015824 0.29730469
0.29498356 0.54010965 0.43464313 0.34015824 0.29730469
0.29498356 0.54010965 0.43464313 0.34015824 0.29730469
0.29498356 0.54010965 0.43464313 0.34015824 0.29730469
0.29498356 0.54010965 0.43464313 0.34015824 0.29730469
0.29498356 0.54010965 0.43464313 0.34015824 0.29730469
0.29498356 0.54010965 0.43464313 0.34015824 0.29730469
0.29498356 0.54010965 0.43464313 0.34015824 0.29730469
0.29498356 0.54010965 0.43464313 0.34015824 0.29730469
0.29498356 0.54010965 0.43464313 0.34015824 0.29730469
0.29498356 0.54010965 0.43464313 0.34015824 0.29730469
0.29498356 0.54010965 0.43464313 0.34015824 0.29730469
0.29498356 0.54010965 0.43464313 0.34015824 0.29730469
0.29498356 0.54010965 0.43464313 0.34015824 0.29730469
0.29498356 0.54010965 0.43464313 0.34015824 0.29730469
0.29498356 0.54010965 0.43464313 0.34015824 0.29730469
0.29498356 0.54010965 0.43464313 0.34015824 0.29730469
0.29498356 0.54010965 0.43464313 0.34015824 0.29730469
0.29498356 0.54010965 0.43464313 0.34015824 0.29730469
0.29498356 0.54010965 0.43464313 0.34015824 0.29730469
0.29498356 0.54010965 0.43464313 0.34015824 0.29730469
0.29498356 0.54010965 0.43464313 0.34015824 0.29730469
0.29498356 0.54010965 0.43464313 0.34015824 0.29730469
0.29498356 0.54010965 0.43464313 0.34015824 0.29730469
0.29498356 0.54010965 0.43464313 0.34015824 0.29730469
0.29498356 0.54010965 0.43464313 0.34015824 0.29730469
0.29498356 0.54010965 0.43464313 0.34015824 0.29730469
0.29498356 0.54010965 0.43464313 0.34015824 0.29730469
0.29498356 0.54010965 0.43464313 0.34015824 0.29730469
0.29498356 0.54010965 0.43464313 0.34015824 0.29730469
0.29498356 0.54010965 0.43464313 0.34015824 0.29730469
0.29498356 0.54010965 0.43464313 0.34015824 0.29730469
0.29498356 0.54010965 0.43464313 0.34015824 0.29730469
0.29498356 0.54010965 0.43464313 0.34015824 0.29730469
0.29498356 0.54010965 0.43464313 0.34015824 0.29730469
0.29498356 0.54010965 0.43464313 0.34015824 0.29730469
0.29498356 0.54010965 0.43464313 0.34015824 0.29730469
0.29498356 0.54010965 0.43464313 0.34015824 0.29730469
0.29498356 0.54010965 0.43464313 0.34015824 0.29730469
0.29498356 0.54010965 0.43464313 0.34015824 0.29730469
0.29498356 0.54010965 0.43464313 0.34015824 0.29730469
0.29498356 0.54010965 0.43464313 0.34015824 0.29730469
0.29498356 0.54010965 0.43464313 0.34015824 0.29730469
0.29498356 0.54010965 0.43464313 0.34015824 0.29730469
0.29498356 0.54010965 0.43464313 0.34015824 0.29730469
0.29498356 0.54010965 0.43464313 0.34015824 0.29730469
0.29498356 0.54010965 0.43464313 0.34015824 0.29730469
0.29498356 0.54010965 0.43464313 0.34015824 0.29730469
0.29498356 0.54010965 0.43464313 0.34015824 0.29730469
0.29498356 0.54010965 0.43464313 0.34015824 0.29730469
0.29498356 0.54010965 0.43464313 0.34015824 0.29730469
0.29498356 0.54010965 0.43464313 0.34015824 0.29730469
0.29498356 0.54010965 0.43464313 0.34015824 0.29730469
0.29498356 0.54010965 0.43464313 0.34015824 0.29730469
0.29498356 0.54010965 0.43464313 0.34015824 0.29730469
0.29498356 0.54010965 0.43464313 0.34015824 0.29730469
0.29498356 0.54010965 0.43464313 0.34015824 0.29730469
0.29498356 0.54010965 0.43464313 0.34015824 0.29730469
0.29498356 0.54010965 0.43464313 0.34015824 0.29730469
0.29498356 0.54010965 0.43464313 0.34015824 0.29730469
0.29498356 0.54010965 0.43464313 0.34015824 0.29730469
0.29498356 0.54010965 0.43464313 0.34015824 0.29730469
0.29498356 0.54010965 0.43464313 0.34015824 0.29730469
0.29498356 0.54010965 0.43464313 0.34015824 0.29730469
0.29498356 0.54010965 0.43464313 0.34015824 0.29730469
0.29498356 0.54010965 0.43464313 0.34015824 0.29730469
0.29498356 0.54010965 0.43464313 0.34015824 0.29730469
0.29498356 0.54010965 0.43464313 0.34015824 0.29730469
0.29498356 0.54010965 0.43464313 0.34015824 0.29730469
0.29498356 0.54010965 0.43464313 0.34015824 0.29730469
0.29498356 0.54010965 0.43464313 0.34015824 0.29730469
0.29498356 0.54010965 0.43464313 0.34015824 0.29730469
0.29498356 0.54010965 0.43464313 0.34015824 0.29730469
0.29498356 0.54010965 0.43464313 0.34015824 0.29730469
0.29498356 0.54010965 0.43464313 0.34015824 0.29730469
0.29498356 0.54010965 0.43464313 0.34015824 0.29730469
0.29498356 0.54010965 0.43464313 0.34015824 0.29730469
0.29498356 0.54010965 0.43464313 0.34015824 0.29730469
0.29498356 0.54010965 0.43464313 0.34015824 0.29730469
0.29498356 0.54010965 0.43464313 0.34015824 0.29730469
0.29498356 0.54010965 0.43464313 0.34015824 0.29730469
0.29498356 0.54010965 0.43464313 0.34015824 0.29730469
0.29498356 0.54010965 0.43464313 0.34015824 0.29730469
0.29498356 0.54010965 0.43464313 0.34015824 0.29730469
0.29498356 0.54010965 0.43464313 0.34015824 0.29730469
0.29498356 0.54010965 0.43464313 0.34015824 0.29730469
0.29498356 0.54010965 0.43464313 0.34015824 0.29730469
0.29498356 0.54010965 0.43464313 0.34015824 0.29730469
0.29498356 0.54010965 0.43464313 0.34015824 0.29730469
0.29498356 0.54010965 0.43464313 0.34015824 0.29730469
0.29498356 0.54010965 0.43464313 0.34015824 0.29730469
0.29498356 0.54010965 0.43464313 0.34015824 0.29730469
0.29498356 0.54010965 0.43464313 0.34015824 0.29730469
0.50054593 0.32064381 0.54116022 0.33629746 0.44125912
0.40643651 0.30409385 0.45904844 0.27378832 0.38169036
0.40643651 0.30409385 0.45904844 0.27378832 0.38169036
0.40643651 0.30409385 0.45904844 0.27378832 0.38169036
0.40643651 0.30409385 0.45904844 0.27378832 0.38169036
0.40643651 0.30409385 0.45904844 0.27378832 0.38169036
0.40643651 0.30409385 0.45904844 0.27378832 0.38169036
0.40886129 0.31538373 0.45764976 0.27935801 0.38045129
0.40886129 0.31538373 0.45764976 0.27935801 0.38045129
0.40886129 0.31538373 0.45764976 0.27935801 0.38045129
0.40886129 0.31538373 0.45764976 0.27935801 0.38045129
0.41317954 0.30628679 0.45704800 0.28682170 0.37610885
0.41317954 0.30628679 0.45704800 0.28682170 0.37610885
0.41312000 0.30752916 0.46116628 0.28498140 0.37733943
0.41312000 0.30752916 0.46116628 0.28498140 0.37733943
0.41312000 0.30752916 0.46116628 0.28498140 0.37733943
0.39750663 0.31526719 0.45921222 0.28946605 0.36893862
0.39371220 0.30781769 0.45393864 0.28215852 0.35147101
0.39371220 0.30781769 0.45393864 0.28215852 0.35147101
0.40265929 0.31835761 0.45573106 0.28014242 0.35441952
0.39330541 0.32965520 0.44795342 0.27792423 0.34620545
0.39330541 0.32965520 0.44795342 0.27792423 0.34620545
0.39330541 0.32965520 0.44795342 0.27792423 0.34620545
0.39903674 0.33909845 0.44967992 0.26462577 0.33947211
0.39903674 0.33909845 0.44967992 0.26462577 0.33947211
0.39903674 0.33909845 0.44967992 0.26462577 0.33947211
0.39903674 0.33909845 0.44967992 0.26462577 0.33947211
0.38674596 0.33487409 0.45345909 0.25734358 0.34423469
0.38481072 0.33953140 0.45326372 0.24462502 0.33432937
0.33439436 0.23771254 0.37985218 0.22789390 0.32872683
0.33439436 0.23771254 0.37985218 0.22789390 0.32872683
0.32539911 0.23182854 0.37819757 0.22405216 0.33619355
0.32539911 0.23182854 0.37819757 0.22405216 0.33619355
0.32539911 0.23182854 0.37819757 0.22405216 0.33619355
0.33009309 0.23922699 0.37488639 0.22498272 0.32617423
0.33009309 0.23922699 0.37488639 0.22498272 0.32617423
0.33009309 0.23922699 0.37488639 0.22498272 0.32617423
0.33009309 0.23922699 0.37488639 0.22498272 0.32617423
0.33009309 0.23922699 0.37488639 0.22498272 0.32617423
0.33248960 0.23496712 0.37804227 0.22368772 0.32580941
0.32999208 0.23818726 0.36461739 0.22584990 0.32258643
0.32999208 0.23818726 0.36461739 0.22584990 0.32258643
0.32999208 0.23818726 0.36461739 0.22584990 0.32258643
0.32999208 0.23818726 0.36461739 0.22584990 0.32258643
0.32560794 0.24014687 0.35990955 0.23012152 0.32577201
0.33158123 0.23804965 0.35887250 0.22350469 0.32109470
0.32817568 0.24362804 0.35720675 0.23678251 0.32003066
0.33425440 0.24864878 0.33783870 0.23281401 0.32666917
0.33425440 0.24864878 0.33783870 0.23281401 0.32666917
0.32256631 0.23494236 0.34207617 0.21857281 0.32830405
0.26475945 0.17878988 0.29724489 0.17540286 0.23726197
0.25341002 0.17124263 0.29639703 0.16999240 0.22585377
0.24257869 0.17511428 0.30600139 0.17736826 0.22411950
0.23997005 0.18089190 0.30813319 0.19208523 0.23499357
0.23997005 0.18089190 0.30813319 0.19208523 0.23499357
0.23227364 0.17199431 0.30955853 0.18622665 0.23722786
0.24344262 0.16786295 0.30590265 0.17576417 0.24276286
0.24398405 0.16955793 0.30346331 0.16417854 0.24525426
0.25642669 0.17058694 0.31453784 0.17248353 0.23866016
0.25602936 0.17558755 0.31203784 0.17273990 0.24460469
0.24975722 0.15745656 0.30320483 0.16591707 0.25199638
0.24975722 0.15745656 0.30320483 0.16591707 0.25199638
0.24975722 0.15745656 0.30320483 0.16591707 0.25199638
0.24975722 0.15745656 0.30320483 0.16591707 0.25199638
0.24666840 0.14781077 0.30951854 0.15865804 0.24024945
0.24666840 0.14781077 0.30951854 0.15865804 0.24024945
0.24666840 0.14781077 0.30951854 0.15865804 0.24024945
0.24666840 0.14781077 0.30951854 0.15865804 0.24024945
0.24666840 0.14781077 0.30951854 0.15865804 0.24024945
0.24925817 0.14457129 0.30367825 0.15753564 0.24189387
0.24925817 0.14457129 0.30367825 0.15753564 0.24189387
0.23542153 0.14286740 0.31524548 0.15983720 0.24230599
0.23701070 0.14031667 0.30706229 0.15058659 0.25218716
0.23701070 0.14031667 0.30706229 0.15058659 0.25218716
0.23537197 0.13197864 0.31349565 0.16224889 0.25815159
0.23537197 0.13197864 0.31349565 0.16224889 0.25815159
0.23039055 0.11273170 0.30693948 0.15661589 0.26278743
0.23289053 0.10571905 0.30644673 0.15289222 0.23358687
0.23289053 0.10571905 0.30644673 0.15289222 0.23358687
0.22194634 0.10807942 0.31778192 0.15324444 0.22188240
0.22194634 0.10807942 0.31778192 0.15324444 0.22188240
0.20983370 0.09298654 0.30900570 0.15482110 0.21881277
0.20983370 0.09298654 0.30900570 0.15482110 0.21881277
0.20983370 0.09298654 0.30900570 0.15482110 0.21881277
0.21052316 0.09060202 0.30732132 0.16668299 0.21400108
0.20794676 0.08320379 0.30653065 0.16401655 0.21850568
0.22301195 0.09063567 0.32205108 0.16813440 0.20955811
0.22301195 0.09063567 0.32205108 0.16813440 0.20955811
0.22301195 0.09063567 0.32205108 0.16813440 0.20955811
0.22301195 0.09063567 0.32205108 0.16813440 0.20955811
0.19575843 0.13551505 0.18515058 0.14526350 0.17943559
0.19575843 0.13551505 0.18515058 0.14526350 0.17943559
0.19668403 0.12663609 0.17912042 0.13861737 0.17562702
0.19668403 0.12663609 0.17912042 0.13861737 0.17562702
0.19668403 0.12663609 0.17912042 0.13861737 0.17562702
0.19668403 0.12663609 0.17912042 0.13861737 0.17562702
0.17990008 0.12637620 0.17683423 0.13742602 0.19073979
0.17990008 0.12637620 0.17683423 0.13742602 0.19073979
0.17990008 0.12637620 0.17683423 0.13742602 0.19073979
0.17864638 0.13112631 0.16650656 0.13257936 0.19802181
0.18762861 0.13861644 0.17877127 0.14494377 0.19439317
0.18996011 0.14427256 0.18213760 0.13093458 0.19207626
0.18996011 0.14427256 0.18213760 0.13093458 0.19207626
0.19208887 0.14725795 0.17089598 0.11423836 0.19263386
0.19208887 0.14725795 0.17089598 0.11423836 0.19263386
0.17705581 0.13584301 0.17331247 0.10655166 0.18477173
0.17705581 0.13584301 0.17331247 0.10655166 0.18477173
0.17705581 0.13584301 0.17331247 0.10655166 0.18477173
0.20106589 0.13661036 0.18231726 0.10547877 0.20026694
0.21335375 0.13130941 0.18106013 0.10030645 0.20081712
0.22033037 0.11486870 0.18080100 0.09681632 0.22174677
0.22033037 0.11486870 0.18080100 0.09681632 0.22174677
0.21623458 0.11432973 0.18991850 0.10653738 0.24051126
0.22835331 0.11970712 0.18378886 0.10927849 0.24599699
0.22835331 0.11970712 0.18378886 0.10927849 0.24599699
0.22835331 0.11970712 0.18378886 0.10927849 0.24599699
0.22835331 0.11970712 0.18378886 0.10927849 0.24599699
0.23760631 0.11271880 0.18354208 0.10934328 0.22652579
0.23760631 0.11271880 0.18354208 0.10934328 0.22652579
0.23760631 0.11271880 0.18354208 0.10934328 0.22652579
0.23760631 0.11271880 0.18354208 0.10934328 0.22652579
0.23677319 0.11297765 0.19116681 0.09932331 0.23890088
0.23677319 0.11297765 0.19116681 0.09932331 0.23890088
0.25228075 0.11649887 0.18914458 0.09805195 0.23503633
0.25228075 0.11649887 0.18914458 0.09805195 0.23503633
0.25441590 0.12541856 0.19280246 0.10092031 0.23730158
0.25441590 0.12541856 0.19280246 0.10092031 0.23730158
0.26318703 0.13039174 0.18422020 0.09937043 0.22986677
0.25856120 0.13242132 0.17058100 0.10134454 0.21859503
0.25567866 0.12380174 0.15032361 0.10112141 0.21511932
0.25567866 0.12380174 0.15032361 0.10112141 0.21511932
0.25567866 0.12380174 0.15032361 0.10112141 0.21511932
0.25567866 0.12380174 0.15032361 0.10112141 0.21511932
0.25870647 0.12533049 0.15781503 0.10910877 0.21120462
0.25870647 0.12533049 0.15781503 0.10910877 0.21120462
0.25870647 0.12533049 0.15781503 0.10910877 0.21120462
0.25870647 0.12533049 0.15781503 0.10910877 0.21120462
0.25870647 0.12533049 0.15781503 0.10910877 0.21120462
0.25870647 0.12533049 0.15781503 0.10910877 0.21120462
0.25870647 0.12533049 0.15781503 0.10910877 0.21120462
0.26839403 0.12673896 0.14163751 0.10464312 0.22128876
0.26839403 0.12673896 0.14163751 0.10464312 0.22128876
0.26561542 0.12357702 0.13532424 0.10070087 0.21935001
0.28312297 0.12388373 0.12539580 0.09438651 0.22678232
0.28391413 0.13193261 0.13003984 0.10168803 0.22201573
0.28391413 0.13193261 0.13003984 0.10168803 0.22201573
0.27605974 0.13667171 0.13278882 0.10923505 0.23146134
0.27605974 0.13667171 0.13278882 0.10923505 0.23146134
0.27605974 0.13667171 0.13278882 0.10923505 0.23146134
0.27605974 0.13667171 0.13278882 0.10923505 0.23146134
0.27605974 0.13667171 0.13278882 0.10923505 0.23146134
0.27605974 0.13667171 0.13278882 0.10923505 0.23146134
0.27597908 0.12741014 0.13352823 0.11991469 0.21411953
0.27597908 0.12741014 0.13352823 0.11991469 0.21411953
0.27597908 0.12741014 0.13352823 0.11991469 0.21411953
0.27597908 0.12741014 0.13352823 0.11991469 0.21411953
0.27597908 0.12741014 0.13352823 0.11991469 0.21411953
0.28439254 0.13313009 0.12376187 0.10823072 0.20229057
0.29490919 0.14146305 0.12103596 0.10969413 0.19715978
0.29490919 0.14146305 0.12103596 0.10969413 0.19715978
0.29490919 0.14146305 0.12103596 0.10969413 0.19715978
0.29490919 0.14146305 0.12103596 0.10969413 0.19715978
0.29490919 0.14146305 0.12103596 0.10969413 0.19715978
0.29490919 0.14146305 0.12103596 0.10969413 0.19715978
0.29490919 0.14146305 0.12103596 0.10969413 0.19715978
0.29285765 0.13158940 0.11517948 0.10702413 0.19267246
0.28892531 0.13313745 0.12321871 0.10281251 0.18073414
0.28892531 0.13313745 0.12321871 0.10281251 0.18073414
0.27655596 0.12113672 0.11704159 0.09647126 0.17444713
0.27655596 0.12113672 0.11704159 0.09647126 0.17444713
0.28538790 0.12514024 0.11793703 0.09330955 0.18619567
0.29087568 0.13795893 0.12328385 0.09948402 0.17622831
0.30639477 0.15679975 0.12399031 0.10250864 0.18419764
0.30639477 0.15679975 0.12399031 0.10250864 0.18419764
0.30639477 0.15679975 0.12399031 0.10250864 0.18419764
0.30639477 0.15679975 0.12399031 0.10250864 0.18419764
0.30896935 0.15150618 0.11942789 0.11560878 0.17983806
0.30896935 0.15150618 0.11942789 0.11560878 0.17983806
0.30896935 0.15150618 0.11942789 0.11560878 0.17983806
0.30075039 0.16398808 0.11977901 0.12669133 0.18336908
0.30075039 0.16398808 0.11977901 0.12669133 0.18336908
0.30024613 0.16456429 0.11377668 0.12636893 0.17971463
0.30024613 0.16456429 0.11377668 0.12636893 0.17971463
0.30606303 0.16634601 0.11444737 0.12923544 0.19142043
0.31593040 0.16556433 0.11363455 0.11667339 0.19605939
0.31593040 0.16556433 0.11363455 0.11667339 0.19605939
0.30200052 0.16968766 0.11038328 0.11378861 0.19792231
0.30200052 0.16968766 0.11038328 0.11378861 0.19792231
0.29365771 0.17339807 0.11325528 0.10850903 0.20446758
0.28609857 0.18246608 0.12760073 0.11334701 0.20679773
0.28906822 0.19281421 0.12142343 0.11994770 0.20716787
0.29289942 0.18564044 0.11659479 0.13421405 0.20452565
0.29289942 0.18564044 0.11659479 0.13421405 0.20452565
0.29289942 0.18564044 0.11659479 0.13421405 0.20452565
0.28515152 0.18424626 0.10842444 0.13800568 0.20767177
0.28515152 0.18424626 0.10842444 0.13800568 0.20767177
0.28506102 0.18373578 0.12298833 0.14195740 0.21259778
0.28506102 0.18373578 0.12298833 0.14195740 0.21259778
0.28506102 0.18373578 0.12298833 0.14195740 0.21259778
0.13604425 0.08034005 0.12133501 0.08670611 0.08777534
0.12635577 0.08111796 0.11659964 0.08705039 0.08276325
0.10536517 0.06461154 0.07995995 0.07568319 0.07826104
0.10268605 0.06137608 0.07531507 0.07245380 0.07578805
0.10067092 0.06131978 0.07383790 0.06264825 0.07593006
0.07326426 0.05469904 0.07095827 0.06118285 0.05869590
0.07822026 0.05382082 0.06999916 0.06508661 0.05002221
0.06355053 0.05661982 0.07416585 0.05749610 0.04571325
0.06811766 0.05248744 0.07142009 0.05514681 0.04529787
0.06811766 0.05248744 0.07142009 0.05514681 0.04529787
0.06811766 0.05248744 0.07142009 0.05514681 0.04529787
0.06650656 0.05186786 0.07597693 0.05274384 0.04530494
0.06650656 0.05186786 0.07597693 0.05274384 0.04530494
0.06650656 0.05186786 0.07597693 0.05274384 0.04530494
0.06190730 0.05523593 0.07846899 0.05531199 0.04657564
0.06190730 0.05523593 0.07846899 0.05531199 0.04657564
0.06080910 0.06534869 0.08544894 0.05409457 0.04591318
0.06080910 0.06534869 0.08544894 0.05409457 0.04591318
0.05802195 0.06489968 0.10311011 0.05838339 0.04617887
0.05982834 0.06022673 0.11025039 0.05681444 0.04762715
0.05415059 0.06615878 0.11627997 0.05493420 0.04623608
0.05415059 0.06615878 0.11627997 0.05493420 0.04623608
0.05415059 0.06615878 0.11627997 0.05493420 0.04623608
0.05415059 0.06615878 0.11627997 0.05493420 0.04623608
0.05467597 0.06991953 0.11088627 0.05252699 0.04645991
0.05496031 0.08181533 0.11902386 0.05389684 0.04656476
0.05503324 0.07886239 0.10656895 0.05374992 0.04583040
0.05451850 0.07232919 0.09894248 0.05220791 0.04577297
0.05451850 0.07232919 0.09894248 0.05220791 0.04577297
0.05451850 0.07232919 0.09894248 0.05220791 0.04577297
0.05763285 0.06972080 0.10619501 0.05239963 0.04593832
0.05759681 0.07424101 0.10923571 0.05272016 0.04759323
0.06209016 0.08107892 0.10655839 0.05389868 0.04741573
0.07005214 0.04704578 0.04720187 0.05106610 0.04461118
0.07005214 0.04704578 0.04720187 0.05106610 0.04461118
0.07287913 0.04638638 0.05166265 0.04951609 0.04701081
0.07450386 0.04912521 0.06606878 0.04978685 0.04970993
0.09079348 0.04938668 0.05751719 0.05038440 0.06040728
0.09079348 0.04938668 0.05751719 0.05038440 0.06040728
0.10395643 0.04966050 0.06477147 0.05105161 0.07297469
0.10395643 0.04966050 0.06477147 0.05105161 0.07297469
0.11001415 0.04873785 0.05136771 0.05045985 0.06566014
0.11001415 0.04873785 0.05136771 0.05045985 0.06566014
0.11622981 0.04935467 0.05390362 0.05043049 0.06827991
0.11622981 0.04935467 0.05390362 0.05043049 0.06827991
0.12273035 0.05015305 0.05824941 0.05177396 0.07860582
0.12702792 0.05210670 0.05574294 0.05134913 0.07975150
0.12702792 0.05210670 0.05574294 0.05134913 0.07975150
0.12702792 0.05210670 0.05574294 0.05134913 0.07975150
0.12160948 0.05195884 0.04773798 0.05057378 0.07605187
0.12160948 0.05195884 0.04773798 0.05057378 0.07605187
0.10846815 0.05150218 0.04631321 0.05265250 0.07750119
0.05053637 0.05192258 0.03917690 0.04969449 0.04682564
0.04770357 0.04667637 0.04235302 0.04824485 0.04781659
0.04770357 0.04667637 0.04235302 0.04824485 0.04781659
0.05172460 0.04867819 0.04742785 0.05000763 0.05409672
0.05172460 0.04867819 0.04742785 0.05000763 0.05409672
0.05172460 0.04867819 0.04742785 0.05000763 0.05409672
0.04725996 0.04730698 0.04871735 0.04909454 0.05028841
0.04725996 0.04730698 0.04871735 0.04909454 0.05028841
0.04631284 0.04672614 0.04226448 0.04720375 0.04245899
0.04593264 0.04914970 0.04116259 0.04732486 0.04299862
0.04593264 0.04914970 0.04116259 0.04732486 0.04299862
0.04593264 0.04914970 0.04116259 0.04732486 0.04299862
0.04593264 0.04914970 0.04116259 0.04732486 0.04299862
0.04669658 0.04515239 0.04453401 0.05458444 0.04676492
0.04704380 0.04619151 0.04788339 0.04693274 0.04293203
0.04704380 0.04619151 0.04788339 0.04693274 0.04293203
0.04773889 0.04461590 0.03930999 0.05636927 0.04416359
0.04640953 0.04401278 0.04229627 0.05814350 0.04349191
0.04402650 0.04240004 0.04603970 0.04509998 0.04673194
0.04499437 0.04149043 0.04609362 0.04725755 0.04472965
0.04484638 0.04412632 0.04767024 0.04546221 0.04564145
0.04484638 0.04412632 0.04767024 0.04546221 0.04564145
0.04596818 0.04229615 0.04041986 0.04458195 0.04639644
0.04961971 0.04188642 0.03887000 0.04473400 0.04147350
0.04961971 0.04188642 0.03887000 0.04473400 0.04147350
0.04961971 0.04188642 0.03887000 0.04473400 0.04147350
0.04796295 0.04460110 0.03917773 0.04472086 0.04168327
0.04263962 0.04617000 0.04581792 0.04383168 0.04190618
0.04407784 0.04071915 0.04386082 0.04602995 0.04093516
0.04407784 0.04071915 0.04386082 0.04602995 0.04093516
0.04365770 0.04121348 0.03943341 0.05027106 0.04696875
0.04367901 0.04025131 0.03988143 0.05492172 0.04824498
0.04283703 0.04053580 0.04771766 0.05440198 0.04987451
0.04323432 0.03950828 0.05941191 0.05734197 0.04922053
0.04373070 0.04658811 0.06691952 0.05327237 0.05219184
0.04373070 0.04658811 0.06691952 0.05327237 0.05219184
0.04373070 0.04658811 0.06691952 0.05327237 0.05219184
0.04432721 0.04939078 0.06869645 0.05805481 0.05756121
0.04432721 0.04939078 0.06869645 0.05805481 0.05756121
0.04432721 0.04939078 0.06869645 0.05805481 0.05756121
0.04515232 0.04662782 0.06554337 0.06064578 0.05102967
0.04515232 0.04662782 0.06554337 0.06064578 0.05102967
0.04515232 0.04662782 0.06554337 0.06064578 0.05102967
0.04482677 0.04510796 0.06127255 0.05476421 0.04482928
0.04482677 0.04510796 0.06127255 0.05476421 0.04482928
0.04482677 0.04510796 0.06127255 0.05476421 0.04482928
0.04482677 0.04510796 0.06127255 0.05476421 0.04482928
0.04395063 0.04190980 0.06093625 0.05588084 0.05332236
0.04655870 0.04134612 0.06014191 0.05469143 0.05713006
0.04671411 0.04251011 0.05661288 0.05666679 0.04770080
0.06958274 0.05362241 0.03835084 0.05169024 0.04087047
0.06958274 0.05362241 0.03835084 0.05169024 0.04087047
0.06958274 0.05362241 0.03835084 0.05169024 0.04087047
0.06958274 0.05362241 0.03835084 0.05169024 0.04087047
0.07169469 0.05014540 0.03848785 0.05520584 0.04161959
0.07169469 0.05014540 0.03848785 0.05520584 0.04161959
0.07169469 0.05014540 0.03848785 0.05520584 0.04161959
0.07256988 0.05174201 0.03893882 0.05483448 0.04086851
0.07256988 0.05174201 0.03893882 0.05483448 0.04086851
0.06793963 0.05655953 0.03890284 0.05679520 0.04122199
0.05934464 0.05120504 0.03887363 0.05531872 0.04113051
0.05141331 0.04429894 0.04104072 0.05558010 0.04260932
0.05141331 0.04429894 0.04104072 0.05558010 0.04260932
0.04326902 0.04065330 0.04313900 0.05615923 0.04219656
0.04326902 0.04065330 0.04313900 0.05615923 0.04219656
0.04326902 0.04065330 0.04313900 0.05615923 0.04219656
0.04326902 0.04065330 0.04313900 0.05615923 0.04219656
0.04326902 0.04065330 0.04313900 0.05615923 0.04219656
0.04379019 0.04030753 0.04634251 0.05480301 0.04348941
0.04379019 0.04030753 0.04634251 0.05480301 0.04348941
0.04451924 0.03893723 0.04795219 0.06354632 0.04090446
0.04451924 0.03893723 0.04795219 0.06354632 0.04090446
0.04451924 0.03893723 0.04795219 0.06354632 0.04090446
0.04451924 0.03893723 0.04795219 0.06354632 0.04090446
0.04451924 0.03893723 0.04795219 0.06354632 0.04090446
0.04451924 0.03893723 0.04795219 0.06354632 0.04090446
0.04638678 0.03817934 0.04609389 0.06260053 0.04581894
0.04496892 0.03873692 0.04248867 0.05617272 0.05154370
0.04496892 0.03873692 0.04248867 0.05617272 0.05154370
0.04336665 0.04045924 0.04045340 0.05415364 0.05233985
0.04251797 0.03841275 0.04303861 0.05342546 0.04945898
0.04251797 0.03841275 0.04303861 0.05342546 0.04945898
0.04262436 0.03882983 0.04946721 0.05817815 0.04999001
0.04262436 0.03882983 0.04946721 0.05817815 0.04999001
0.04233591 0.03954603 0.04697688 0.05528954 0.06454752
0.04136569 0.04163425 0.04984428 0.06408634 0.05989383
0.04274563 0.04355699 0.04694980 0.06249042 0.06849736
0.04299594 0.03969531 0.04064595 0.05932822 0.07276261
0.04451292 0.04090029 0.04083371 0.05920865 0.08020136
0.04451292 0.04090029 0.04083371 0.05920865 0.08020136
0.04451292 0.04090029 0.04083371 0.05920865 0.08020136
0.04230896 0.04061222 0.03813261 0.05490453 0.08558072
0.04416580 0.03893363 0.04034786 0.06108240 0.09029796
0.05396213 0.03971980 0.04192026 0.06052701 0.09587007
0.04092485 0.05784023 0.04917883 0.03843796 0.11632895
0.04099091 0.06277687 0.05069235 0.04017518 0.10344050
0.04099091 0.06277687 0.05069235 0.04017518 0.10344050
0.04337807 0.06996211 0.04548591 0.04407732 0.10391499
0.04337807 0.06996211 0.04548591 0.04407732 0.10391499
0.04337807 0.06996211 0.04548591 0.04407732 0.10391499
0.04337807 0.06996211 0.04548591 0.04407732 0.10391499
0.04337807 0.06996211 0.04548591 0.04407732 0.10391499
0.04337807 0.06996211 0.04548591 0.04407732 0.10391499
0.04337807 0.06996211 0.04548591 0.04407732 0.10391499
0.04337807 0.06996211 0.04548591 0.04407732 0.10391499
0.04337807 0.06996211 0.04548591 0.04407732 0.10391499
0.04337807 0.06996211 0.04548591 0.04407732 0.10391499
0.04337807 0.06996211 0.04548591 0.04407732 0.10391499
0.04337807 0.06996211 0.04548591 0.04407732 0.10391499
0.04337807 0.06996211 0.04548591 0.04407732 0.10391499
0.04337807 0.06996211 0.04548591 0.04407732 0.10391499
0.04337807 0.06996211 0.04548591 0.04407732 0.10391499
0.04337807 0.06996211 0.04548591 0.04407732 0.10391499
0.04337807 0.06996211 0.04548591 0.04407732 0.10391499
0.04337807 0.06996211 0.04548591 0.04407732 0.10391499
0.04337807 0.06996211 0.04548591 0.04407732 0.10391499
0.04337807 0.06996211 0.04548591 0.04407732 0.10391499
0.04337807 0.06996211 0.04548591 0.04407732 0.10391499
0.04337807 0.06996211 0.04548591 0.04407732 0.10391499
0.04337807 0.06996211 0.04548591 0.04407732 0.10391499
0.04337807 0.06996211 0.04548591 0.04407732 0.10391499
0.04337807 0.06996211 0.04548591 0.04407732 0.10391499
0.04337807 0.06996211 0.04548591 0.04407732 0.10391499
0.04337807 0.06996211 0.04548591 0.04407732 0.10391499
0.04337807 0.06996211 0.04548591 0.04407732 0.10391499
0.04337807 0.06996211 0.04548591 0.04407732 0.10391499
0.04337807 0.06996211 0.04548591 0.04407732 0.10391499
0.04337807 0.06996211 0.04548591 0.04407732 0.10391499
0.04337807 0.06996211 0.04548591 0.04407732 0.10391499
0.04337807 0.06996211 0.04548591 0.04407732 0.10391499
0.04337807 0.06996211 0.04548591 0.04407732 0.10391499
0.04337807 0.06996211 0.04548591 0.04407732 0.10391499
0.04337807 0.06996211 0.04548591 0.04407732 0.10391499
0.04337807 0.06996211 0.04548591 0.04407732 0.10391499
0.04394031 0.04478469 0.05080110 0.08468793 0.05347347
0.04214465 0.05143887 0.05040496 0.09470630 0.05255313
0.04214465 0.05143887 0.05040496 0.09470630 0.05255313
0.04214465 0.05143887 0.05040496 0.09470630 0.05255313
0.04214465 0.05143887 0.05040496 0.09470630 0.05255313
0.04214465 0.05143887 0.05040496 0.09470630 0.05255313
0.04214465 0.05143887 0.05040496 0.09470630 0.05255313
0.04214465 0.05143887 0.05040496 0.09470630 0.05255313
0.04214465 0.05143887 0.05040496 0.09470630 0.05255313
0.04214465 0.05143887 0.05040496 0.09470630 0.05255313
0.04214465 0.05143887 0.05040496 0.09470630 0.05255313
0.04214465 0.05143887 0.05040496 0.09470630 0.05255313
0.04214465 0.05143887 0.05040496 0.09470630 0.05255313
0.04214465 0.05143887 0.05040496 0.09470630 0.05255313
0.04214465 0.05143887 0.05040496 0.09470630 0.05255313
0.04214465 0.05143887 0.05040496 0.09470630 0.05255313
0.04214465 0.05143887 0.05040496 0.09470630 0.05255313
0.04214465 0.05143887 0.05040496 0.09470630 0.05255313
0.04214465 0.05143887 0.05040496 0.09470630 0.05255313
0.04214465 0.05143887 0.05040496 0.09470630 0.05255313
0.04214465 0.05143887 0.05040496 0.09470630 0.05255313
0.04214465 0.05143887 0.05040496 0.09470630 0.05255313
0.04214465 0.05143887 0.05040496 0.09470630 0.05255313
0.04214465 0.05143887 0.05040496 0.09470630 0.05255313
0.04214465 0.05143887 0.05040496 0.09470630 0.05255313
0.04214465 0.05143887 0.05040496 0.09470630 0.05255313
0.04214465 0.05143887 0.05040496 0.09470630 0.05255313
0.04214465 0.05143887 0.05040496 0.09470630 0.05255313
0.04214465 0.05143887 0.05040496 0.09470630 0.05255313
0.04214465 0.05143887 0.05040496 0.09470630 0.05255313
0.04214465 0.05143887 0.05040496 0.09470630 0.05255313
0.04214465 0.05143887 0.05040496 0.09470630 0.05255313
0.04214465 0.05143887 0.05040496 0.09470630 0.05255313
0.04214465 0.05143887 0.05040496 0.09470630 0.05255313
0.04214465 0.05143887 0.05040496 0.09470630 0.05255313
0.04214465 0.05143887 0.05040496 0.09470630 0.05255313
0.04214465 0.05143887 0.05040496 0.09470630 0.05255313
0.04214465 0.05143887 0.05040496 0.09470630 0.05255313
0.04214465 0.05143887 0.05040496 0.09470630 0.05255313
0.04214465 0.05143887 0.05040496 0.09470630 0.05255313
0.04388858 0.03876439 0.04029711 0.05763681 0.06999030
0.03481039 0.03838434 0.03983279 0.03923083 0.05781353
0.03449489 0.03813603 0.04532838 0.03937588 0.05704715
0.03468239 0.03864772 0.05510565 0.03894091 0.06524822
0.03556550 0.03956644 0.06063757 0.03865275 0.05356209
0.03556550 0.03956644 0.06063757 0.03865275 0.05356209
0.03556550 0.03956644 0.06063757 0.03865275 0.05356209
0.03556550 0.03956644 0.06063757 0.03865275 0.05356209
0.03556550 0.03956644 0.06063757 0.03865275 0.05356209
0.03556550 0.03956644 0.06063757 0.03865275 0.05356209
0.03556550 0.03956644 0.06063757 0.03865275 0.05356209
0.03556550 0.03956644 0.06063757 0.03865275 0.05356209
0.03556550 0.03956644 0.06063757 0.03865275 0.05356209
0.03556550 0.03956644 0.06063757 0.03865275 0.05356209
0.03556550 0.03956644 0.06063757 0.03865275 0.05356209
0.03556550 0.03956644 0.06063757 0.03865275 0.05356209
0.03556550 0.03956644 0.06063757 0.03865275 0.05356209
0.03556550 0.03956644 0.06063757 0.03865275 0.05356209
0.03556550 0.03956644 0.06063757 0.03865275 0.05356209
0.03556550 0.03956644 0.06063757 0.03865275 0.05356209
0.03556550 0.03956644 0.06063757 0.03865275 0.05356209
0.03556550 0.03956644 0.06063757 0.03865275 0.05356209
0.03556550 0.03956644 0.06063757 0.03865275 0.05356209
0.03556550 0.03956644 0.06063757 0.03865275 0.05356209
0.03556550 0.03956644 0.06063757 0.03865275 0.05356209
0.03556550 0.03956644 0.06063757 0.03865275 0.05356209
0.03556550 0.03956644 0.06063757 0.03865275 0.05356209
0.03556550 0.03956644 0.06063757 0.03865275 0.05356209
0.03556550 0.03956644 0.06063757 0.03865275 0.05356209
0.03556550 0.03956644 0.06063757 0.03865275 0.05356209
0.03556550 0.03956644 0.06063757 0.03865275 0.05356209
0.03556550 0.03956644 0.06063757 0.03865275 0.05356209
0.03556550 0.03956644 0.06063757 0.03865275 0.05356209
0.03556550 0.03956644 0.06063757 0.03865275 0.05356209
0.03556550 0.03956644 0.06063757 0.03865275 0.05356209
0.03556550 0.03956644 0.06063757 0.03865275 0.05356209
0.03556550 0.03956644 0.06063757 0.03865275 0.05356209
0.03556550 0.03956644 0.06063757 0.03865275 0.05356209
0.03556550 0.03956644 0.06063757 0.03865275 0.05356209
0.03556550 0.03956644 0.06063757 0.03865275 0.05356209
0.04036751 0.03567861 0.04607705 0.04917785 0.05049257
0.03435278 0.04219750 0.04051218 0.05329273 0.04676133
0.03435278 0.04219750 0.04051218 0.05329273 0.04676133
0.03565847 0.03542238 0.03945421 0.05041103 0.04285406
0.03565847 0.03542238 0.03945421 0.05041103 0.04285406
0.03565847 0.03542238 0.03945421 0.05041103 0.04285406
0.03565847 0.03542238 0.03945421 0.05041103 0.04285406
0.03565847 0.03542238 0.03945421 0.05041103 0.04285406
0.03565847 0.03542238 0.03945421 0.05041103 0.04285406
0.03565847 0.03542238 0.03945421 0.05041103 0.04285406
0.03565847 0.03542238 0.03945421 0.05041103 0.04285406
0.03565847 0.03542238 0.03945421 0.05041103 0.04285406
0.03565847 0.03542238 0.03945421 0.05041103 0.04285406
0.03565847 0.03542238 0.03945421 0.05041103 0.04285406
0.03565847 0.03542238 0.03945421 0.05041103 0.04285406
0.03565847 0.03542238 0.03945421 0.05041103 0.04285406
0.03565847 0.03542238 0.03945421 0.05041103 0.04285406
0.03565847 0.03542238 0.03945421 0.05041103 0.04285406
0.03565847 0.03542238 0.03945421 0.05041103 0.04285406
0.03565847 0.03542238 0.03945421 0.05041103 0.04285406
0.03565847 0.03542238 0.03945421 0.05041103 0.04285406
0.03565847 0.03542238 0.03945421 0.05041103 0.04285406
0.03565847 0.03542238 0.03945421 0.05041103 0.04285406
0.03565847 0.03542238 0.03945421 0.05041103 0.04285406
0.03565847 0.03542238 0.03945421 0.05041103 0.04285406
0.03565847 0.03542238 0.03945421 0.05041103 0.04285406
0.03565847 0.03542238 0.03945421 0.05041103 0.04285406
0.03565847 0.03542238 0.03945421 0.05041103 0.04285406
0.03565847 0.03542238 0.03945421 0.05041103 0.04285406
0.03565847 0.03542238 0.03945421 0.05041103 0.04285406
0.03565847 0.03542238 0.03945421 0.05041103 0.04285406
0.03565847 0.03542238 0.03945421 0.05041103 0.04285406
0.03565847 0.03542238 0.03945421 0.05041103 0.04285406
0.03565847 0.03542238 0.03945421 0.05041103 0.04285406
0.03565847 0.03542238 0.03945421 0.05041103 0.04285406
0.03565847 0.03542238 0.03945421 0.05041103 0.04285406
0.03565847 0.03542238 0.03945421 0.05041103 0.04285406
0.03565847 0.03542238 0.03945421 0.05041103 0.04285406
0.03565847 0.03542238 0.03945421 0.05041103 0.04285406
0.03565847 0.03542238 0.03945421 0.05041103 0.04285406
0.05599393 0.05310606 0.08911766 0.08832336 0.07686615
0.05599393 0.05310606 0.08911766 0.08832336 0.07686615
0.05599393 0.05310606 0.08911766 0.08832336 0.07686615
0.03541400 0.03820734 0.04810121 0.03777655 0.04951850
0.03541400 0.03820734 0.04810121 0.03777655 0.04951850
0.03541400 0.03820734 0.04810121 0.03777655 0.04951850
0.03541400 0.03820734 0.04810121 0.03777655 0.04951850
0.03541400 0.03820734 0.04810121 0.03777655 0.04951850
0.03541400 0.03820734 0.04810121 0.03777655 0.04951850
0.03541400 0.03820734 0.04810121 0.03777655 0.04951850
0.03541400 0.03820734 0.04810121 0.03777655 0.04951850
0.03541400 0.03820734 0.04810121 0.03777655 0.04951850
0.03541400 0.03820734 0.04810121 0.03777655 0.04951850
0.03541400 0.03820734 0.04810121 0.03777655 0.04951850
0.03541400 0.03820734 0.04810121 0.03777655 0.04951850
0.03541400 0.03820734 0.04810121 0.03777655 0.04951850
0.03541400 0.03820734 0.04810121 0.03777655 0.04951850
0.03541400 0.03820734 0.04810121 0.03777655 0.04951850
0.03541400 0.03820734 0.04810121 0.03777655 0.04951850
0.03541400 0.03820734 0.04810121 0.03777655 0.04951850
0.03541400 0.03820734 0.04810121 0.03777655 0.04951850
0.03541400 0.03820734 0.04810121 0.03777655 0.04951850
0.03541400 0.03820734 0.04810121 0.03777655 0.04951850
0.03541400 0.03820734 0.04810121 0.03777655 0.04951850
0.03541400 0.03820734 0.04810121 0.03777655 0.04951850
0.03541400 0.03820734 0.04810121 0.03777655 0.04951850
0.03541400 0.03820734 0.04810121 0.03777655 0.04951850
0.03541400 0.03820734 0.04810121 0.03777655 0.04951850
0.03541400 0.03820734 0.04810121 0.03777655 0.04951850
0.03541400 0.03820734 0.04810121 0.03777655 0.04951850
0.03541400 0.03820734 0.04810121 0.03777655 0.04951850
0.03541400 0.03820734 0.04810121 0.03777655 0.04951850
0.03541400 0.03820734 0.04810121 0.03777655 0.04951850
0.03541400 0.03820734 0.04810121 0.03777655 0.04951850
0.03541400 0.03820734 0.04810121 0.03777655 0.04951850
0.03541400 0.03820734 0.04810121 0.03777655 0.04951850
0.03541400 0.03820734 0.04810121 0.03777655 0.04951850
0.03541400 0.03820734 0.04810121 0.03777655 0.04951850
0.03541400 0.03820734 0.04810121 0.03777655 0.04951850
0.03541400 0.03820734 0.04810121 0.03777655 0.04951850
0.11586837 0.08768979 0.05345771 0.12924550 0.07394261
0.11586837 0.08768979 0.05345771 0.12924550 0.07394261
0.09303052 0.08894797 0.05992374 0.12809094 0.07151749
0.03269389 0.03295208 0.04504943 0.03526941 0.04963839
0.03269389 0.03295208 0.04504943 0.03526941 0.04963839
0.03269389 0.03295208 0.04504943 0.03526941 0.04963839
0.03269389 0.03295208 0.04504943 0.03526941 0.04963839
0.03269389 0.03295208 0.04504943 0.03526941 0.04963839
0.03269389 0.03295208 0.04504943 0.03526941 0.04963839
0.03269389 0.03295208 0.04504943 0.03526941 0.04963839
0.03269389 0.03295208 0.04504943 0.03526941 0.04963839
0.03269389 0.03295208 0.04504943 0.03526941 0.04963839
0.03269389 0.03295208 0.04504943 0.03526941 0.04963839
0.03269389 0.03295208 0.04504943 0.03526941 0.04963839
0.03269389 0.03295208 0.04504943 0.03526941 0.04963839
0.03269389 0.03295208 0.04504943 0.03526941 0.04963839
0.03269389 0.03295208 0.04504943 0.03526941 0.04963839
0.03269389 0.03295208 0.04504943 0.03526941 0.04963839
0.03269389 0.03295208 0.04504943 0.03526941 0.04963839
0.03269389 0.03295208 0.04504943 0.03526941 0.04963839
0.03269389 0.03295208 0.04504943 0.03526941 0.04963839
0.03269389 0.03295208 0.04504943 0.03526941 0.04963839
0.03269389 0.03295208 0.04504943 0.03526941 0.04963839
0.03269389 0.03295208 0.04504943 0.03526941 0.04963839
0.03269389 0.03295208 0.04504943 0.03526941 0.04963839
0.03269389 0.03295208 0.04504943 0.03526941 0.04963839
0.03269389 0.03295208 0.04504943 0.03526941 0.04963839
0.03269389 0.03295208 0.04504943 0.03526941 0.04963839
0.03269389 0.03295208 0.04504943 0.03526941 0.04963839
0.03269389 0.03295208 0.04504943 0.03526941 0.04963839
0.03269389 0.03295208 0.04504943 0.03526941 0.04963839
0.03269389 0.03295208 0.04504943 0.03526941 0.04963839
0.03269389 0.03295208 0.04504943 0.03526941 0.04963839
0.03269389 0.03295208 0.04504943 0.03526941 0.04963839
0.03269389 0.03295208 0.04504943 0.03526941 0.04963839
0.03269389 0.03295208 0.04504943 0.03526941 0.04963839
0.03269389 0.03295208 0.04504943 0.03526941 0.04963839
0.03269389 0.03295208 0.04504943 0.03526941 0.04963839
0.03269389 0.03295208 0.04504943 0.03526941 0.04963839
0.03269389 0.03295208 0.04504943 0.03526941 0.04963839
0.04874355 0.05534172 0.03936716 0.05839222 0.04095936
0.04874355 0.05534172 0.03936716 0.05839222 0.04095936
0.04167617 0.05283677 0.03927153 0.04860753 0.04097693
0.04167617 0.05283677 0.03927153 0.04860753 0.04097693
0.03994241 0.05686375 0.03940340 0.04803958 0.04184040
0.03994241 0.05686375 0.03940340 0.04803958 0.04184040
0.03994241 0.05686375 0.03940340 0.04803958 0.04184040
0.03994241 0.05686375 0.03940340 0.04803958 0.04184040
0.03994241 0.05686375 0.03940340 0.04803958 0.04184040
0.03994241 0.05686375 0.03940340 0.04803958 0.04184040
0.03994241 0.05686375 0.03940340 0.04803958 0.04184040
0.03994241 0.05686375 0.03940340 0.04803958 0.04184040
0.03994241 0.05686375 0.03940340 0.04803958 0.04184040
0.03994241 0.05686375 0.03940340 0.04803958 0.04184040
0.03994241 0.05686375 0.03940340 0.04803958 0.04184040
0.03994241 0.05686375 0.03940340 0.04803958 0.04184040
0.03994241 0.05686375 0.03940340 0.04803958 0.04184040
0.03994241 0.05686375 0.03940340 0.04803958 0.04184040
0.03994241 0.05686375 0.03940340 0.04803958 0.04184040
0.03994241 0.05686375 0.03940340 0.04803958 0.04184040
0.03994241 0.05686375 0.03940340 0.04803958 0.04184040
0.03994241 0.05686375 0.03940340 0.04803958 0.04184040
0.03994241 0.05686375 0.03940340 0.04803958 0.04184040
0.03994241 0.05686375 0.03940340 0.04803958 0.04184040
0.03994241 0.05686375 0.03940340 0.04803958 0.04184040
0.03994241 0.05686375 0.03940340 0.04803958 0.04184040
0.03994241 0.05686375 0.03940340 0.04803958 0.04184040
0.03994241 0.05686375 0.03940340 0.04803958 0.04184040
0.03994241 0.05686375 0.03940340 0.04803958 0.04184040
0.03994241 0.05686375 0.03940340 0.04803958 0.04184040
0.03994241 0.05686375 0.03940340 0.04803958 0.04184040
0.03994241 0.05686375 0.03940340 0.04803958 0.04184040
0.03994241 0.05686375 0.03940340 0.04803958 0.04184040
0.03994241 0.05686375 0.03940340 0.04803958 0.04184040
0.03994241 0.05686375 0.03940340 0.04803958 0.04184040
0.03994241 0.05686375 0.03940340 0.04803958 0.04184040
0.03994241 0.05686375 0.03940340 0.04803958 0.04184040
0.03994241 0.05686375 0.03940340 0.04803958 0.04184040
0.03994241 0.05686375 0.03940340 0.04803958 0.04184040
0.03994241 0.05686375 0.03940340 0.04803958 0.04184040
0.03310606 0.03402798 0.04317661 0.04308064 0.04872569
0.03310606 0.03402798 0.04317661 0.04308064 0.04872569
0.03310606 0.03402798 0.04317661 0.04308064 0.04872569
0.04075081 0.03458185 0.04394390 0.03675285 0.04368716
0.04075081 0.03458185 0.04394390 0.03675285 0.04368716
0.04075081 0.03458185 0.04394390 0.03675285 0.04368716
0.04075081 0.03458185 0.04394390 0.03675285 0.04368716
0.04075081 0.03458185 0.04394390 0.03675285 0.04368716
0.04075081 0.03458185 0.04394390 0.03675285 0.04368716
0.04075081 0.03458185 0.04394390 0.03675285 0.04368716
0.04075081 0.03458185 0.04394390 0.03675285 0.04368716
0.04075081 0.03458185 0.04394390 0.03675285 0.04368716
0.04075081 0.03458185 0.04394390 0.03675285 0.04368716
0.04075081 0.03458185 0.04394390 0.03675285 0.04368716
0.04075081 0.03458185 0.04394390 0.03675285 0.04368716
0.04075081 0.03458185 0.04394390 0.03675285 0.04368716
0.04075081 0.03458185 0.04394390 0.03675285 0.04368716
0.04075081 0.03458185 0.04394390 0.03675285 0.04368716
0.04075081 0.03458185 0.04394390 0.03675285 0.04368716
0.04075081 0.03458185 0.04394390 0.03675285 0.04368716
0.04075081 0.03458185 0.04394390 0.03675285 0.04368716
0.04075081 0.03458185 0.04394390 0.03675285 0.04368716
0.04075081 0.03458185 0.04394390 0.03675285 0.04368716
0.04075081 0.03458185 0.04394390 0.03675285 0.04368716
0.04075081 0.03458185 0.04394390 0.03675285 0.04368716
0.04075081 0.03458185 0.04394390 0.03675285 0.04368716
0.04075081 0.03458185 0.04394390 0.03675285 0.04368716
0.04075081 0.03458185 0.04394390 0.03675285 0.04368716
0.04075081 0.03458185 0.04394390 0.03675285 0.04368716
0.04075081 0.03458185 0.04394390 0.03675285 0.04368716
0.04075081 0.03458185 0.04394390 0.03675285 0.04368716
0.04075081 0.03458185 0.04394390 0.03675285 0.04368716
0.04075081 0.03458185 0.04394390 0.03675285 0.04368716
0.04075081 0.03458185 0.04394390 0.03675285 0.04368716
0.04075081 0.03458185 0.04394390 0.03675285 0.04368716
0.04075081 0.03458185 0.04394390 0.03675285 0.04368716
0.04075081 0.03458185 0.04394390 0.03675285 0.04368716
0.04075081 0.03458185 0.04394390 0.03675285 0.04368716
0.04075081 0.03458185 0.04394390 0.03675285 0.04368716
0.04075081 0.03458185 0.04394390 0.03675285 0.04368716
0.03740816 0.06133320 0.04837815 0.04558520 0.05015539
0.04029269 0.05213114 0.05128883 0.05064390 0.04684842
0.04029269 0.05213114 0.05128883 0.05064390 0.04684842
0.04029269 0.05213114 0.05128883 0.05064390 0.04684842
0.03491872 0.06079749 0.04590269 0.05540528 0.04671821
0.03491872 0.06079749 0.04590269 0.05540528 0.04671821
0.03491872 0.06079749 0.04590269 0.05540528 0.04671821
0.03491872 0.06079749 0.04590269 0.05540528 0.04671821
0.03491872 0.06079749 0.04590269 0.05540528 0.04671821
0.03491872 0.06079749 0.04590269 0.05540528 0.04671821
0.03491872 0.06079749 0.04590269 0.05540528 0.04671821
0.03491872 0.06079749 0.04590269 0.05540528 0.04671821
0.03491872 0.06079749 0.04590269 0.05540528 0.04671821
0.03491872 0.06079749 0.04590269 0.05540528 0.04671821
0.03491872 0.06079749 0.04590269 0.05540528 0.04671821
0.03491872 0.06079749 0.04590269 0.05540528 0.04671821
0.03491872 0.06079749 0.04590269 0.05540528 0.04671821
0.03491872 0.06079749 0.04590269 0.05540528 0.04671821
0.03491872 0.06079749 0.04590269 0.05540528 0.04671821
0.03491872 0.06079749 0.04590269 0.05540528 0.04671821
0.03491872 0.06079749 0.04590269 0.05540528 0.04671821
0.03491872 0.06079749 0.04590269 0.05540528 0.04671821
0.03491872 0.06079749 0.04590269 0.05540528 0.04671821
0.03491872 0.06079749 0.04590269 0.05540528 0.04671821
0.03491872 0.06079749 0.04590269 0.05540528 0.04671821
0.03491872 0.06079749 0.04590269 0.05540528 0.04671821
0.03491872 0.06079749 0.04590269 0.05540528 0.04671821
0.03491872 0.06079749 0.04590269 0.05540528 0.04671821
0.03491872 0.06079749 0.04590269 0.05540528 0.04671821
0.03491872 0.06079749 0.04590269 0.05540528 0.04671821
0.03491872 0.06079749 0.04590269 0.05540528 0.04671821
0.03491872 0.06079749 0.04590269 0.05540528 0.04671821
0.03491872 0.06079749 0.04590269 0.05540528 0.04671821
0.03491872 0.06079749 0.04590269 0.05540528 0.04671821
0.03491872 0.06079749 0.04590269 0.05540528 0.04671821
0.03491872 0.06079749 0.04590269 0.05540528 0.04671821
0.03491872 0.06079749 0.04590269 0.05540528 0.04671821
0.03491872 0.06079749 0.04590269 0.05540528 0.04671821
0.03491872 0.06079749 0.04590269 0.05540528 0.04671821
0.03491872 0.06079749 0.04590269 0.05540528 0.04671821
0.07773970 0.04381368 0.05367370 0.05449086 0.07059628
0.07773970 0.04381368 0.05367370 0.05449086 0.07059628
0.07655844 0.04777709 0.05727122 0.05391761 0.08088705
0.07655844 0.04777709 0.05727122 0.05391761 0.08088705
0.07077918 0.03702436 0.05571832 0.04911130 0.07936238
0.07077918 0.03702436 0.05571832 0.04911130 0.07936238
0.07077918 0.03702436 0.05571832 0.04911130 0.07936238
0.07077918 0.03702436 0.05571832 0.04911130 0.07936238
0.07077918 0.03702436 0.05571832 0.04911130 0.07936238
0.07077918 0.03702436 0.05571832 0.04911130 0.07936238
0.07077918 0.03702436 0.05571832 0.04911130 0.07936238
0.07077918 0.03702436 0.05571832 0.04911130 0.07936238
0.07077918 0.03702436 0.05571832 0.04911130 0.07936238
0.07077918 0.03702436 0.05571832 0.04911130 0.07936238
0.07077918 0.03702436 0.05571832 0.04911130 0.07936238
0.07077918 0.03702436 0.05571832 0.04911130 0.07936238
0.07077918 0.03702436 0.05571832 0.04911130 0.07936238
0.07077918 0.03702436 0.05571832 0.04911130 0.07936238
0.07077918 0.03702436 0.05571832 0.04911130 0.07936238
0.07077918 0.03702436 0.05571832 0.04911130 0.07936238
0.07077918 0.03702436 0.05571832 0.04911130 0.07936238
0.07077918 0.03702436 0.05571832 0.04911130 0.07936238
0.07077918 0.03702436 0.05571832 0.04911130 0.07936238
0.07077918 0.03702436 0.05571832 0.04911130 0.07936238
0.07077918 0.03702436 0.05571832 0.04911130 0.07936238
0.07077918 0.03702436 0.05571832 0.04911130 0.07936238
0.07077918 0.03702436 0.05571832 0.04911130 0.07936238
0.07077918 0.03702436 0.05571832 0.04911130 0.07936238
0.07077918 0.03702436 0.05571832 0.04911130 0.07936238
0.07077918 0.03702436 0.05571832 0.04911130 0.07936238
0.07077918 0.03702436 0.05571832 0.04911130 0.07936238
0.07077918 0.03702436 0.05571832 0.04911130 0.07936238
0.07077918 0.03702436 0.05571832 0.04911130 0.07936238
0.07077918 0.03702436 0.05571832 0.04911130 0.07936238
0.07077918 0.03702436 0.05571832 0.04911130 0.07936238
0.07077918 0.03702436 0.05571832 0.04911130 0.07936238
0.07077918 0.03702436 0.05571832 0.04911130 0.07936238
0.07077918 0.03702436 0.05571832 0.04911130 0.07936238
