0.00000000 0.00000000 0.00000000 0.00000000 0.00000000
0.00000000 0.00000000 0.00000000 0.00000000 0.00000000
0.00000000 0.00000000 0.00000000 0.00000000 0.00000000
0.29573930 0.41269975 0.38502971 0.51685971 0.37122261
0.29702601 0.41005492 0.38595853 0.50756780 0.36071273
0.29702601 0.41005492 0.38595853 0.50756780 0.36071273
0.29702601 0.41005492 0.38595853 0.50756780 0.36071273
0.26320586 0.27068520 0.34324708 0.35104993 0.27064261
0.26611512 0.27137509 0.34037978 0.35417135 0.27577636
0.27217300 0.26866590 0.34346468 0.34982278 0.27875321
0.27129539 0.26505458 0.34571087 0.35361283 0.27457521
0.27222329 0.26499874 0.34393284 0.35815378 0.27366299
0.27222329 0.26499874 0.34393284 0.35815378 0.27366299
0.27222329 0.26499874 0.34393284 0.35815378 0.27366299
0.27222329 0.26499874 0.34393284 0.35815378 0.27366299
0.27222329 0.26499874 0.34393284 0.35815378 0.27366299
0.27222329 0.26499874 0.34393284 0.35815378 0.27366299
0.23851146 0.43883135 0.36105082 0.30947413 0.21624392
0.23851146 0.43883135 0.36105082 0.30947413 0.21624392
0.23851146 0.43883135 0.36105082 0.30947413 0.21624392
0.24047672 0.43880956 0.36110404 0.31591982 0.22098230
0.24273007 0.43682525 0.36010964 0.31716852 0.21990596
0.24273007 0.43682525 0.36010964 0.31716852 0.21990596
0.24273007 0.43682525 0.36010964 0.31716852 0.21990596
0.24273007 0.43682525 0.36010964 0.31716852 0.21990596
0.24273007 0.43682525 0.36010964 0.31716852 0.21990596
0.24273007 0.43682525 0.36010964 0.31716852 0.21990596
0.24273007 0.43682525 0.36010964 0.31716852 0.21990596
0.24273007 0.43682525 0.36010964 0.31716852 0.21990596
0.24273007 0.43682525 0.36010964 0.31716852 0.21990596
0.24273007 0.43682525 0.36010964 0.31716852 0.21990596
0.24273007 0.43682525 0.36010964 0.31716852 0.21990596
0.24273007 0.43682525 0.36010964 0.31716852 0.21990596
0.24273007 0.43682525 0.36010964 0.31716852 0.21990596
0.24273007 0.43682525 0.36010964 0.31716852 0.21990596
0.24273007 0.43682525 0.36010964 0.31716852 0.21990596
0.24273007 0.43682525 0.36010964 0.31716852 0.21990596
0.24273007 0.43682525 0.36010964 0.31716852 0.21990596
0.24273007 0.43682525 0.36010964 0.31716852 0.21990596
0.24273007 0.43682525 0.36010964 0.31716852 0.21990596
0.24273007 0.43682525 0.36010964 0.31716852 0.21990596
0.24273007 0.43682525 0.36010964 0.31716852 0.21990596
0.24273007 0.43682525 0.36010964 0.31716852 0.21990596
0.24273007 0.43682525 0.36010964 0.31716852 0.21990596
0.24273007 0.43682525 0.36010964 0.31716852 0.21990596
0.24273007 0.43682525 0.36010964 0.31716852 0.21990596
0.24273007 0.43682525 0.36010964 0.31716852 0.21990596
0.24273007 0.43682525 0.36010964 0.31716852 0.21990596
0.24273007 0.43682525 0.36010964 0.31716852 0.21990596
0.24273007 0.43682525 0.36010964 0.31716852 0.21990596
0.24273007 0.43682525 0.36010964 0.31716852 0.21990596
0.24273007 0.43682525 0.36010964 0.31716852 0.21990596
0.24273007 0.43682525 0.36010964 0.31716852 0.21990596
0.24273007 0.43682525 0.36010964 0.31716852 0.21990596
0.24273007 0.43682525 0.36010964 0.31716852 0.21990596
0.24273007 0.43682525 0.36010964 0.31716852 0.21990596
0.24273007 0.43682525 0.36010964 0.31716852 0.21990596
0.24273007 0.43682525 0.36010964 0.31716852 0.21990596
0.24273007 0.43682525 0.36010964 0.31716852 0.21990596
0.24273007 0.43682525 0.36010964 0.31716852 0.21990596
0.24273007 0.43682525 0.36010964 0.31716852 0.21990596
0.24273007 0.43682525 0.36010964 0.31716852 0.21990596
0.30100474 0.19928806 0.18303016 0.25728390 0.22612502
0.30100474 0.19928806 0.18303016 0.25728390 0.22612502
0.31151713 0.20849365 0.17497808 0.25439979 0.21299995
0.31151713 0.20849365 0.17497808 0.25439979 0.21299995
0.31151713 0.20849365 0.17497808 0.25439979 0.21299995
0.42275947 0.37298832 0.39889594 0.41726260 0.38569242
0.42275947 0.37298832 0.39889594 0.41726260 0.38569242
0.42763880 0.38413828 0.39773644 0.41007068 0.37755284
0.43415898 0.38284916 0.39026321 0.39662369 0.36881925
0.43415898 0.38284916 0.39026321 0.39662369 0.36881925
0.43229318 0.38457842 0.39133284 0.39500165 0.36260160
0.43280564 0.39185368 0.39096330 0.39579707 0.37650077
0.43280564 0.39185368 0.39096330 0.39579707 0.37650077
0.44432257 0.39037023 0.38110552 0.38581403 0.36972161
0.44432257 0.39037023 0.38110552 0.38581403 0.36972161
0.45297077 0.36953364 0.37223950 0.39588879 0.35932273
0.44605305 0.38638784 0.37128005 0.38287296 0.36992131
0.44605305 0.38638784 0.37128005 0.38287296 0.36992131
0.44605305 0.38638784 0.37128005 0.38287296 0.36992131
0.39935265 0.34194860 0.36436208 0.40082998 0.32264725
0.39935265 0.34194860 0.36436208 0.40082998 0.32264725
0.39935265 0.34194860 0.36436208 0.40082998 0.32264725
0.39935265 0.34194860 0.36436208 0.40082998 0.32264725
0.39122419 0.34353066 0.38147199 0.38813206 0.31766487
0.39122419 0.34353066 0.38147199 0.38813206 0.31766487
0.39122419 0.34353066 0.38147199 0.38813206 0.31766487
0.39122419 0.34353066 0.38147199 0.38813206 0.31766487
0.38877358 0.36284059 0.37070228 0.39711144 0.30153144
0.38877358 0.36284059 0.37070228 0.39711144 0.30153144
0.38877358 0.36284059 0.37070228 0.39711144 0.30153144
0.38877358 0.36284059 0.37070228 0.39711144 0.30153144
0.38395975 0.36496349 0.36124744 0.39189727 0.30604842
0.38395975 0.36496349 0.36124744 0.39189727 0.30604842
0.38957254 0.37555094 0.34890345 0.38240044 0.30343272
0.39824125 0.35790555 0.35379216 0.39228363 0.31669076
0.39824125 0.35790555 0.35379216 0.39228363 0.31669076
0.40051246 0.36281771 0.34940299 0.40613244 0.31135592
0.40051246 0.36281771 0.34940299 0.40613244 0.31135592
0.40051246 0.36281771 0.34940299 0.40613244 0.31135592
0.40051246 0.36281771 0.34940299 0.40613244 0.31135592
0.40488795 0.35470499 0.34579579 0.40312552 0.30785213
0.40488795 0.35470499 0.34579579 0.40312552 0.30785213
0.40488795 0.35470499 0.34579579 0.40312552 0.30785213
0.40488795 0.35470499 0.34579579 0.40312552 0.30785213
0.40488795 0.35470499 0.34579579 0.40312552 0.30785213
0.40488795 0.35470499 0.34579579 0.40312552 0.30785213
0.40488795 0.35470499 0.34579579 0.40312552 0.30785213
0.40727093 0.32624874 0.35708229 0.41550887 0.31443736
0.40727093 0.32624874 0.35708229 0.41550887 0.31443736
0.40727093 0.32624874 0.35708229 0.41550887 0.31443736
0.40727093 0.32624874 0.35708229 0.41550887 0.31443736
0.42049260 0.34058390 0.36490862 0.40509448 0.31852663
0.41779635 0.35161121 0.37124522 0.41440314 0.33413502
0.41779635 0.35161121 0.37124522 0.41440314 0.33413502
0.41779635 0.35161121 0.37124522 0.41440314 0.33413502
0.41779635 0.35161121 0.37124522 0.41440314 0.33413502
0.41779635 0.35161121 0.37124522 0.41440314 0.33413502
0.41779635 0.35161121 0.37124522 0.41440314 0.33413502
0.41779635 0.35161121 0.37124522 0.41440314 0.33413502
0.41779635 0.35161121 0.37124522 0.41440314 0.33413502
0.40706625 0.35156921 0.35561841 0.41081377 0.33081274
0.35346439 0.28311727 0.29753547 0.35895926 0.27265603
0.35346439 0.28311727 0.29753547 0.35895926 0.27265603
0.34778586 0.28891457 0.30978498 0.36202534 0.26799589
0.34778586 0.28891457 0.30978498 0.36202534 0.26799589
0.34778586 0.28891457 0.30978498 0.36202534 0.26799589
0.34043865 0.30475581 0.31387521 0.37887473 0.26118681
0.34043865 0.30475581 0.31387521 0.37887473 0.26118681
0.33296148 0.30928556 0.33209401 0.37491495 0.27593605
0.33296148 0.30928556 0.33209401 0.37491495 0.27593605
0.33296148 0.30928556 0.33209401 0.37491495 0.27593605
0.33296148 0.30928556 0.33209401 0.37491495 0.27593605
0.33296148 0.30928556 0.33209401 0.37491495 0.27593605
0.33296148 0.30928556 0.33209401 0.37491495 0.27593605
0.33796202 0.30944340 0.32991435 0.39292870 0.26996900
0.32573848 0.31781077 0.32258272 0.40699486 0.28014823
0.32368519 0.31581257 0.32592067 0.40204705 0.27753545
0.32368519 0.31581257 0.32592067 0.40204705 0.27753545
0.33558386 0.31287949 0.31665429 0.39621763 0.27431192
0.33558386 0.31287949 0.31665429 0.39621763 0.27431192
0.33373266 0.30957356 0.31764985 0.40461272 0.26843090
0.33373266 0.30957356 0.31764985 0.40461272 0.26843090
0.33373266 0.30957356 0.31764985 0.40461272 0.26843090
0.34244232 0.29598656 0.31836340 0.39356997 0.24944516
0.34244232 0.29598656 0.31836340 0.39356997 0.24944516
0.34244232 0.29598656 0.31836340 0.39356997 0.24944516
0.34244232 0.29598656 0.31836340 0.39356997 0.24944516
0.34244232 0.29598656 0.31836340 0.39356997 0.24944516
0.31366571 0.22842162 0.23316838 0.30262061 0.20008573
0.31877953 0.24186627 0.23947607 0.29297294 0.19756949
0.31877953 0.24186627 0.23947607 0.29297294 0.19756949
0.31877953 0.24186627 0.23947607 0.29297294 0.19756949
0.31373075 0.22866233 0.24370603 0.29141564 0.20179167
0.32923618 0.22132568 0.23867971 0.28366898 0.19294697
0.25162756 0.17813386 0.17833924 0.26158675 0.17784541
0.25821448 0.18499516 0.17929234 0.25026598 0.17306477
0.26518663 0.18879406 0.19337806 0.24490189 0.17196624
0.27276632 0.17494085 0.18941064 0.24457514 0.17733900
0.27276632 0.17494085 0.18941064 0.24457514 0.17733900
0.27371131 0.17501804 0.18344511 0.24325119 0.17510013
0.26473849 0.16905471 0.18024326 0.23687998 0.15284596
0.26473849 0.16905471 0.18024326 0.23687998 0.15284596
0.28004038 0.16516930 0.17752970 0.22219919 0.14802938
0.28901085 0.17033994 0.19194587 0.22587695 0.16661184
0.27754181 0.17126697 0.19565875 0.22392926 0.18620738
0.27279641 0.17181814 0.20612395 0.21331768 0.18258810
0.26257355 0.17820344 0.20996001 0.21247603 0.18565622
0.25882697 0.17728355 0.21376099 0.21341839 0.17567733
0.25070606 0.18033141 0.21652570 0.21730928 0.16987606
0.25070606 0.18033141 0.21652570 0.21730928 0.16987606
0.25070606 0.18033141 0.21652570 0.21730928 0.16987606
0.24958496 0.19343772 0.23035547 0.20062251 0.17271537
0.24958496 0.19343772 0.23035547 0.20062251 0.17271537
0.19493775 0.15212960 0.15547025 0.22002046 0.14406051
0.20097109 0.15850733 0.15105428 0.20388608 0.13674292
0.19656425 0.14210598 0.14157291 0.20209375 0.14365144
0.18850217 0.14849579 0.13621168 0.21255679 0.14340893
0.15701624 0.11626980 0.12267481 0.19324155 0.13226279
0.15421517 0.12640602 0.12527569 0.19544796 0.12847767
0.13129761 0.08993853 0.09800992 0.15192557 0.11107118
0.13129761 0.08993853 0.09800992 0.15192557 0.11107118
0.13129761 0.08993853 0.09800992 0.15192557 0.11107118
0.13129761 0.08993853 0.09800992 0.15192557 0.11107118
0.12696610 0.08397832 0.09643822 0.15694606 0.10912881
0.12696610 0.08397832 0.09643822 0.15694606 0.10912881
0.12483132 0.08814984 0.09105888 0.16387563 0.11747330
0.12483132 0.08814984 0.09105888 0.16387563 0.11747330
0.12288600 0.08966448 0.08979898 0.16102632 0.12783215
0.12505855 0.08621626 0.09454920 0.16018755 0.13281161
0.12080223 0.07711343 0.09092744 0.15239953 0.14169917
0.12080223 0.07711343 0.09092744 0.15239953 0.14169917
0.12080223 0.07711343 0.09092744 0.15239953 0.14169917
0.12080223 0.07711343 0.09092744 0.15239953 0.14169917
0.10850507 0.07156636 0.09384496 0.14940108 0.15644910
0.11106289 0.06779297 0.08079777 0.13817659 0.15361091
0.11146612 0.06996426 0.08415161 0.14970020 0.15598473
0.11146612 0.06996426 0.08415161 0.14970020 0.15598473
0.11146612 0.06996426 0.08415161 0.14970020 0.15598473
0.11146612 0.06996426 0.08415161 0.14970020 0.15598473
0.11146612 0.06996426 0.08415161 0.14970020 0.15598473
0.11146612 0.06996426 0.08415161 0.14970020 0.15598473
0.10992859 0.06618175 0.08241945 0.13196130 0.15830531
0.10992859 0.06618175 0.08241945 0.13196130 0.15830531
0.10992859 0.06618175 0.08241945 0.13196130 0.15830531
0.10992859 0.06618175 0.08241945 0.13196130 0.15830531
0.09719455 0.07593280 0.07753382 0.12448230 0.16141922
0.09719455 0.07593280 0.07753382 0.12448230 0.16141922
0.09719455 0.07593280 0.07753382 0.12448230 0.16141922
0.09719455 0.07593280 0.07753382 0.12448230 0.16141922
0.09719455 0.07593280 0.07753382 0.12448230 0.16141922
0.09935359 0.07474684 0.08945691 0.12035002 0.16885623
0.09935359 0.07474684 0.08945691 0.12035002 0.16885623
0.10104345 0.07771822 0.09555873 0.11106522 0.15922106
0.10104345 0.07771822 0.09555873 0.11106522 0.15922106
0.10104345 0.07771822 0.09555873 0.11106522 0.15922106
0.10104345 0.07771822 0.09555873 0.11106522 0.15922106
0.10120321 0.08203263 0.09073438 0.10492691 0.16718938
0.08850423 0.08916347 0.09739142 0.09991507 0.16556063
0.08850423 0.08916347 0.09739142 0.09991507 0.16556063
0.08850423 0.08916347 0.09739142 0.09991507 0.16556063
0.08850423 0.08916347 0.09739142 0.09991507 0.16556063
0.08503550 0.08688876 0.09460908 0.10173391 0.16332364
0.09148714 0.08533023 0.09615957 0.11115616 0.16946835
0.09148714 0.08533023 0.09615957 0.11115616 0.16946835
0.13822502 0.07127817 0.07622124 0.12480085 0.08173044
0.13822502 0.07127817 0.07622124 0.12480085 0.08173044
0.13822502 0.07127817 0.07622124 0.12480085 0.08173044
0.13822502 0.07127817 0.07622124 0.12480085 0.08173044
0.12664456 0.06991625 0.07324596 0.12226486 0.07369931
0.13021709 0.06707321 0.08019583 0.13499913 0.09543712
0.12771270 0.07580341 0.07525240 0.13347025 0.10293755
0.12771270 0.07580341 0.07525240 0.13347025 0.10293755
0.12771270 0.07580341 0.07525240 0.13347025 0.10293755
0.12771270 0.07580341 0.07525240 0.13347025 0.10293755
0.12771270 0.07580341 0.07525240 0.13347025 0.10293755
0.12771270 0.07580341 0.07525240 0.13347025 0.10293755
0.14605291 0.07721578 0.08243738 0.14525578 0.11657585
0.14712018 0.07493211 0.07838085 0.14641591 0.11451456
0.13171137 0.08077402 0.07946527 0.14260191 0.10802273
0.13171137 0.08077402 0.07946527 0.14260191 0.10802273
0.13171137 0.08077402 0.07946527 0.14260191 0.10802273
0.12622385 0.08204303 0.06628748 0.13740206 0.10152226
0.13126483 0.08352999 0.06628394 0.14264195 0.10212469
0.13126483 0.08352999 0.06628394 0.14264195 0.10212469
0.11922440 0.07992064 0.05960845 0.15337590 0.08477931
0.12956272 0.09101885 0.06525937 0.15846353 0.07292617
0.12621492 0.08519266 0.06878660 0.16450374 0.07449104
0.12621492 0.08519266 0.06878660 0.16450374 0.07449104
0.12621492 0.08519266 0.06878660 0.16450374 0.07449104
0.12621492 0.08519266 0.06878660 0.16450374 0.07449104
0.14242134 0.08545834 0.06571436 0.17440467 0.07057757
0.15429683 0.08303669 0.06475049 0.18625004 0.07230808
0.15429683 0.08303669 0.06475049 0.18625004 0.07230808
0.15429683 0.08303669 0.06475049 0.18625004 0.07230808
0.15267671 0.07821876 0.07001783 0.19852117 0.08038437
0.16248748 0.07699161 0.07225762 0.18955042 0.07499302
0.15963640 0.06787157 0.08614589 0.18734312 0.06385313
0.14734395 0.07245750 0.10061677 0.17575040 0.06952477
0.14734395 0.07245750 0.10061677 0.17575040 0.06952477
0.15647864 0.06860908 0.10901699 0.17166705 0.07232805
0.15647864 0.06860908 0.10901699 0.17166705 0.07232805
0.15647864 0.06860908 0.10901699 0.17166705 0.07232805
0.09759988 0.07885364 0.07509540 0.10258386 0.08236239
0.09759988 0.07885364 0.07509540 0.10258386 0.08236239
0.09723954 0.10659280 0.07674435 0.11275409 0.08258520
0.09723954 0.10659280 0.07674435 0.11275409 0.08258520
0.09506262 0.10988652 0.08147729 0.10537179 0.09075055
0.09506262 0.10988652 0.08147729 0.10537179 0.09075055
0.11002885 0.10139439 0.08277116 0.11055804 0.08679453
0.11124942 0.10863501 0.08297051 0.11061321 0.08692211
0.11598696 0.10880256 0.07316472 0.12224562 0.08663419
0.11598696 0.10880256 0.07316472 0.12224562 0.08663419
0.11598696 0.10880256 0.07316472 0.12224562 0.08663419
0.11622600 0.10874830 0.06640971 0.11089151 0.07533063
0.12906565 0.10293006 0.07528773 0.11317490 0.07468590
0.13702877 0.11618931 0.08311600 0.11792529 0.07930015
0.13702877 0.11618931 0.08311600 0.11792529 0.07930015
0.13268141 0.11326598 0.09267031 0.12393065 0.07365023
0.13250751 0.11280774 0.09895411 0.12619432 0.07087985
0.13250751 0.11280774 0.09895411 0.12619432 0.07087985
0.12998403 0.11175049 0.10093027 0.12770012 0.07028146
0.13480590 0.10733187 0.10415270 0.12488310 0.07995314
0.13480590 0.10733187 0.10415270 0.12488310 0.07995314
0.14012189 0.11997629 0.12356896 0.13866770 0.07607890
0.12865789 0.13239796 0.13631738 0.12628553 0.07964540
0.12680565 0.13524869 0.13002909 0.11347807 0.06974495
0.13227417 0.14321266 0.12176336 0.11202413 0.06810919
0.13227417 0.14321266 0.12176336 0.11202413 0.06810919
0.13912355 0.13454624 0.11990982 0.11313377 0.06181142
0.08749771 0.06230964 0.05423269 0.08521596 0.07123108
0.08588201 0.05861287 0.05372125 0.08499156 0.06836106
0.08588201 0.05861287 0.05372125 0.08499156 0.06836106
0.08588201 0.05861287 0.05372125 0.08499156 0.06836106
0.07947022 0.05890678 0.05321224 0.09045436 0.05879725
0.07947022 0.05890678 0.05321224 0.09045436 0.05879725
0.07816001 0.06643852 0.05180894 0.08621244 0.05416078
0.07925619 0.06533721 0.05202372 0.07882432 0.06236014
0.06668241 0.06778109 0.05230827 0.07958242 0.06076718
0.06668241 0.06778109 0.05230827 0.07958242 0.06076718
0.06668241 0.06778109 0.05230827 0.07958242 0.06076718
0.07614787 0.06461621 0.05245218 0.08080690 0.06308131
0.07614787 0.06461621 0.05245218 0.08080690 0.06308131
0.07614787 0.06461621 0.05245218 0.08080690 0.06308131
0.07614787 0.06461621 0.05245218 0.08080690 0.06308131
0.07761285 0.06830123 0.05466182 0.08084551 0.06355155
0.07827044 0.05820430 0.05522966 0.09171617 0.06458245
0.08373719 0.06017973 0.05258990 0.08824153 0.06846044
0.08373719 0.06017973 0.05258990 0.08824153 0.06846044
0.08117628 0.05624878 0.05650056 0.09163098 0.07233005
0.08038151 0.05283854 0.06374932 0.08695894 0.06570901
0.07174202 0.05395049 0.06632785 0.07276508 0.06503816
0.07717023 0.05014249 0.07040556 0.07509207 0.06199084
0.07717023 0.05014249 0.07040556 0.07509207 0.06199084
0.07717023 0.05014249 0.07040556 0.07509207 0.06199084
0.07717023 0.05014249 0.07040556 0.07509207 0.06199084
0.07717023 0.05014249 0.07040556 0.07509207 0.06199084
0.07717023 0.05014249 0.07040556 0.07509207 0.06199084
0.05530402 0.05437947 0.05182686 0.06078942 0.04870398
0.05530402 0.05437947 0.05182686 0.06078942 0.04870398
0.05530402 0.05437947 0.05182686 0.06078942 0.04870398
0.05349307 0.05786679 0.04760159 0.05580515 0.05023057
0.05349307 0.05786679 0.04760159 0.05580515 0.05023057
0.05349307 0.05786679 0.04760159 0.05580515 0.05023057
0.05291795 0.05920398 0.04767368 0.05431534 0.05068796
0.05291795 0.05920398 0.04767368 0.05431534 0.05068796
0.05291795 0.05920398 0.04767368 0.05431534 0.05068796
0.05311546 0.06551422 0.04798241 0.05404798 0.04881022
0.05311546 0.06551422 0.04798241 0.05404798 0.04881022
0.05311546 0.06551422 0.04798241 0.05404798 0.04881022
0.05311546 0.06551422 0.04798241 0.05404798 0.04881022
0.05311546 0.06551422 0.04798241 0.05404798 0.04881022
0.05370718 0.06277320 0.04790111 0.05326808 0.05060981
0.05370718 0.06277320 0.04790111 0.05326808 0.05060981
0.05365825 0.07326281 0.04966742 0.05340729 0.04875691
0.05365825 0.07326281 0.04966742 0.05340729 0.04875691
0.05441774 0.07093935 0.05141967 0.05336361 0.04905955
0.05351932 0.06736471 0.05145457 0.05522934 0.04808501
0.05351932 0.06736471 0.05145457 0.05522934 0.04808501
0.05351932 0.06736471 0.05145457 0.05522934 0.04808501
0.05414104 0.06495568 0.05138875 0.05422280 0.04818764
0.05396533 0.06870942 0.04851005 0.05925986 0.04927165
0.05396533 0.06870942 0.04851005 0.05925986 0.04927165
0.05203335 0.06983644 0.04945013 0.05684735 0.04888728
0.05203335 0.06983644 0.04945013 0.05684735 0.04888728
0.05203335 0.06983644 0.04945013 0.05684735 0.04888728
0.05203335 0.06983644 0.04945013 0.05684735 0.04888728
0.05226398 0.06301346 0.05092034 0.05954524 0.05378996
0.05202709 0.06121376 0.05022425 0.06672926 0.05239929
0.06081189 0.04696429 0.04890223 0.06230607 0.05034252
0.06081189 0.04696429 0.04890223 0.06230607 0.05034252
0.06081189 0.04696429 0.04890223 0.06230607 0.05034252
0.06813253 0.05019083 0.05187072 0.06257246 0.04898154
0.06813253 0.05019083 0.05187072 0.06257246 0.04898154
0.07003256 0.05151547 0.05381537 0.05736742 0.05071723
0.06657529 0.05460795 0.05294160 0.05850318 0.05657443
0.06657529 0.05460795 0.05294160 0.05850318 0.05657443
0.06593630 0.07343139 0.05280308 0.05753451 0.06062694
0.07014094 0.08615201 0.04681367 0.05310251 0.06185375
0.07014094 0.08615201 0.04681367 0.05310251 0.06185375
0.07014094 0.08615201 0.04681367 0.05310251 0.06185375
0.07014094 0.08615201 0.04681367 0.05310251 0.06185375
0.07014094 0.08615201 0.04681367 0.05310251 0.06185375
0.06845429 0.08374435 0.05617385 0.05484041 0.07151812
0.07719016 0.06938860 0.05580837 0.05441053 0.07679008
0.06970638 0.06455701 0.05800020 0.05464320 0.07362795
0.06970638 0.06455701 0.05800020 0.05464320 0.07362795
0.06970638 0.06455701 0.05800020 0.05464320 0.07362795
0.06970638 0.06455701 0.05800020 0.05464320 0.07362795
0.06970638 0.06455701 0.05800020 0.05464320 0.07362795
0.06970638 0.06455701 0.05800020 0.05464320 0.07362795
0.06970638 0.06455701 0.05800020 0.05464320 0.07362795
0.06970638 0.06455701 0.05800020 0.05464320 0.07362795
0.06970638 0.06455701 0.05800020 0.05464320 0.07362795
0.06970638 0.06455701 0.05800020 0.05464320 0.07362795
0.06970638 0.06455701 0.05800020 0.05464320 0.07362795
0.06192302 0.05488241 0.05425404 0.06361538 0.07247471
0.06192302 0.05488241 0.05425404 0.06361538 0.07247471
0.06165574 0.06009964 0.05270353 0.06295252 0.07095451
0.05627106 0.05861124 0.05050896 0.06207810 0.06674276
0.05627106 0.05861124 0.05050896 0.06207810 0.06674276
0.05627106 0.05861124 0.05050896 0.06207810 0.06674276
0.05627106 0.05861124 0.05050896 0.06207810 0.06674276
0.05965280 0.05857566 0.05059244 0.06064278 0.05006861
0.05965280 0.05857566 0.05059244 0.06064278 0.05006861
0.05837986 0.06226435 0.05122254 0.06191023 0.04913940
0.06905918 0.05099970 0.04574613 0.06333613 0.04900554
0.06905918 0.05099970 0.04574613 0.06333613 0.04900554
0.06440275 0.04666387 0.04881757 0.07075378 0.05179938
0.05809925 0.04865971 0.04683860 0.06543527 0.05269846
0.05809925 0.04865971 0.04683860 0.06543527 0.05269846
0.05809925 0.04865971 0.04683860 0.06543527 0.05269846
0.05809925 0.04865971 0.04683860 0.06543527 0.05269846
0.05809925 0.04865971 0.04683860 0.06543527 0.05269846
0.05809925 0.04865971 0.04683860 0.06543527 0.05269846
0.06418978 0.05103285 0.04882320 0.07584776 0.05035746
0.06418978 0.05103285 0.04882320 0.07584776 0.05035746
0.06418978 0.05103285 0.04882320 0.07584776 0.05035746
0.06418978 0.05103285 0.04882320 0.07584776 0.05035746
0.07007400 0.04951960 0.04659984 0.06808977 0.05069226
0.07007400 0.04951960 0.04659984 0.06808977 0.05069226
0.05583827 0.04716637 0.05087350 0.05896173 0.04909842
0.05583827 0.04716637 0.05087350 0.05896173 0.04909842
0.05583827 0.04716637 0.05087350 0.05896173 0.04909842
0.05137966 0.04570421 0.05511107 0.06074295 0.04878508
0.05782958 0.04638772 0.05833894 0.05715504 0.04892268
0.05782958 0.04638772 0.05833894 0.05715504 0.04892268
0.05578777 0.04652713 0.05527599 0.06099154 0.05023311
0.05181363 0.04555220 0.05147492 0.06305184 0.05146413
0.05181363 0.04555220 0.05147492 0.06305184 0.05146413
0.04919068 0.04547547 0.04657767 0.06866180 0.05885340
0.04919068 0.04547547 0.04657767 0.06866180 0.05885340
0.05015380 0.04659934 0.04678283 0.06996266 0.05254846
0.04953495 0.04831106 0.04535261 0.07367001 0.05175211
0.05002592 0.04955395 0.04492930 0.08322216 0.04975241
0.05002592 0.04955395 0.04492930 0.08322216 0.04975241
0.05031602 0.04920299 0.04517388 0.07405248 0.04921321
0.05031602 0.04920299 0.04517388 0.07405248 0.04921321
0.05031602 0.04920299 0.04517388 0.07405248 0.04921321
0.05153339 0.04866849 0.04532538 0.06887513 0.04875797
0.05153339 0.04866849 0.04532538 0.06887513 0.04875797
0.05153339 0.04866849 0.04532538 0.06887513 0.04875797
0.05153339 0.04866849 0.04532538 0.06887513 0.04875797
0.05153339 0.04866849 0.04532538 0.06887513 0.04875797
0.05153339 0.04866849 0.04532538 0.06887513 0.04875797
0.05750574 0.04874203 0.05207090 0.05958908 0.04985444
0.05575531 0.04408310 0.04822867 0.05795752 0.04625615
0.05575531 0.04408310 0.04822867 0.05795752 0.04625615
0.05575531 0.04408310 0.04822867 0.05795752 0.04625615
0.05737041 0.04470495 0.04828608 0.05815511 0.04874449
0.06217161 0.04415773 0.05321514 0.05463321 0.04684150
0.05465653 0.04315504 0.04217657 0.05794943 0.04683563
0.06139225 0.04823117 0.04219953 0.06776991 0.04491883
0.06601746 0.05663793 0.04234788 0.06529886 0.04498895
0.06601746 0.05663793 0.04234788 0.06529886 0.04498895
0.07600061 0.06152330 0.04114577 0.07597973 0.04541311
0.07600061 0.06152330 0.04114577 0.07597973 0.04541311
0.05342311 0.04252364 0.04016999 0.06251814 0.04800177
0.04516648 0.04170703 0.04108139 0.05644720 0.04574599
0.04595212 0.04168895 0.04179646 0.05336058 0.04405911
0.04640033 0.04214591 0.04141521 0.05104735 0.04379706
0.04640033 0.04214591 0.04141521 0.05104735 0.04379706
0.04656870 0.04139454 0.04117708 0.05167914 0.04378442
0.04656870 0.04139454 0.04117708 0.05167914 0.04378442
0.04656870 0.04139454 0.04117708 0.05167914 0.04378442
0.04656870 0.04139454 0.04117708 0.05167914 0.04378442
0.04656870 0.04139454 0.04117708 0.05167914 0.04378442
0.04605929 0.04248208 0.03957005 0.05325842 0.04346401
0.04605929 0.04248208 0.03957005 0.05325842 0.04346401
0.04605929 0.04248208 0.03957005 0.05325842 0.04346401
0.04605929 0.04248208 0.03957005 0.05325842 0.04346401
0.04961549 0.04548390 0.04015289 0.05476133 0.04416241
0.04961549 0.04548390 0.04015289 0.05476133 0.04416241
0.04961549 0.04548390 0.04015289 0.05476133 0.04416241
0.05037471 0.04684410 0.04415263 0.04870367 0.04395230
0.05376171 0.04601142 0.04773829 0.04706794 0.04432478
0.05376171 0.04601142 0.04773829 0.04706794 0.04432478
0.05350322 0.04535496 0.04598679 0.04726124 0.04466811
0.05350322 0.04535496 0.04598679 0.04726124 0.04466811
0.05350322 0.04535496 0.04598679 0.04726124 0.04466811
0.05680058 0.04849219 0.05448077 0.04716555 0.04446542
0.05680058 0.04849219 0.05448077 0.04716555 0.04446542
0.06056341 0.04647112 0.06110379 0.04710997 0.04443406
0.06500628 0.05262256 0.05360287 0.04744615 0.04421301
0.06500628 0.05262256 0.05360287 0.04744615 0.04421301
0.06500628 0.05262256 0.05360287 0.04744615 0.04421301
0.06500628 0.05262256 0.05360287 0.04744615 0.04421301
0.06500628 0.05262256 0.05360287 0.04744615 0.04421301
0.06500628 0.05262256 0.05360287 0.04744615 0.04421301
0.06500628 0.05262256 0.05360287 0.04744615 0.04421301
0.06581004 0.05238565 0.05387724 0.04664398 0.04495843
0.06581004 0.05238565 0.05387724 0.04664398 0.04495843
0.06581004 0.05238565 0.05387724 0.04664398 0.04495843
0.06581004 0.05238565 0.05387724 0.04664398 0.04495843
0.06463005 0.05340542 0.05787854 0.04697885 0.04588307
0.06463005 0.05340542 0.05787854 0.04697885 0.04588307
0.06219019 0.04861835 0.05763492 0.04919328 0.04604645
0.05734189 0.05308989 0.06076150 0.05075511 0.04521585
0.05622337 0.05287013 0.06906221 0.04998980 0.04501706
0.05622337 0.05287013 0.06906221 0.04998980 0.04501706
0.05286061 0.04349412 0.06859160 0.05155974 0.04484906
0.05145663 0.04227053 0.06357055 0.04973300 0.04852356
0.05145663 0.04227053 0.06357055 0.04973300 0.04852356
0.05145663 0.04227053 0.06357055 0.04973300 0.04852356
0.04951282 0.04155132 0.07433922 0.05103283 0.04718571
0.04951282 0.04155132 0.07433922 0.05103283 0.04718571
0.05071702 0.04219160 0.07247186 0.05853078 0.04474581
0.05071702 0.04219160 0.07247186 0.05853078 0.04474581
0.04873675 0.04168977 0.06824857 0.05471594 0.04576444
0.04873675 0.04168977 0.06824857 0.05471594 0.04576444
0.05051824 0.04463222 0.07376370 0.04970251 0.04381792
0.04760364 0.04570337 0.07478946 0.05152702 0.04325914
0.04760364 0.04570337 0.07478946 0.05152702 0.04325914
0.04760364 0.04570337 0.07478946 0.05152702 0.04325914
0.04900860 0.04837756 0.06506931 0.04486742 0.04307958
0.04900860 0.04837756 0.06506931 0.04486742 0.04307958
0.04900860 0.04837756 0.06506931 0.04486742 0.04307958
0.04622800 0.04670510 0.06948292 0.04386833 0.04444547
0.04841590 0.04364166 0.07128692 0.04475002 0.04287209
0.04881535 0.04392168 0.06256392 0.05044803 0.04350098
0.04480970 0.04511905 0.03913136 0.04748765 0.04438587
0.04466223 0.04059798 0.03948564 0.04435173 0.04350388
0.05211498 0.04694371 0.04107389 0.05553260 0.04795730
0.05342686 0.04482260 0.04621538 0.06612196 0.05153304
0.05342686 0.04482260 0.04621538 0.06612196 0.05153304
0.05342686 0.04482260 0.04621538 0.06612196 0.05153304
0.05342686 0.04482260 0.04621538 0.06612196 0.05153304
0.06349161 0.04968273 0.04523961 0.06418511 0.05149281
0.06349161 0.04968273 0.04523961 0.06418511 0.05149281
0.05534648 0.04112814 0.04303445 0.06587538 0.04574339
0.05534648 0.04112814 0.04303445 0.06587538 0.04574339
0.05565539 0.04318716 0.04272421 0.05683555 0.04349184
0.05565539 0.04318716 0.04272421 0.05683555 0.04349184
0.05565539 0.04318716 0.04272421 0.05683555 0.04349184
0.05687279 0.04487150 0.04317754 0.05824196 0.04451445
0.05969125 0.04874980 0.04276566 0.04869250 0.04340155
0.06104367 0.05033475 0.04261469 0.05457884 0.04388396
0.07703789 0.05331817 0.04758268 0.06363745 0.04563804
0.08117191 0.05458422 0.04226382 0.06784845 0.04447971
0.08117191 0.05458422 0.04226382 0.06784845 0.04447971
0.04295091 0.03879595 0.03963630 0.04397335 0.04803094
0.04295091 0.03879595 0.03963630 0.04397335 0.04803094
0.04243362 0.04364385 0.04039110 0.04297998 0.05120246
0.04243362 0.04364385 0.04039110 0.04297998 0.05120246
0.04243362 0.04364385 0.04039110 0.04297998 0.05120246
0.04243362 0.04364385 0.04039110 0.04297998 0.05120246
0.04608841 0.04738679 0.03898581 0.04247493 0.06012047
0.04700661 0.04598767 0.04018347 0.04287268 0.05377993
0.04700661 0.04598767 0.04018347 0.04287268 0.05377993
0.04700661 0.04598767 0.04018347 0.04287268 0.05377993
0.04700661 0.04598767 0.04018347 0.04287268 0.05377993
0.04700661 0.04598767 0.04018347 0.04287268 0.05377993
0.04700661 0.04598767 0.04018347 0.04287268 0.05377993
0.04700661 0.04598767 0.04018347 0.04287268 0.05377993
0.04581004 0.04478644 0.04060856 0.04243753 0.05250271
0.04468447 0.04044960 0.04124921 0.04280214 0.05043414
0.04468447 0.04044960 0.04124921 0.04280214 0.05043414
0.04468447 0.04044960 0.04124921 0.04280214 0.05043414
0.04468447 0.04044960 0.04124921 0.04280214 0.05043414
0.04468447 0.04044960 0.04124921 0.04280214 0.05043414
0.04468447 0.04044960 0.04124921 0.04280214 0.05043414
0.04468447 0.04044960 0.04124921 0.04280214 0.05043414
0.04783496 0.04225497 0.04087582 0.04185215 0.04775685
0.04321139 0.04743147 0.04159788 0.04178330 0.04877581
0.04284177 0.05611463 0.04163423 0.04376636 0.04796381
0.04295391 0.05113986 0.04884764 0.04449055 0.04678073
0.04295391 0.05113986 0.04884764 0.04449055 0.04678073
0.04295391 0.05113986 0.04884764 0.04449055 0.04678073
0.04295391 0.05113986 0.04884764 0.04449055 0.04678073
0.04295391 0.05113986 0.04884764 0.04449055 0.04678073
0.04616333 0.04345683 0.04802485 0.04220613 0.05378705
0.04616333 0.04345683 0.04802485 0.04220613 0.05378705
0.04412579 0.04061565 0.04788108 0.04123128 0.05131867
0.04412579 0.04061565 0.04788108 0.04123128 0.05131867
0.04452057 0.04220371 0.05196140 0.04206209 0.04492646
0.04592988 0.04553454 0.04642187 0.04206128 0.04647438
0.05280929 0.04616038 0.04193971 0.04148510 0.04976060
0.05143458 0.04436304 0.04333860 0.04243246 0.04699416
0.05143458 0.04436304 0.04333860 0.04243246 0.04699416
0.05143458 0.04436304 0.04333860 0.04243246 0.04699416
0.05143458 0.04436304 0.04333860 0.04243246 0.04699416
0.05143458 0.04436304 0.04333860 0.04243246 0.04699416
0.05143458 0.04436304 0.04333860 0.04243246 0.04699416
0.05143458 0.04436304 0.04333860 0.04243246 0.04699416
0.05143458 0.04436304 0.04333860 0.04243246 0.04699416
0.05143458 0.04436304 0.04333860 0.04243246 0.04699416
0.05627556 0.04107578 0.04330267 0.04207202 0.04556703
0.05627556 0.04107578 0.04330267 0.04207202 0.04556703
0.05535492 0.04292075 0.03959565 0.04625373 0.04407605
0.05535492 0.04292075 0.03959565 0.04625373 0.04407605
0.05535492 0.04292075 0.03959565 0.04625373 0.04407605
0.05535492 0.04292075 0.03959565 0.04625373 0.04407605
0.05535492 0.04292075 0.03959565 0.04625373 0.04407605
0.04716225 0.04378719 0.03912802 0.04614890 0.04422253
0.04716225 0.04378719 0.03912802 0.04614890 0.04422253
0.04696188 0.04080055 0.04247423 0.04401588 0.04999020
0.05018597 0.04102541 0.04653968 0.04446424 0.04655987
0.05018597 0.04102541 0.04653968 0.04446424 0.04655987
0.05018597 0.04102541 0.04653968 0.04446424 0.04655987
0.04533316 0.04180900 0.04798394 0.04508301 0.04609020
0.04536717 0.04139439 0.04513877 0.04438019 0.04357322
0.04569384 0.04196333 0.05323444 0.04605706 0.05414801
0.04615648 0.04415850 0.07021556 0.04717747 0.05934647
0.04615648 0.04415850 0.07021556 0.04717747 0.05934647
0.04615648 0.04415850 0.07021556 0.04717747 0.05934647
0.04615648 0.04415850 0.07021556 0.04717747 0.05934647
0.04505829 0.04652176 0.06793652 0.04858597 0.05393095
0.04945701 0.04412678 0.06971572 0.04673097 0.06036200
0.04904757 0.04800501 0.07009013 0.04722870 0.06774520
0.04513227 0.05025055 0.06833468 0.05514168 0.05990094
0.04513227 0.05025055 0.06833468 0.05514168 0.05990094
0.04431853 0.04296054 0.06045419 0.05926488 0.05458009
0.04431853 0.04296054 0.06045419 0.05926488 0.05458009
0.04416620 0.05104516 0.05914354 0.06015793 0.04567086
0.04416620 0.05104516 0.05914354 0.06015793 0.04567086
0.04416620 0.05104516 0.05914354 0.06015793 0.04567086
0.04416620 0.05104516 0.05914354 0.06015793 0.04567086
0.04652239 0.03796047 0.03783800 0.05228040 0.04756710
0.04570016 0.04021371 0.04152661 0.04787696 0.04673908
0.04570016 0.04021371 0.04152661 0.04787696 0.04673908
0.04419827 0.03949644 0.04839372 0.05296937 0.04206238
0.04419827 0.03949644 0.04839372 0.05296937 0.04206238
0.04419827 0.03949644 0.04839372 0.05296937 0.04206238
0.04419827 0.03949644 0.04839372 0.05296937 0.04206238
0.04419827 0.03949644 0.04839372 0.05296937 0.04206238
0.04419827 0.03949644 0.04839372 0.05296937 0.04206238
0.04570825 0.03340633 0.05183115 0.04220067 0.04259752
0.05406614 0.03542285 0.05670516 0.04310115 0.04522323
0.05406614 0.03542285 0.05670516 0.04310115 0.04522323
0.05406614 0.03542285 0.05670516 0.04310115 0.04522323
0.05160373 0.04605572 0.06084235 0.04554836 0.04685725
0.05160373 0.04605572 0.06084235 0.04554836 0.04685725
0.06733855 0.05008647 0.04193238 0.05326008 0.05584110
0.06733855 0.05008647 0.04193238 0.05326008 0.05584110
0.06989110 0.06216932 0.04152488 0.05672869 0.05823087
0.06989110 0.06216932 0.04152488 0.05672869 0.05823087
0.06989110 0.06216932 0.04152488 0.05672869 0.05823087
0.04491449 0.03776331 0.03864840 0.04753577 0.04229161
0.04491449 0.03776331 0.03864840 0.04753577 0.04229161
0.04491449 0.03776331 0.03864840 0.04753577 0.04229161
0.03829783 0.03770421 0.03928412 0.05054122 0.04143153
0.03829783 0.03770421 0.03928412 0.05054122 0.04143153
0.03830330 0.03901237 0.04312643 0.04394354 0.04645628
0.04214053 0.03704280 0.05361375 0.04328109 0.04181675
0.04371379 0.03653901 0.05697241 0.04855901 0.04168097
0.04143767 0.03783759 0.04670361 0.04994018 0.04048933
0.04143767 0.03783759 0.04670361 0.04994018 0.04048933
0.04143767 0.03783759 0.04670361 0.04994018 0.04048933
0.04143767 0.03783759 0.04670361 0.04994018 0.04048933
0.04143767 0.03783759 0.04670361 0.04994018 0.04048933
0.04143767 0.03783759 0.04670361 0.04994018 0.04048933
0.04143767 0.03783759 0.04670361 0.04994018 0.04048933
0.04143767 0.03783759 0.04670361 0.04994018 0.04048933
0.04143767 0.03783759 0.04670361 0.04994018 0.04048933
0.04143767 0.03783759 0.04670361 0.04994018 0.04048933
0.04143767 0.03783759 0.04670361 0.04994018 0.04048933
0.04143767 0.03783759 0.04670361 0.04994018 0.04048933
0.04143767 0.03783759 0.04670361 0.04994018 0.04048933
0.04143767 0.03783759 0.04670361 0.04994018 0.04048933
0.04143767 0.03783759 0.04670361 0.04994018 0.04048933
0.04143767 0.03783759 0.04670361 0.04994018 0.04048933
0.03535240 0.03823833 0.05750024 0.05078204 0.06554387
0.03535240 0.03823833 0.05750024 0.05078204 0.06554387
0.03535240 0.03823833 0.05750024 0.05078204 0.06554387
0.04004513 0.03773376 0.05698393 0.04782474 0.05802141
0.04004513 0.03773376 0.05698393 0.04782474 0.05802141
0.04424395 0.04090272 0.04717270 0.03967128 0.05314681
0.03983543 0.03788972 0.04418483 0.04264310 0.04601578
0.04114813 0.04005595 0.04355281 0.04198844 0.04423969
0.05125262 0.03935226 0.04289110 0.04302323 0.04544803
0.06392298 0.03997189 0.04390626 0.04118992 0.04469960
0.06777450 0.03813094 0.04654998 0.04210351 0.04397123
0.06777450 0.03813094 0.04654998 0.04210351 0.04397123
0.05397081 0.03958646 0.04851548 0.04582769 0.04536237
0.04760603 0.03845408 0.04840931 0.04057974 0.04293165
0.04595023 0.03870447 0.05001449 0.04805491 0.04791880
0.04595023 0.03870447 0.05001449 0.04805491 0.04791880
0.04595023 0.03870447 0.05001449 0.04805491 0.04791880
0.04595023 0.03870447 0.05001449 0.04805491 0.04791880
0.04595023 0.03870447 0.05001449 0.04805491 0.04791880
0.04595023 0.03870447 0.05001449 0.04805491 0.04791880
0.04595023 0.03870447 0.05001449 0.04805491 0.04791880
0.04595023 0.03870447 0.05001449 0.04805491 0.04791880
0.04595023 0.03870447 0.05001449 0.04805491 0.04791880
0.04595023 0.03870447 0.05001449 0.04805491 0.04791880
0.04595023 0.03870447 0.05001449 0.04805491 0.04791880
0.04595023 0.03870447 0.05001449 0.04805491 0.04791880
0.04595023 0.03870447 0.05001449 0.04805491 0.04791880
0.04595023 0.03870447 0.05001449 0.04805491 0.04791880
0.04595023 0.03870447 0.05001449 0.04805491 0.04791880
0.04595023 0.03870447 0.05001449 0.04805491 0.04791880
0.04595023 0.03870447 0.05001449 0.04805491 0.04791880
0.04595023 0.03870447 0.05001449 0.04805491 0.04791880
0.04595023 0.03870447 0.05001449 0.04805491 0.04791880
0.04595023 0.03870447 0.05001449 0.04805491 0.04791880
0.04595023 0.03870447 0.05001449 0.04805491 0.04791880
0.03534250 0.03586475 0.03217568 0.04640374 0.04437431
0.03247899 0.04067429 0.03158466 0.04880452 0.04102428
0.03186857 0.03929664 0.03072478 0.04969915 0.03900877
0.03186857 0.03929664 0.03072478 0.04969915 0.03900877
0.03252141 0.03655961 0.03075010 0.04547126 0.04155715
0.04932301 0.06029105 0.04768067 0.04219454 0.06899444
0.04858180 0.06045698 0.04503317 0.04354186 0.07510420
0.04858180 0.06045698 0.04503317 0.04354186 0.07510420
0.04858180 0.06045698 0.04503317 0.04354186 0.07510420
0.04858180 0.06045698 0.04503317 0.04354186 0.07510420
0.03853927 0.04449553 0.04852251 0.03923165 0.04245724
0.03853927 0.04449553 0.04852251 0.03923165 0.04245724
0.03853927 0.04449553 0.04852251 0.03923165 0.04245724
0.03853927 0.04449553 0.04852251 0.03923165 0.04245724
0.03849285 0.05248721 0.04803388 0.04071045 0.04183173
0.03849285 0.05248721 0.04803388 0.04071045 0.04183173
0.03849285 0.05248721 0.04803388 0.04071045 0.04183173
0.03849285 0.05248721 0.04803388 0.04071045 0.04183173
0.03849285 0.05248721 0.04803388 0.04071045 0.04183173
0.03849285 0.05248721 0.04803388 0.04071045 0.04183173
0.03849285 0.05248721 0.04803388 0.04071045 0.04183173
0.03849285 0.05248721 0.04803388 0.04071045 0.04183173
0.03849285 0.05248721 0.04803388 0.04071045 0.04183173
0.03849285 0.05248721 0.04803388 0.04071045 0.04183173
0.03849285 0.05248721 0.04803388 0.04071045 0.04183173
0.03849285 0.05248721 0.04803388 0.04071045 0.04183173
0.03849285 0.05248721 0.04803388 0.04071045 0.04183173
0.03849285 0.05248721 0.04803388 0.04071045 0.04183173
0.03849285 0.05248721 0.04803388 0.04071045 0.04183173
0.03849285 0.05248721 0.04803388 0.04071045 0.04183173
0.03849285 0.05248721 0.04803388 0.04071045 0.04183173
0.03849285 0.05248721 0.04803388 0.04071045 0.04183173
0.03849285 0.05248721 0.04803388 0.04071045 0.04183173
0.03849285 0.05248721 0.04803388 0.04071045 0.04183173
0.03849285 0.05248721 0.04803388 0.04071045 0.04183173
0.04066213 0.04237964 0.03142391 0.08325708 0.04378598
0.03925956 0.04231276 0.03320522 0.08246335 0.04479532
0.04357355 0.04204278 0.03727332 0.08870144 0.04394372
0.04357355 0.04204278 0.03727332 0.08870144 0.04394372
0.04357355 0.04204278 0.03727332 0.08870144 0.04394372
0.05991125 0.03881431 0.04172961 0.06254997 0.04072474
0.06216481 0.04214234 0.04238110 0.05757757 0.04079597
0.07113958 0.03783335 0.04581018 0.05582040 0.04198415
0.07472581 0.03766872 0.05452911 0.05636425 0.04028635
0.06805629 0.03804386 0.05796736 0.06141717 0.04364313
0.04042493 0.04098958 0.04610345 0.04165748 0.04172211
0.04003324 0.03638293 0.04334872 0.04112325 0.04229465
0.03958464 0.03671309 0.04181034 0.04204540 0.04193111
0.03958464 0.03671309 0.04181034 0.04204540 0.04193111
0.03958464 0.03671309 0.04181034 0.04204540 0.04193111
0.03958464 0.03671309 0.04181034 0.04204540 0.04193111
0.03958464 0.03671309 0.04181034 0.04204540 0.04193111
0.03958464 0.03671309 0.04181034 0.04204540 0.04193111
0.03958464 0.03671309 0.04181034 0.04204540 0.04193111
0.03958464 0.03671309 0.04181034 0.04204540 0.04193111
0.03958464 0.03671309 0.04181034 0.04204540 0.04193111
0.03958464 0.03671309 0.04181034 0.04204540 0.04193111
0.03958464 0.03671309 0.04181034 0.04204540 0.04193111
0.03958464 0.03671309 0.04181034 0.04204540 0.04193111
0.03958464 0.03671309 0.04181034 0.04204540 0.04193111
0.03958464 0.03671309 0.04181034 0.04204540 0.04193111
0.03958464 0.03671309 0.04181034 0.04204540 0.04193111
0.03958464 0.03671309 0.04181034 0.04204540 0.04193111
0.03958464 0.03671309 0.04181034 0.04204540 0.04193111
0.03958464 0.03671309 0.04181034 0.04204540 0.04193111
0.03958464 0.03671309 0.04181034 0.04204540 0.04193111
0.03958464 0.03671309 0.04181034 0.04204540 0.04193111
0.03958464 0.03671309 0.04181034 0.04204540 0.04193111
0.03958464 0.03671309 0.04181034 0.04204540 0.04193111
0.03958464 0.03671309 0.04181034 0.04204540 0.04193111
0.03958464 0.03671309 0.04181034 0.04204540 0.04193111
0.03958464 0.03671309 0.04181034 0.04204540 0.04193111
0.03958464 0.03671309 0.04181034 0.04204540 0.04193111
0.03958464 0.03671309 0.04181034 0.04204540 0.04193111
0.03958464 0.03671309 0.04181034 0.04204540 0.04193111
0.03789152 0.03955951 0.04233064 0.03902746 0.04632891
0.03625470 0.03804741 0.04102661 0.03823670 0.04848418
0.03772170 0.03894830 0.04071110 0.03837745 0.05065897
0.03772170 0.03894830 0.04071110 0.03837745 0.05065897
0.03772170 0.03894830 0.04071110 0.03837745 0.05065897
0.03831924 0.03777862 0.04018868 0.03869766 0.04064497
0.03831924 0.03777862 0.04018868 0.03869766 0.04064497
0.03831924 0.03777862 0.04018868 0.03869766 0.04064497
0.03831924 0.03777862 0.04018868 0.03869766 0.04064497
0.03831924 0.03777862 0.04018868 0.03869766 0.04064497
0.03831924 0.03777862 0.04018868 0.03869766 0.04064497
0.03831924 0.03777862 0.04018868 0.03869766 0.04064497
0.03831924 0.03777862 0.04018868 0.03869766 0.04064497
0.03831924 0.03777862 0.04018868 0.03869766 0.04064497
0.03831924 0.03777862 0.04018868 0.03869766 0.04064497
0.03831924 0.03777862 0.04018868 0.03869766 0.04064497
0.03831924 0.03777862 0.04018868 0.03869766 0.04064497
0.03831924 0.03777862 0.04018868 0.03869766 0.04064497
0.03831924 0.03777862 0.04018868 0.03869766 0.04064497
0.03831924 0.03777862 0.04018868 0.03869766 0.04064497
0.03831924 0.03777862 0.04018868 0.03869766 0.04064497
0.03831924 0.03777862 0.04018868 0.03869766 0.04064497
0.03831924 0.03777862 0.04018868 0.03869766 0.04064497
0.03831924 0.03777862 0.04018868 0.03869766 0.04064497
0.03831924 0.03777862 0.04018868 0.03869766 0.04064497
0.03831924 0.03777862 0.04018868 0.03869766 0.04064497
0.03831924 0.03777862 0.04018868 0.03869766 0.04064497
0.03831924 0.03777862 0.04018868 0.03869766 0.04064497
0.03831924 0.03777862 0.04018868 0.03869766 0.04064497
0.03831924 0.03777862 0.04018868 0.03869766 0.04064497
0.03831924 0.03777862 0.04018868 0.03869766 0.04064497
0.03831924 0.03777862 0.04018868 0.03869766 0.04064497
0.03831924 0.03777862 0.04018868 0.03869766 0.04064497
0.03831924 0.03777862 0.04018868 0.03869766 0.04064497
0.03831924 0.03777862 0.04018868 0.03869766 0.04064497
0.04697023 0.03842980 0.04619907 0.05614032 0.04880254
0.04697023 0.03842980 0.04619907 0.05614032 0.04880254
0.05252428 0.03877368 0.04826983 0.05320605 0.04747319
0.05252428 0.03877368 0.04826983 0.05320605 0.04747319
0.05252428 0.03877368 0.04826983 0.05320605 0.04747319
0.04373973 0.04100014 0.08334105 0.03967019 0.04350539
0.04175121 0.04043853 0.08298776 0.04690826 0.04352398
0.04175121 0.04043853 0.08298776 0.04690826 0.04352398
0.04175121 0.04043853 0.08298776 0.04690826 0.04352398
0.04175121 0.04043853 0.08298776 0.04690826 0.04352398
0.04175121 0.04043853 0.08298776 0.04690826 0.04352398
0.04175121 0.04043853 0.08298776 0.04690826 0.04352398
0.04175121 0.04043853 0.08298776 0.04690826 0.04352398
0.04175121 0.04043853 0.08298776 0.04690826 0.04352398
0.04175121 0.04043853 0.08298776 0.04690826 0.04352398
0.04175121 0.04043853 0.08298776 0.04690826 0.04352398
0.04175121 0.04043853 0.08298776 0.04690826 0.04352398
0.04175121 0.04043853 0.08298776 0.04690826 0.04352398
0.04175121 0.04043853 0.08298776 0.04690826 0.04352398
0.04175121 0.04043853 0.08298776 0.04690826 0.04352398
0.04175121 0.04043853 0.08298776 0.04690826 0.04352398
0.04175121 0.04043853 0.08298776 0.04690826 0.04352398
0.04175121 0.04043853 0.08298776 0.04690826 0.04352398
0.04175121 0.04043853 0.08298776 0.04690826 0.04352398
0.04175121 0.04043853 0.08298776 0.04690826 0.04352398
0.04175121 0.04043853 0.08298776 0.04690826 0.04352398
0.04175121 0.04043853 0.08298776 0.04690826 0.04352398
0.04175121 0.04043853 0.08298776 0.04690826 0.04352398
0.04175121 0.04043853 0.08298776 0.04690826 0.04352398
0.04175121 0.04043853 0.08298776 0.04690826 0.04352398
0.04175121 0.04043853 0.08298776 0.04690826 0.04352398
0.04175121 0.04043853 0.08298776 0.04690826 0.04352398
0.04175121 0.04043853 0.08298776 0.04690826 0.04352398
0.04175121 0.04043853 0.08298776 0.04690826 0.04352398
0.04175121 0.04043853 0.08298776 0.04690826 0.04352398
0.07643673 0.04301592 0.04319283 0.03996054 0.07594859
0.07314835 0.04116974 0.04136904 0.03964455 0.07445463
0.07314835 0.04116974 0.04136904 0.03964455 0.07445463
0.06465344 0.04104801 0.04236613 0.03951572 0.06391837
0.06391722 0.04066133 0.04193488 0.04142065 0.06833062
0.04010702 0.03945263 0.04626947 0.05440733 0.06889664
0.04010702 0.03945263 0.04626947 0.05440733 0.06889664
0.04010702 0.03945263 0.04626947 0.05440733 0.06889664
0.03815441 0.04028762 0.04298458 0.04829986 0.05013089
0.03815441 0.04028762 0.04298458 0.04829986 0.05013089
0.03815441 0.04028762 0.04298458 0.04829986 0.05013089
0.03815441 0.04028762 0.04298458 0.04829986 0.05013089
0.03815441 0.04028762 0.04298458 0.04829986 0.05013089
0.03815441 0.04028762 0.04298458 0.04829986 0.05013089
0.03815441 0.04028762 0.04298458 0.04829986 0.05013089
0.03815441 0.04028762 0.04298458 0.04829986 0.05013089
0.03815441 0.04028762 0.04298458 0.04829986 0.05013089
0.03815441 0.04028762 0.04298458 0.04829986 0.05013089
0.03815441 0.04028762 0.04298458 0.04829986 0.05013089
0.03815441 0.04028762 0.04298458 0.04829986 0.05013089
0.03815441 0.04028762 0.04298458 0.04829986 0.05013089
0.03815441 0.04028762 0.04298458 0.04829986 0.05013089
0.03815441 0.04028762 0.04298458 0.04829986 0.05013089
0.03815441 0.04028762 0.04298458 0.04829986 0.05013089
0.03815441 0.04028762 0.04298458 0.04829986 0.05013089
0.03815441 0.04028762 0.04298458 0.04829986 0.05013089
0.03815441 0.04028762 0.04298458 0.04829986 0.05013089
0.03815441 0.04028762 0.04298458 0.04829986 0.05013089
0.03815441 0.04028762 0.04298458 0.04829986 0.05013089
0.03815441 0.04028762 0.04298458 0.04829986 0.05013089
0.03815441 0.04028762 0.04298458 0.04829986 0.05013089
0.03815441 0.04028762 0.04298458 0.04829986 0.05013089
0.03815441 0.04028762 0.04298458 0.04829986 0.05013089
0.03815441 0.04028762 0.04298458 0.04829986 0.05013089
0.03815441 0.04028762 0.04298458 0.04829986 0.05013089
0.04592001 0.03637059 0.04183668 0.04120794 0.06858970
0.04592001 0.03637059 0.04183668 0.04120794 0.06858970
0.03965887 0.03718399 0.04377513 0.03936666 0.07391291
0.03935001 0.03985325 0.04479066 0.04212830 0.06777735
0.03502187 0.04215762 0.04669583 0.04324859 0.06626526
0.03782407 0.04319286 0.03993870 0.03945339 0.05109603
0.03782407 0.04319286 0.03993870 0.03945339 0.05109603
0.03782407 0.04319286 0.03993870 0.03945339 0.05109603
0.03839132 0.04341539 0.03960315 0.04007107 0.05039687
0.03949624 0.04266985 0.03972354 0.04234993 0.04150522
0.03949624 0.04266985 0.03972354 0.04234993 0.04150522
0.03949624 0.04266985 0.03972354 0.04234993 0.04150522
0.03949624 0.04266985 0.03972354 0.04234993 0.04150522
0.03949624 0.04266985 0.03972354 0.04234993 0.04150522
0.03949624 0.04266985 0.03972354 0.04234993 0.04150522
0.03949624 0.04266985 0.03972354 0.04234993 0.04150522
0.03949624 0.04266985 0.03972354 0.04234993 0.04150522
0.03949624 0.04266985 0.03972354 0.04234993 0.04150522
0.03949624 0.04266985 0.03972354 0.04234993 0.04150522
0.03949624 0.04266985 0.03972354 0.04234993 0.04150522
0.03949624 0.04266985 0.03972354 0.04234993 0.04150522
0.03949624 0.04266985 0.03972354 0.04234993 0.04150522
0.03949624 0.04266985 0.03972354 0.04234993 0.04150522
0.03949624 0.04266985 0.03972354 0.04234993 0.04150522
0.03949624 0.04266985 0.03972354 0.04234993 0.04150522
0.03949624 0.04266985 0.03972354 0.04234993 0.04150522
0.03949624 0.04266985 0.03972354 0.04234993 0.04150522
0.03949624 0.04266985 0.03972354 0.04234993 0.04150522
0.03949624 0.04266985 0.03972354 0.04234993 0.04150522
0.03949624 0.04266985 0.03972354 0.04234993 0.04150522
0.03949624 0.04266985 0.03972354 0.04234993 0.04150522
0.03949624 0.04266985 0.03972354 0.04234993 0.04150522
0.03949624 0.04266985 0.03972354 0.04234993 0.04150522
0.03949624 0.04266985 0.03972354 0.04234993 0.04150522
0.03949624 0.04266985 0.03972354 0.04234993 0.04150522
0.04582254 0.03743298 0.03976886 0.05010864 0.04538173
0.04239289 0.03995341 0.03978580 0.05125638 0.04622282
0.04239289 0.03995341 0.03978580 0.05125638 0.04622282
0.04621212 0.03723405 0.03914709 0.04780071 0.04716986
0.04802457 0.03726127 0.03904650 0.04392623 0.04610236
0.05333704 0.04657395 0.04405798 0.04020974 0.04495940
0.03801272 0.04708744 0.03913586 0.04028172 0.04117484
0.03801272 0.04708744 0.03913586 0.04028172 0.04117484
0.03897328 0.04912650 0.03695045 0.04089937 0.04247460
0.03630388 0.06191199 0.03855129 0.04534342 0.04215342
0.03630388 0.06191199 0.03855129 0.04534342 0.04215342
0.03630388 0.06191199 0.03855129 0.04534342 0.04215342
0.03630388 0.06191199 0.03855129 0.04534342 0.04215342
0.03630388 0.06191199 0.03855129 0.04534342 0.04215342
0.03630388 0.06191199 0.03855129 0.04534342 0.04215342
0.03630388 0.06191199 0.03855129 0.04534342 0.04215342
0.03630388 0.06191199 0.03855129 0.04534342 0.04215342
0.03630388 0.06191199 0.03855129 0.04534342 0.04215342
0.03630388 0.06191199 0.03855129 0.04534342 0.04215342
0.03630388 0.06191199 0.03855129 0.04534342 0.04215342
0.03630388 0.06191199 0.03855129 0.04534342 0.04215342
0.03630388 0.06191199 0.03855129 0.04534342 0.04215342
0.03630388 0.06191199 0.03855129 0.04534342 0.04215342
0.03630388 0.06191199 0.03855129 0.04534342 0.04215342
0.03630388 0.06191199 0.03855129 0.04534342 0.04215342
0.03630388 0.06191199 0.03855129 0.04534342 0.04215342
0.03630388 0.06191199 0.03855129 0.04534342 0.04215342
0.03630388 0.06191199 0.03855129 0.04534342 0.04215342
0.03630388 0.06191199 0.03855129 0.04534342 0.04215342
0.03630388 0.06191199 0.03855129 0.04534342 0.04215342
0.03630388 0.06191199 0.03855129 0.04534342 0.04215342
0.03630388 0.06191199 0.03855129 0.04534342 0.04215342
0.03630388 0.06191199 0.03855129 0.04534342 0.04215342
0.03630388 0.06191199 0.03855129 0.04534342 0.04215342
0.03630388 0.06191199 0.03855129 0.04534342 0.04215342
0.03428398 0.09663557 0.04263674 0.03876424 0.05326269
0.03428398 0.09663557 0.04263674 0.03876424 0.05326269
0.03654981 0.10264632 0.03937049 0.04178151 0.05271303
0.03662430 0.09231180 0.04003131 0.04034341 0.05533351
0.03766581 0.03649124 0.04483480 0.03862455 0.04343425
0.03904574 0.04579469 0.03968382 0.04046356 0.04455737
0.03904574 0.04579469 0.03968382 0.04046356 0.04455737
0.03628720 0.06020588 0.03996987 0.04113525 0.04720092
0.03628720 0.06020588 0.03996987 0.04113525 0.04720092
0.03924741 0.06225518 0.04066432 0.04279786 0.04927666
0.03924741 0.06225518 0.04066432 0.04279786 0.04927666
0.03924741 0.06225518 0.04066432 0.04279786 0.04927666
0.03924741 0.06225518 0.04066432 0.04279786 0.04927666
0.03924741 0.06225518 0.04066432 0.04279786 0.04927666
0.03924741 0.06225518 0.04066432 0.04279786 0.04927666
0.03924741 0.06225518 0.04066432 0.04279786 0.04927666
0.03924741 0.06225518 0.04066432 0.04279786 0.04927666
0.03924741 0.06225518 0.04066432 0.04279786 0.04927666
0.03924741 0.06225518 0.04066432 0.04279786 0.04927666
0.03924741 0.06225518 0.04066432 0.04279786 0.04927666
0.03924741 0.06225518 0.04066432 0.04279786 0.04927666
0.03924741 0.06225518 0.04066432 0.04279786 0.04927666
0.03924741 0.06225518 0.04066432 0.04279786 0.04927666
0.03924741 0.06225518 0.04066432 0.04279786 0.04927666
0.03924741 0.06225518 0.04066432 0.04279786 0.04927666
0.03924741 0.06225518 0.04066432 0.04279786 0.04927666
0.03924741 0.06225518 0.04066432 0.04279786 0.04927666
0.03924741 0.06225518 0.04066432 0.04279786 0.04927666
0.03924741 0.06225518 0.04066432 0.04279786 0.04927666
0.03924741 0.06225518 0.04066432 0.04279786 0.04927666
0.03924741 0.06225518 0.04066432 0.04279786 0.04927666
0.03924741 0.06225518 0.04066432 0.04279786 0.04927666
0.03924741 0.06225518 0.04066432 0.04279786 0.04927666
0.03924741 0.06225518 0.04066432 0.04279786 0.04927666
0.03924741 0.06225518 0.04066432 0.04279786 0.04927666
0.03336391 0.03886374 0.04624740 0.04083232 0.04604124
0.03568408 0.04110438 0.05091124 0.04157193 0.04689404
0.03788718 0.03979510 0.05769084 0.04369299 0.05778506
0.03788718 0.03979510 0.05769084 0.04369299 0.05778506
0.03623341 0.04073638 0.05269013 0.04272412 0.06635182
0.04415309 0.04589815 0.04820003 0.04366084 0.06663323
0.04415309 0.04589815 0.04820003 0.04366084 0.06663323
0.04827844 0.03990449 0.04769367 0.04234496 0.08142309
0.04827844 0.03990449 0.04769367 0.04234496 0.08142309
0.04408109 0.03982745 0.04292571 0.04259074 0.07381862
0.04408109 0.03982745 0.04292571 0.04259074 0.07381862
0.04408109 0.03982745 0.04292571 0.04259074 0.07381862
0.04408109 0.03982745 0.04292571 0.04259074 0.07381862
0.04408109 0.03982745 0.04292571 0.04259074 0.07381862
0.04408109 0.03982745 0.04292571 0.04259074 0.07381862
0.04408109 0.03982745 0.04292571 0.04259074 0.07381862
0.04408109 0.03982745 0.04292571 0.04259074 0.07381862
0.04408109 0.03982745 0.04292571 0.04259074 0.07381862
0.04408109 0.03982745 0.04292571 0.04259074 0.07381862
0.04408109 0.03982745 0.04292571 0.04259074 0.07381862
0.04408109 0.03982745 0.04292571 0.04259074 0.07381862
0.04408109 0.03982745 0.04292571 0.04259074 0.07381862
0.04408109 0.03982745 0.04292571 0.04259074 0.07381862
0.04408109 0.03982745 0.04292571 0.04259074 0.07381862
0.04408109 0.03982745 0.04292571 0.04259074 0.07381862
0.04408109 0.03982745 0.04292571 0.04259074 0.07381862
0.04408109 0.03982745 0.04292571 0.04259074 0.07381862
0.04408109 0.03982745 0.04292571 0.04259074 0.07381862
0.04408109 0.03982745 0.04292571 0.04259074 0.07381862
0.04408109 0.03982745 0.04292571 0.04259074 0.07381862
0.04408109 0.03982745 0.04292571 0.04259074 0.07381862
0.04408109 0.03982745 0.04292571 0.04259074 0.07381862
0.04408109 0.03982745 0.04292571 0.04259074 0.07381862
0.04408109 0.03982745 0.04292571 0.04259074 0.07381862
0.04408109 0.03982745 0.04292571 0.04259074 0.07381862
0.03410874 0.03870567 0.04901600 0.04703886 0.06052265
0.03450134 0.03660798 0.04060505 0.03763360 0.04238948
0.03272003 0.03748685 0.04424454 0.03760025 0.04311232
