0.00000000 0.00000000 0.00000000 0.00000000 0.00000000
0.00000000 0.00000000 0.00000000 0.00000000 0.00000000
0.00000000 0.00000000 0.00000000 0.00000000 0.00000000
0.27569275 0.34832956 0.31454744 0.61160694 0.22601147
0.27539639 0.34784352 0.31259685 0.60960383 0.22509490
0.27539639 0.34784352 0.31259685 0.60960383 0.22509490
0.27539639 0.34784352 0.31259685 0.60960383 0.22509490
0.27145879 0.33957427 0.30507110 0.60351999 0.22381696
0.27211688 0.33612940 0.30563062 0.60407982 0.22427733
0.27243820 0.33584629 0.30832719 0.60614283 0.22539989
0.27208755 0.33583002 0.30114928 0.60360281 0.22191719
0.27431937 0.33623044 0.30118868 0.59824598 0.22069865
0.27431937 0.33623044 0.30118868 0.59824598 0.22069865
0.27269652 0.33717959 0.30072835 0.60132193 0.22167439
0.26988168 0.33871438 0.29878422 0.60026056 0.22759965
0.26911903 0.34312378 0.29957458 0.60112460 0.22760471
0.26530756 0.34470462 0.29120329 0.59809741 0.23080675
0.26530756 0.34470462 0.29120329 0.59809741 0.23080675
0.26530756 0.34470462 0.29120329 0.59809741 0.23080675
0.26530756 0.34470462 0.29120329 0.59809741 0.23080675
0.25931777 0.31911380 0.33023524 0.26340278 0.26371443
0.26088150 0.32073859 0.33459667 0.26509684 0.26361948
0.26088150 0.32073859 0.33459667 0.26509684 0.26361948
0.26197308 0.32074094 0.33975306 0.26981752 0.26570318
0.26315615 0.31809336 0.34042345 0.27498806 0.27160642
0.26315615 0.31809336 0.34042345 0.27498806 0.27160642
0.26315615 0.31809336 0.34042345 0.27498806 0.27160642
0.26315615 0.31809336 0.34042345 0.27498806 0.27160642
0.26315615 0.31809336 0.34042345 0.27498806 0.27160642
0.26235339 0.31886706 0.34329232 0.27873119 0.26605843
0.26198572 0.32184612 0.34591150 0.27434550 0.27055772
0.26063738 0.32779583 0.34338466 0.28092506 0.26944694
0.26063738 0.32779583 0.34338466 0.28092506 0.26944694
0.25879748 0.32326042 0.34639790 0.27946061 0.26291094
0.25879748 0.32326042 0.34639790 0.27946061 0.26291094
0.32161424 0.32052619 0.42930057 0.27508188 0.33867975
0.31833335 0.32151063 0.42800896 0.27197186 0.33422156
0.31833335 0.32151063 0.42800896 0.27197186 0.33422156
0.31833335 0.32151063 0.42800896 0.27197186 0.33422156
0.32218015 0.31618924 0.41153572 0.28266723 0.33646413
0.32859725 0.31521694 0.41650032 0.28544443 0.33384812
0.32859725 0.31521694 0.41650032 0.28544443 0.33384812
0.38355717 0.32030737 0.48345882 0.41882361 0.30227768
0.38355717 0.32030737 0.48345882 0.41882361 0.30227768
0.39314477 0.31293844 0.48952186 0.41574776 0.29620229
0.39314477 0.31293844 0.48952186 0.41574776 0.29620229
0.39314477 0.31293844 0.48952186 0.41574776 0.29620229
0.39314477 0.31293844 0.48952186 0.41574776 0.29620229
0.39314477 0.31293844 0.48952186 0.41574776 0.29620229
0.39314477 0.31293844 0.48952186 0.41574776 0.29620229
0.39203192 0.31593679 0.49862878 0.42092998 0.29546353
0.39203192 0.31593679 0.49862878 0.42092998 0.29546353
0.33924057 0.28849691 0.42224747 0.28632796 0.32853756
0.33924057 0.28849691 0.42224747 0.28632796 0.32853756
0.33924057 0.28849691 0.42224747 0.28632796 0.32853756
0.33924057 0.28849691 0.42224747 0.28632796 0.32853756
0.33924057 0.28849691 0.42224747 0.28632796 0.32853756
0.40927292 0.32091241 0.50932671 0.42893563 0.28090504
0.29707281 0.26072224 0.44727168 0.35893474 0.25184832
0.29707281 0.26072224 0.44727168 0.35893474 0.25184832
0.29707281 0.26072224 0.44727168 0.35893474 0.25184832
0.29707281 0.26072224 0.44727168 0.35893474 0.25184832
0.21749082 0.22946151 0.34251304 0.20343352 0.26313816
0.21749082 0.22946151 0.34251304 0.20343352 0.26313816
0.22513524 0.23924983 0.33346167 0.19871828 0.26136098
0.22513524 0.23924983 0.33346167 0.19871828 0.26136098
0.22513524 0.23924983 0.33346167 0.19871828 0.26136098
0.18997146 0.20184246 0.37509805 0.26262850 0.19990136
0.18997146 0.20184246 0.37509805 0.26262850 0.19990136
0.18478781 0.20705846 0.37337709 0.25370979 0.19267841
0.18607015 0.19929926 0.37020238 0.24408304 0.18405708
0.18607015 0.19929926 0.37020238 0.24408304 0.18405708
0.09253529 0.12456581 0.15486672 0.07808537 0.11377745
0.09415238 0.12922278 0.16066831 0.07803212 0.12073847
0.09415238 0.12922278 0.16066831 0.07803212 0.12073847
0.10841573 0.13091599 0.15037636 0.07714002 0.11908482
0.10841573 0.13091599 0.15037636 0.07714002 0.11908482
0.12180598 0.11690647 0.14173236 0.08903649 0.11454096
0.11821421 0.12773090 0.14070678 0.07899603 0.12397739
0.11821421 0.12773090 0.14070678 0.07899603 0.12397739
0.11821421 0.12773090 0.14070678 0.07899603 0.12397739
0.06928531 0.08923952 0.12566430 0.07770907 0.08419808
0.06928531 0.08923952 0.12566430 0.07770907 0.08419808
0.06928531 0.08923952 0.12566430 0.07770907 0.08419808
0.06928531 0.08923952 0.12566430 0.07770907 0.08419808
0.05704449 0.08329780 0.13425452 0.06550884 0.07833055
0.04495191 0.07109566 0.08924566 0.04740473 0.06008835
0.04495191 0.07109566 0.08924566 0.04740473 0.06008835
0.04495191 0.07109566 0.08924566 0.04740473 0.06008835
0.04217172 0.08552942 0.08056840 0.05264017 0.05575966
0.04217172 0.08552942 0.08056840 0.05264017 0.05575966
0.04217172 0.08552942 0.08056840 0.05264017 0.05575966
0.04217172 0.08552942 0.08056840 0.05264017 0.05575966
0.04152832 0.08960622 0.07517739 0.05184434 0.06004455
0.04152832 0.08960622 0.07517739 0.05184434 0.06004455
0.04251715 0.09950824 0.07274689 0.05154224 0.06275697
0.04711311 0.08962351 0.07533090 0.05641073 0.07242991
0.04711311 0.08962351 0.07533090 0.05641073 0.07242991
0.04994452 0.08906294 0.07222158 0.06060179 0.06411380
0.04994452 0.08906294 0.07222158 0.06060179 0.06411380
0.04994452 0.08906294 0.07222158 0.06060179 0.06411380
0.04994452 0.08906294 0.07222158 0.06060179 0.06411380
0.04880886 0.08105646 0.06787727 0.05720526 0.06025878
0.04395617 0.05799358 0.06315993 0.04798159 0.05847328
0.04395617 0.05799358 0.06315993 0.04798159 0.05847328
0.04395617 0.05799358 0.06315993 0.04798159 0.05847328
0.04395617 0.05799358 0.06315993 0.04798159 0.05847328
0.04395617 0.05799358 0.06315993 0.04798159 0.05847328
0.04395617 0.05799358 0.06315993 0.04798159 0.05847328
0.04935985 0.04722199 0.07395758 0.05304197 0.05800368
0.04935985 0.04722199 0.07395758 0.05304197 0.05800368
0.04935985 0.04722199 0.07395758 0.05304197 0.05800368
0.04935985 0.04722199 0.07395758 0.05304197 0.05800368
0.05455751 0.04846098 0.07367595 0.04704254 0.05673712
0.05529853 0.05328695 0.08207069 0.05127600 0.06652073
0.05529853 0.05328695 0.08207069 0.05127600 0.06652073
0.05529853 0.05328695 0.08207069 0.05127600 0.06652073
0.05529853 0.05328695 0.08207069 0.05127600 0.06652073
0.05529853 0.05328695 0.08207069 0.05127600 0.06652073
0.05529853 0.05328695 0.08207069 0.05127600 0.06652073
0.05529853 0.05328695 0.08207069 0.05127600 0.06652073
0.05529853 0.05328695 0.08207069 0.05127600 0.06652073
0.05325414 0.05569601 0.07424994 0.05360291 0.07070429
0.04143800 0.05660899 0.04849044 0.04842818 0.04866975
0.04143800 0.05660899 0.04849044 0.04842818 0.04866975
0.03984894 0.05892170 0.05112453 0.05170519 0.04582902
0.03984894 0.05892170 0.05112453 0.05170519 0.04582902
0.03984894 0.05892170 0.05112453 0.05170519 0.04582902
0.04031516 0.06556089 0.04965561 0.06113077 0.04340284
0.04031516 0.06556089 0.04965561 0.06113077 0.04340284
0.04431992 0.06502262 0.05877947 0.05891200 0.04391079
0.04431992 0.06502262 0.05877947 0.05891200 0.04391079
0.04431992 0.06502262 0.05877947 0.05891200 0.04391079
0.04431992 0.06502262 0.05877947 0.05891200 0.04391079
0.04431992 0.06502262 0.05877947 0.05891200 0.04391079
0.03839831 0.04389920 0.05260908 0.05397783 0.04264694
0.03840100 0.04278957 0.05143666 0.06228691 0.04473498
0.03906032 0.04494776 0.04619817 0.06959583 0.04348680
0.03909221 0.04619990 0.04760949 0.06717875 0.04537153
0.03909221 0.04619990 0.04760949 0.06717875 0.04537153
0.03849222 0.04325910 0.04388658 0.06328446 0.04588357
0.03849222 0.04325910 0.04388658 0.06328446 0.04588357
0.03845764 0.04372712 0.04401521 0.07035978 0.04556792
0.03845764 0.04372712 0.04401521 0.07035978 0.04556792
0.03845764 0.04372712 0.04401521 0.07035978 0.04556792
0.03836862 0.04236511 0.04446477 0.06653210 0.04920899
0.03836862 0.04236511 0.04446477 0.06653210 0.04920899
0.03836862 0.04236511 0.04446477 0.06653210 0.04920899
0.03836862 0.04236511 0.04446477 0.06653210 0.04920899
0.03836862 0.04236511 0.04446477 0.06653210 0.04920899
0.03815035 0.04105787 0.04436697 0.04084569 0.04311211
0.03810145 0.04311436 0.04527340 0.04118180 0.04313685
0.03810145 0.04311436 0.04527340 0.04118180 0.04313685
0.03810145 0.04311436 0.04527340 0.04118180 0.04313685
0.03805168 0.04121556 0.04564476 0.04206496 0.04292111
0.04053556 0.04121509 0.04655786 0.04216208 0.04282938
0.03827802 0.04078925 0.04430185 0.04245752 0.04278295
0.03821898 0.04084195 0.04578238 0.04190884 0.04301766
0.03840428 0.04056027 0.05032723 0.04241279 0.04232417
0.04041383 0.04206920 0.04632361 0.04266414 0.04238364
0.04041383 0.04206920 0.04632361 0.04266414 0.04238364
0.04596448 0.04096352 0.04923445 0.04145139 0.04307615
0.04380331 0.04102043 0.04805053 0.04138419 0.04415571
0.04380331 0.04102043 0.04805053 0.04138419 0.04415571
0.05210633 0.04121316 0.04732659 0.04327044 0.04394291
0.05348098 0.04118881 0.04966690 0.04433528 0.04272130
0.04716921 0.04131129 0.05064447 0.04707449 0.04392856
0.04724620 0.04110527 0.05590795 0.05082918 0.04453777
0.04557246 0.04255055 0.06070446 0.05094022 0.04585601
0.04105949 0.04144762 0.05903476 0.05296878 0.04276685
0.04037480 0.04202085 0.05974291 0.05075414 0.04266937
0.04037480 0.04202085 0.05974291 0.05075414 0.04266937
0.04037480 0.04202085 0.05974291 0.05075414 0.04266937
0.03969965 0.04318163 0.05829545 0.05995299 0.04257193
0.03969965 0.04318163 0.05829545 0.05995299 0.04257193
0.03872986 0.04268199 0.04404682 0.04078198 0.04229861
0.03933844 0.04105850 0.04297164 0.04143479 0.04193566
0.03937244 0.04590642 0.04387099 0.04149973 0.04286057
0.03912518 0.04766886 0.04590130 0.04191343 0.04270003
0.03850517 0.04819655 0.04440152 0.04057059 0.04236307
0.03893954 0.04515258 0.04420106 0.04031044 0.04217136
0.03687079 0.04463738 0.04460137 0.03991816 0.04055382
0.03687079 0.04463738 0.04460137 0.03991816 0.04055382
0.03687079 0.04463738 0.04460137 0.03991816 0.04055382
0.03687079 0.04463738 0.04460137 0.03991816 0.04055382
0.04030687 0.05480589 0.05461128 0.03925009 0.04371340
0.04030687 0.05480589 0.05461128 0.03925009 0.04371340
0.04140292 0.05121246 0.05569447 0.03930350 0.04229245
0.04140292 0.05121246 0.05569447 0.03930350 0.04229245
0.04309034 0.04951795 0.06166832 0.03884293 0.04078534
0.04418157 0.05164833 0.05918397 0.03880674 0.04090485
0.04764292 0.06205272 0.06719286 0.03956707 0.04139714
0.04764292 0.06205272 0.06719286 0.03956707 0.04139714
0.04764292 0.06205272 0.06719286 0.03956707 0.04139714
0.04764292 0.06205272 0.06719286 0.03956707 0.04139714
0.05114326 0.06610666 0.06314501 0.03990847 0.04616066
0.04520843 0.06391262 0.06968516 0.03963040 0.04815358
0.04393855 0.06377910 0.06624827 0.03897036 0.04953194
0.04393855 0.06377910 0.06624827 0.03897036 0.04953194
0.04393855 0.06377910 0.06624827 0.03897036 0.04953194
0.04393855 0.06377910 0.06624827 0.03897036 0.04953194
0.04393855 0.06377910 0.06624827 0.03897036 0.04953194
0.04393855 0.06377910 0.06624827 0.03897036 0.04953194
0.04510962 0.07040643 0.06806097 0.04320449 0.04857545
0.04510962 0.07040643 0.06806097 0.04320449 0.04857545
0.04510962 0.07040643 0.06806097 0.04320449 0.04857545
0.04510962 0.07040643 0.06806097 0.04320449 0.04857545
0.05487308 0.05673460 0.06805888 0.04441555 0.05129474
0.05487308 0.05673460 0.06805888 0.04441555 0.05129474
0.05487308 0.05673460 0.06805888 0.04441555 0.05129474
0.05487308 0.05673460 0.06805888 0.04441555 0.05129474
0.05487308 0.05673460 0.06805888 0.04441555 0.05129474
0.04745474 0.05532505 0.06151615 0.04352427 0.05539268
0.04745474 0.05532505 0.06151615 0.04352427 0.05539268
0.04599898 0.05393374 0.05744966 0.04875260 0.05024827
0.04599898 0.05393374 0.05744966 0.04875260 0.05024827
0.04599898 0.05393374 0.05744966 0.04875260 0.05024827
0.04599898 0.05393374 0.05744966 0.04875260 0.05024827
0.04591336 0.05045398 0.06009072 0.05486744 0.05079192
0.05551869 0.04949142 0.05628317 0.06521408 0.04571631
0.05551869 0.04949142 0.05628317 0.06521408 0.04571631
0.05551869 0.04949142 0.05628317 0.06521408 0.04571631
0.05551869 0.04949142 0.05628317 0.06521408 0.04571631
0.06072275 0.05061695 0.05531532 0.06394436 0.04460789
0.06063355 0.05399091 0.05273498 0.05677867 0.04558013
0.06063355 0.05399091 0.05273498 0.05677867 0.04558013
0.04324996 0.04312044 0.04556252 0.03934865 0.04653545
0.04324996 0.04312044 0.04556252 0.03934865 0.04653545
0.04324996 0.04312044 0.04556252 0.03934865 0.04653545
0.04324996 0.04312044 0.04556252 0.03934865 0.04653545
0.04022392 0.04256629 0.04889856 0.03938456 0.04966962
0.04178584 0.04388976 0.04573335 0.04199043 0.04405488
0.04090812 0.04174825 0.05069443 0.04108299 0.04166935
0.04090812 0.04174825 0.05069443 0.04108299 0.04166935
0.04090812 0.04174825 0.05069443 0.04108299 0.04166935
0.04090812 0.04174825 0.05069443 0.04108299 0.04166935
0.04090812 0.04174825 0.05069443 0.04108299 0.04166935
0.04090812 0.04174825 0.05069443 0.04108299 0.04166935
0.04362889 0.04305565 0.04529624 0.04002482 0.04097296
0.04467010 0.04113202 0.04919439 0.04097439 0.04080629
0.04080395 0.04109133 0.05007272 0.03845510 0.04270401
0.04080395 0.04109133 0.05007272 0.03845510 0.04270401
0.04080395 0.04109133 0.05007272 0.03845510 0.04270401
0.03949619 0.04120089 0.06106832 0.03853088 0.04372310
0.04052068 0.04189416 0.06644226 0.03837871 0.04575649
0.04052068 0.04189416 0.06644226 0.03837871 0.04575649
0.04012209 0.04182798 0.08041969 0.04239821 0.05183992
0.04051660 0.04232466 0.07711882 0.04131684 0.06019842
0.04082339 0.04265421 0.06695481 0.04768714 0.05240379
0.04082339 0.04265421 0.06695481 0.04768714 0.05240379
0.04082339 0.04265421 0.06695481 0.04768714 0.05240379
0.04082339 0.04265421 0.06695481 0.04768714 0.05240379
0.04383334 0.04106090 0.07009825 0.05010257 0.05417175
0.04874387 0.04071565 0.06961086 0.05931232 0.05255550
0.04874387 0.04071565 0.06961086 0.05931232 0.05255550
0.04874387 0.04071565 0.06961086 0.05931232 0.05255550
0.04563690 0.04203709 0.06760681 0.05804490 0.05618662
0.04795482 0.04319414 0.06785513 0.05290538 0.06047639
0.05278991 0.04402322 0.05379859 0.05584389 0.07217604
0.04536353 0.04220853 0.04284270 0.04945092 0.06485707
0.04536353 0.04220853 0.04284270 0.04945092 0.06485707
0.04440839 0.04315128 0.04044760 0.04971146 0.05977486
0.04440839 0.04315128 0.04044760 0.04971146 0.05977486
0.04440839 0.04315128 0.04044760 0.04971146 0.05977486
0.03905178 0.04627750 0.03788881 0.04005045 0.03904688
0.03905178 0.04627750 0.03788881 0.04005045 0.03904688
0.03805947 0.06134175 0.03772761 0.04382485 0.03925107
0.03805947 0.06134175 0.03772761 0.04382485 0.03925107
0.03671435 0.05763522 0.03849107 0.04074990 0.03958970
0.03671435 0.05763522 0.03849107 0.04074990 0.03958970
0.04095394 0.06043050 0.03801534 0.04434526 0.03877561
0.04046976 0.06105224 0.03842239 0.04188859 0.03855299
0.04096490 0.06297366 0.04003730 0.04408671 0.03861781
0.04096490 0.06297366 0.04003730 0.04408671 0.03861781
0.04096490 0.06297366 0.04003730 0.04408671 0.03861781
0.04533297 0.06975507 0.04057864 0.04624447 0.03851495
0.05089937 0.06459722 0.03825839 0.04671514 0.03878443
0.05470916 0.07196911 0.04177466 0.04876928 0.03858863
0.05470916 0.07196911 0.04177466 0.04876928 0.03858863
0.05328684 0.06822582 0.04616939 0.05277542 0.03902662
0.05704733 0.07125628 0.05327919 0.05447991 0.03897185
0.05704733 0.07125628 0.05327919 0.05447991 0.03897185
0.05208406 0.06520163 0.05456532 0.04973758 0.03976814
0.05688497 0.06509618 0.05563728 0.05019502 0.03861525
0.05688497 0.06509618 0.05563728 0.05019502 0.03861525
0.06043415 0.06664539 0.06473811 0.05352318 0.03892000
0.05847130 0.08091652 0.07218459 0.05092545 0.03846469
0.05730184 0.08073607 0.07209668 0.05028276 0.03987981
0.06457171 0.09239860 0.06879406 0.05228080 0.03923271
0.06457171 0.09239860 0.06879406 0.05228080 0.03923271
0.06493510 0.08701497 0.06271107 0.05183022 0.04229424
0.03639106 0.04405535 0.04174039 0.03725920 0.03846469
0.03660946 0.04285326 0.04247312 0.03922768 0.03863616
0.03660946 0.04285326 0.04247312 0.03922768 0.03863616
0.03660946 0.04285326 0.04247312 0.03922768 0.03863616
0.03674376 0.04490648 0.04161925 0.04268914 0.03848600
0.03674376 0.04490648 0.04161925 0.04268914 0.03848600
0.03771750 0.05663050 0.04249432 0.04580072 0.03836199
0.03847475 0.05467038 0.04674806 0.04114959 0.03934302
0.03574804 0.05612122 0.04910413 0.04196132 0.03867033
0.03574804 0.05612122 0.04910413 0.04196132 0.03867033
0.03574804 0.05612122 0.04910413 0.04196132 0.03867033
0.03730923 0.05696356 0.04261433 0.04226726 0.03865799
0.03730923 0.05696356 0.04261433 0.04226726 0.03865799
0.03730923 0.05696356 0.04261433 0.04226726 0.03865799
0.03730923 0.05696356 0.04261433 0.04226726 0.03865799
0.03895603 0.05583712 0.04405628 0.04297908 0.03844622
0.04105558 0.05397569 0.04412462 0.05095408 0.03934352
0.04287822 0.05715400 0.03824376 0.04663196 0.03904225
0.04287822 0.05715400 0.03824376 0.04663196 0.03904225
0.04351012 0.05811083 0.04074710 0.04991926 0.04076025
0.03802020 0.04804162 0.05237930 0.04650323 0.03875524
0.03595683 0.04974067 0.05825622 0.03995079 0.03857129
0.03950659 0.04739267 0.06113204 0.04095829 0.03850016
0.03950659 0.04739267 0.06113204 0.04095829 0.03850016
0.03950659 0.04739267 0.06113204 0.04095829 0.03850016
0.03950659 0.04739267 0.06113204 0.04095829 0.03850016
0.03950659 0.04739267 0.06113204 0.04095829 0.03850016
0.03950659 0.04739267 0.06113204 0.04095829 0.03850016
0.03892646 0.04147128 0.03978829 0.03992325 0.04075340
0.03892646 0.04147128 0.03978829 0.03992325 0.04075340
0.03892646 0.04147128 0.03978829 0.03992325 0.04075340
0.04367600 0.04146379 0.04340013 0.04433253 0.03949542
0.04367600 0.04146379 0.04340013 0.04433253 0.03949542
0.04367600 0.04146379 0.04340013 0.04433253 0.03949542
0.04192258 0.04273256 0.04420114 0.04297812 0.03853998
0.04192258 0.04273256 0.04420114 0.04297812 0.03853998
0.04192258 0.04273256 0.04420114 0.04297812 0.03853998
0.04114068 0.04431500 0.04539280 0.04982590 0.04269155
0.04114068 0.04431500 0.04539280 0.04982590 0.04269155
0.04114068 0.04431500 0.04539280 0.04982590 0.04269155
0.04114068 0.04431500 0.04539280 0.04982590 0.04269155
0.04114068 0.04431500 0.04539280 0.04982590 0.04269155
0.04097891 0.04126830 0.04686490 0.05599754 0.04171815
0.04097891 0.04126830 0.04686490 0.05599754 0.04171815
0.04346240 0.04410731 0.05578819 0.06773421 0.05315597
0.04346240 0.04410731 0.05578819 0.06773421 0.05315597
0.04341120 0.04807733 0.05482340 0.06675538 0.04792340
0.04071536 0.05036910 0.04863636 0.05229507 0.04848841
0.04071536 0.05036910 0.04863636 0.05229507 0.04848841
0.04071536 0.05036910 0.04863636 0.05229507 0.04848841
0.04446974 0.04986278 0.05216024 0.05426479 0.04694532
0.04666665 0.05096945 0.04176446 0.05029963 0.04810674
0.04666665 0.05096945 0.04176446 0.05029963 0.04810674
0.05447185 0.04904899 0.04751464 0.05250156 0.04772151
0.05447185 0.04904899 0.04751464 0.05250156 0.04772151
0.05447185 0.04904899 0.04751464 0.05250156 0.04772151
0.05447185 0.04904899 0.04751464 0.05250156 0.04772151
0.05650155 0.04210373 0.04986674 0.05485527 0.04324079
0.06170977 0.04162189 0.04789514 0.04850091 0.04395184
0.03463583 0.04319540 0.04092915 0.03690680 0.03939165
0.03463583 0.04319540 0.04092915 0.03690680 0.03939165
0.03463583 0.04319540 0.04092915 0.03690680 0.03939165
0.03508923 0.04227512 0.04093043 0.03688960 0.04503129
0.03508923 0.04227512 0.04093043 0.03688960 0.04503129
0.03445943 0.04415240 0.04051211 0.04269866 0.04385640
0.03786300 0.04197850 0.04150199 0.04653377 0.04469767
0.03786300 0.04197850 0.04150199 0.04653377 0.04469767
0.03727858 0.05274955 0.04151158 0.04999709 0.04258589
0.03602293 0.05838394 0.05168388 0.05524599 0.03943238
0.03602293 0.05838394 0.05168388 0.05524599 0.03943238
0.03602293 0.05838394 0.05168388 0.05524599 0.03943238
0.03602293 0.05838394 0.05168388 0.05524599 0.03943238
0.03602293 0.05838394 0.05168388 0.05524599 0.03943238
0.03801368 0.05210832 0.04275031 0.05548360 0.03979724
0.03557422 0.04336033 0.04346244 0.05357135 0.04003572
0.03841006 0.04089403 0.04277967 0.06099273 0.03960357
0.03841006 0.04089403 0.04277967 0.06099273 0.03960357
0.03841006 0.04089403 0.04277967 0.06099273 0.03960357
0.03841006 0.04089403 0.04277967 0.06099273 0.03960357
0.03841006 0.04089403 0.04277967 0.06099273 0.03960357
0.03841006 0.04089403 0.04277967 0.06099273 0.03960357
0.03841006 0.04089403 0.04277967 0.06099273 0.03960357
0.03841006 0.04089403 0.04277967 0.06099273 0.03960357
0.03841006 0.04089403 0.04277967 0.06099273 0.03960357
0.03841006 0.04089403 0.04277967 0.06099273 0.03960357
0.03841006 0.04089403 0.04277967 0.06099273 0.03960357
0.04190820 0.03859817 0.04478408 0.07407985 0.03952143
0.04190820 0.03859817 0.04478408 0.07407985 0.03952143
0.03888609 0.03996798 0.04859130 0.07342852 0.03991117
0.04102419 0.04076354 0.05064892 0.06840323 0.03996174
0.04102419 0.04076354 0.05064892 0.06840323 0.03996174
0.04102419 0.04076354 0.05064892 0.06840323 0.03996174
0.04102419 0.04076354 0.05064892 0.06840323 0.03996174
0.03622626 0.04186221 0.05429133 0.06469882 0.04108270
0.03622626 0.04186221 0.05429133 0.06469882 0.04108270
0.03987013 0.04102817 0.05597526 0.06827212 0.04289825
0.03693043 0.03898569 0.04376587 0.04603976 0.04007385
0.03693043 0.03898569 0.04376587 0.04603976 0.04007385
0.03735123 0.04040234 0.04492679 0.05129974 0.04246311
0.03604834 0.04014132 0.04556893 0.04608140 0.04156258
0.03604834 0.04014132 0.04556893 0.04608140 0.04156258
0.03604834 0.04014132 0.04556893 0.04608140 0.04156258
0.03604834 0.04014132 0.04556893 0.04608140 0.04156258
0.03604834 0.04014132 0.04556893 0.04608140 0.04156258
0.03604834 0.04014132 0.04556893 0.04608140 0.04156258
0.03691597 0.04221540 0.04600768 0.04745697 0.04072320
0.03691597 0.04221540 0.04600768 0.04745697 0.04072320
0.03691597 0.04221540 0.04600768 0.04745697 0.04072320
0.03691597 0.04221540 0.04600768 0.04745697 0.04072320
0.03845513 0.04234883 0.04663485 0.04540802 0.04119902
0.03845513 0.04234883 0.04663485 0.04540802 0.04119902
0.03674414 0.03945946 0.04418548 0.04754853 0.04148342
0.03674414 0.03945946 0.04418548 0.04754853 0.04148342
0.03674414 0.03945946 0.04418548 0.04754853 0.04148342
0.03909888 0.03852039 0.04479332 0.04951813 0.04245312
0.03691560 0.03878610 0.04431446 0.04901468 0.04269522
0.03691560 0.03878610 0.04431446 0.04901468 0.04269522
0.03886275 0.03874051 0.04747505 0.05369430 0.04093607
0.03766365 0.03884925 0.04460016 0.05632446 0.03966107
0.03766365 0.03884925 0.04460016 0.05632446 0.03966107
0.04552062 0.03968737 0.04598540 0.05545418 0.04120627
0.04552062 0.03968737 0.04598540 0.05545418 0.04120627
0.04045102 0.03959105 0.04735741 0.04962723 0.03991159
0.04431277 0.04020009 0.04926983 0.05004528 0.03903417
0.04158060 0.04157722 0.04817874 0.05848559 0.04030301
0.04158060 0.04157722 0.04817874 0.05848559 0.04030301
0.03732422 0.03830919 0.04579068 0.06319241 0.03822605
0.03732422 0.03830919 0.04579068 0.06319241 0.03822605
0.03732422 0.03830919 0.04579068 0.06319241 0.03822605
0.04195327 0.03961286 0.04577609 0.05654312 0.03876793
0.04195327 0.03961286 0.04577609 0.05654312 0.03876793
0.04195327 0.03961286 0.04577609 0.05654312 0.03876793
0.04195327 0.03961286 0.04577609 0.05654312 0.03876793
0.04195327 0.03961286 0.04577609 0.05654312 0.03876793
0.04195327 0.03961286 0.04577609 0.05654312 0.03876793
0.03742289 0.04039887 0.05604026 0.04939388 0.03970330
0.03531546 0.03789400 0.03959742 0.05006077 0.03744131
0.03531546 0.03789400 0.03959742 0.05006077 0.03744131
0.03531546 0.03789400 0.03959742 0.05006077 0.03744131
0.03386987 0.03702893 0.04033559 0.04960774 0.03815657
0.04198555 0.03807214 0.03940738 0.05141706 0.04208325
0.03622694 0.03509945 0.03839857 0.04980637 0.03911408
0.03798153 0.03913693 0.03899261 0.05368643 0.03813053
0.03983859 0.04565773 0.04027690 0.04963727 0.03980361
0.03983859 0.04565773 0.04027690 0.04963727 0.03980361
0.04634723 0.04824419 0.04208995 0.05369957 0.04190882
0.04634723 0.04824419 0.04208995 0.05369957 0.04190882
0.03326555 0.03601060 0.04190934 0.04512826 0.04171804
0.03601209 0.03456794 0.04214445 0.04287713 0.03957328
0.04040384 0.03338225 0.03949019 0.03924024 0.03821312
0.04072415 0.03421132 0.04023377 0.03823820 0.03910714
0.04072415 0.03421132 0.04023377 0.03823820 0.03910714
0.03430510 0.03437494 0.03834603 0.03814803 0.03929185
0.03430510 0.03437494 0.03834603 0.03814803 0.03929185
0.03430510 0.03437494 0.03834603 0.03814803 0.03929185
0.03430510 0.03437494 0.03834603 0.03814803 0.03929185
0.03430510 0.03437494 0.03834603 0.03814803 0.03929185
0.03265908 0.03564975 0.03672025 0.04135078 0.03931087
0.03265908 0.03564975 0.03672025 0.04135078 0.03931087
0.03265908 0.03564975 0.03672025 0.04135078 0.03931087
0.03265908 0.03564975 0.03672025 0.04135078 0.03931087
0.03218221 0.04455280 0.03791593 0.04031681 0.03926498
0.03218221 0.04455280 0.03791593 0.04031681 0.03926498
0.03218221 0.04455280 0.03791593 0.04031681 0.03926498
0.03206360 0.04452262 0.04083307 0.03860822 0.03913340
0.03336682 0.04847786 0.04180382 0.03997960 0.03852364
0.03336682 0.04847786 0.04180382 0.03997960 0.03852364
0.03451114 0.03972628 0.03662908 0.03992631 0.03639650
0.03451114 0.03972628 0.03662908 0.03992631 0.03639650
0.03451114 0.03972628 0.03662908 0.03992631 0.03639650
0.03946996 0.03694006 0.03866875 0.04121592 0.03636263
0.03946996 0.03694006 0.03866875 0.04121592 0.03636263
0.03921315 0.03674292 0.04732054 0.03966857 0.03727851
0.04068139 0.04120194 0.04741204 0.04654518 0.03763682
0.04068139 0.04120194 0.04741204 0.04654518 0.03763682
0.04068139 0.04120194 0.04741204 0.04654518 0.03763682
0.04068139 0.04120194 0.04741204 0.04654518 0.03763682
0.04068139 0.04120194 0.04741204 0.04654518 0.03763682
0.04068139 0.04120194 0.04741204 0.04654518 0.03763682
0.04068139 0.04120194 0.04741204 0.04654518 0.03763682
0.03495321 0.04422369 0.05397367 0.04117482 0.03755742
0.03495321 0.04422369 0.05397367 0.04117482 0.03755742
0.03495321 0.04422369 0.05397367 0.04117482 0.03755742
0.03495321 0.04422369 0.05397367 0.04117482 0.03755742
0.03684009 0.04549647 0.05544357 0.04180653 0.03798221
0.03684009 0.04549647 0.05544357 0.04180653 0.03798221
0.03240648 0.04590754 0.06054888 0.04405173 0.03668539
0.03203601 0.04709464 0.05990189 0.04738780 0.03655431
0.03249271 0.04088447 0.06343339 0.05054343 0.03842964
0.03249271 0.04088447 0.06343339 0.05054343 0.03842964
0.03641369 0.03813938 0.07047959 0.04971891 0.03701144
0.03776376 0.03624786 0.06727957 0.04919695 0.04099066
0.03776376 0.03624786 0.06727957 0.04919695 0.04099066
0.03776376 0.03624786 0.06727957 0.04919695 0.04099066
0.03645460 0.03388326 0.07319370 0.04867737 0.04077884
0.03645460 0.03388326 0.07319370 0.04867737 0.04077884
0.03894867 0.03458416 0.07288801 0.05451354 0.03795191
0.03894867 0.03458416 0.07288801 0.05451354 0.03795191
0.04601149 0.03447767 0.07074432 0.04868820 0.04025183
0.04601149 0.03447767 0.07074432 0.04868820 0.04025183
0.03655559 0.03685869 0.06993575 0.05393606 0.04269802
0.03496213 0.04154435 0.06838220 0.05957081 0.04811774
0.03496213 0.04154435 0.06838220 0.05957081 0.04811774
0.03496213 0.04154435 0.06838220 0.05957081 0.04811774
0.03358702 0.04302845 0.05986485 0.04742821 0.04988818
0.03358702 0.04302845 0.05986485 0.04742821 0.04988818
0.03358702 0.04302845 0.05986485 0.04742821 0.04988818
0.03312061 0.04957093 0.06518592 0.04914322 0.05875654
0.03298195 0.03889981 0.06882708 0.04936922 0.04692595
0.03297660 0.03738677 0.06648948 0.05661163 0.04292675
0.03740112 0.03762671 0.03529707 0.04574609 0.03632826
0.04005340 0.03383158 0.03415702 0.04272241 0.03615004
0.03231995 0.03996139 0.03538564 0.05856374 0.04023397
0.03239022 0.04104359 0.04031770 0.06715381 0.04361668
0.03239022 0.04104359 0.04031770 0.06715381 0.04361668
0.03239022 0.04104359 0.04031770 0.06715381 0.04361668
0.03239022 0.04104359 0.04031770 0.06715381 0.04361668
0.03566784 0.04717320 0.03792895 0.06473506 0.04084316
0.03566784 0.04717320 0.03792895 0.06473506 0.04084316
0.03243581 0.04036922 0.03718010 0.07080010 0.03908956
0.03243581 0.04036922 0.03718010 0.07080010 0.03908956
0.03193293 0.04032133 0.03507167 0.06218302 0.03700806
0.03193293 0.04032133 0.03507167 0.06218302 0.03700806
0.03193293 0.04032133 0.03507167 0.06218302 0.03700806
0.03192219 0.03859324 0.03810806 0.05707792 0.03674462
0.03203409 0.04259229 0.03628870 0.05101455 0.03596223
0.03230573 0.04087314 0.03521855 0.05904727 0.03602071
0.03742491 0.04607583 0.03991638 0.06566085 0.03590796
0.03873856 0.04393367 0.03725062 0.07005571 0.03616034
0.03873856 0.04393367 0.03725062 0.07005571 0.03616034
0.04203966 0.03177091 0.03653891 0.03759017 0.03752904
0.04203966 0.03177091 0.03653891 0.03759017 0.03752904
0.03573523 0.03142092 0.03707320 0.03507361 0.03554206
0.03573523 0.03142092 0.03707320 0.03507361 0.03554206
0.03573523 0.03142092 0.03707320 0.03507361 0.03554206
0.03573523 0.03142092 0.03707320 0.03507361 0.03554206
0.03165037 0.03546435 0.03635445 0.03539426 0.03604035
0.03249337 0.03225613 0.03787407 0.03518589 0.03597171
0.03249337 0.03225613 0.03787407 0.03518589 0.03597171
0.03249337 0.03225613 0.03787407 0.03518589 0.03597171
0.03249337 0.03225613 0.03787407 0.03518589 0.03597171
0.03249337 0.03225613 0.03787407 0.03518589 0.03597171
0.03249337 0.03225613 0.03787407 0.03518589 0.03597171
0.03249337 0.03225613 0.03787407 0.03518589 0.03597171
0.03160859 0.03269865 0.03831668 0.03457812 0.03578337
0.03176839 0.03087745 0.03936970 0.03509464 0.03576922
0.03176839 0.03087745 0.03936970 0.03509464 0.03576922
0.03176839 0.03087745 0.03936970 0.03509464 0.03576922
0.03176839 0.03087745 0.03936970 0.03509464 0.03576922
0.03176839 0.03087745 0.03936970 0.03509464 0.03576922
0.03176839 0.03087745 0.03936970 0.03509464 0.03576922
0.03176839 0.03087745 0.03936970 0.03509464 0.03576922
0.03317570 0.03106502 0.03951786 0.03458667 0.03559802
0.03177725 0.03240051 0.03593135 0.03482944 0.03603994
0.03378875 0.03657055 0.04114894 0.03518557 0.03702931
0.03546217 0.03680043 0.05305113 0.03691129 0.04068262
0.03546217 0.03680043 0.05305113 0.03691129 0.04068262
0.03546217 0.03680043 0.05305113 0.03691129 0.04068262
0.03546217 0.03680043 0.05305113 0.03691129 0.04068262
0.03546217 0.03680043 0.05305113 0.03691129 0.04068262
0.03810019 0.03712760 0.05917767 0.03904077 0.04231315
0.03810019 0.03712760 0.05917767 0.03904077 0.04231315
0.03870808 0.03382735 0.05595873 0.03800453 0.04704834
0.03870808 0.03382735 0.05595873 0.03800453 0.04704834
0.03515086 0.03114678 0.05485961 0.03611025 0.04573664
0.03540412 0.03434329 0.04995539 0.03607277 0.04562218
0.03183016 0.03732102 0.04723127 0.03855414 0.04674177
0.03464966 0.04213755 0.05584570 0.04337612 0.05287452
0.03464966 0.04213755 0.05584570 0.04337612 0.05287452
0.03464966 0.04213755 0.05584570 0.04337612 0.05287452
0.03464966 0.04213755 0.05584570 0.04337612 0.05287452
0.03464966 0.04213755 0.05584570 0.04337612 0.05287452
0.03464966 0.04213755 0.05584570 0.04337612 0.05287452
0.03464966 0.04213755 0.05584570 0.04337612 0.05287452
0.03464966 0.04213755 0.05584570 0.04337612 0.05287452
0.03464966 0.04213755 0.05584570 0.04337612 0.05287452
0.03239475 0.03823891 0.05353440 0.04271804 0.05945728
0.03239475 0.03823891 0.05353440 0.04271804 0.05945728
0.03384146 0.04360781 0.04834106 0.04823853 0.05715236
0.03384146 0.04360781 0.04834106 0.04823853 0.05715236
0.03384146 0.04360781 0.04834106 0.04823853 0.05715236
0.03384146 0.04360781 0.04834106 0.04823853 0.05715236
0.03384146 0.04360781 0.04834106 0.04823853 0.05715236
0.03431120 0.03671565 0.04139198 0.04262773 0.05595571
0.03431120 0.03671565 0.04139198 0.04262773 0.05595571
0.03431238 0.03358314 0.03936337 0.04219081 0.05269936
0.03256565 0.03313791 0.03831006 0.03851562 0.05391055
0.03256565 0.03313791 0.03831006 0.03851562 0.05391055
0.03256565 0.03313791 0.03831006 0.03851562 0.05391055
0.03498431 0.03701183 0.03804168 0.04029162 0.05956098
0.04074140 0.03341011 0.03816857 0.04305282 0.06383591
0.03529309 0.03698789 0.04012632 0.04090639 0.05776917
0.04095907 0.03879379 0.05363586 0.03969435 0.04922275
0.04095907 0.03879379 0.05363586 0.03969435 0.04922275
0.04095907 0.03879379 0.05363586 0.03969435 0.04922275
0.04095907 0.03879379 0.05363586 0.03969435 0.04922275
0.03388772 0.04192487 0.05501352 0.03770109 0.05618537
0.03105656 0.03789736 0.05639619 0.03649980 0.04749742
0.03204454 0.03898101 0.05365086 0.04377489 0.04188192
0.03313942 0.03755369 0.05108526 0.04790161 0.04441904
0.03313942 0.03755369 0.05108526 0.04790161 0.04441904
0.03535668 0.03088923 0.04338629 0.04730154 0.04405536
0.03535668 0.03088923 0.04338629 0.04730154 0.04405536
0.03323587 0.03236371 0.04589468 0.04541553 0.04510726
0.03323587 0.03236371 0.04589468 0.04541553 0.04510726
0.03323587 0.03236371 0.04589468 0.04541553 0.04510726
0.03323587 0.03236371 0.04589468 0.04541553 0.04510726
0.03578458 0.03060660 0.03583789 0.04339813 0.04715595
0.03253954 0.03452635 0.03686348 0.04670215 0.04898212
0.03253954 0.03452635 0.03686348 0.04670215 0.04898212
0.03975244 0.03137122 0.04696774 0.04376769 0.04307127
0.03975244 0.03137122 0.04696774 0.04376769 0.04307127
0.05773217 0.04428978 0.05494392 0.05814786 0.04681239
0.05773217 0.04428978 0.05494392 0.05814786 0.04681239
0.06249374 0.04539864 0.04293029 0.06320403 0.04629833
0.06249374 0.04539864 0.04293029 0.06320403 0.04629833
0.06343066 0.04655050 0.06529493 0.06728984 0.04583546
0.07487173 0.04849377 0.05490736 0.06823369 0.04878567
0.07487173 0.04849377 0.05490736 0.06823369 0.04878567
0.07487173 0.04849377 0.05490736 0.06823369 0.04878567
0.06743629 0.05504709 0.05936088 0.05678415 0.04766160
0.06743629 0.05504709 0.05936088 0.05678415 0.04766160
0.06743629 0.05504709 0.05936088 0.05678415 0.04766160
0.06743629 0.05504709 0.05936088 0.05678415 0.04766160
0.03613916 0.04162495 0.03664318 0.03910202 0.04098625
0.03613916 0.04162495 0.03664318 0.03910202 0.04098625
0.03613916 0.04162495 0.03664318 0.03910202 0.04098625
0.03613916 0.04162495 0.03664318 0.03910202 0.04098625
0.03613916 0.04162495 0.03664318 0.03910202 0.04098625
0.03613916 0.04162495 0.03664318 0.03910202 0.04098625
0.03613916 0.04162495 0.03664318 0.03910202 0.04098625
0.03613916 0.04162495 0.03664318 0.03910202 0.04098625
0.03613916 0.04162495 0.03664318 0.03910202 0.04098625
0.03613916 0.04162495 0.03664318 0.03910202 0.04098625
0.03613916 0.04162495 0.03664318 0.03910202 0.04098625
0.03613916 0.04162495 0.03664318 0.03910202 0.04098625
0.03613916 0.04162495 0.03664318 0.03910202 0.04098625
0.03613916 0.04162495 0.03664318 0.03910202 0.04098625
0.03613916 0.04162495 0.03664318 0.03910202 0.04098625
0.03613916 0.04162495 0.03664318 0.03910202 0.04098625
0.03613916 0.04162495 0.03664318 0.03910202 0.04098625
0.03557470 0.04453384 0.03828981 0.04774556 0.04549384
0.03557470 0.04453384 0.03828981 0.04774556 0.04549384
0.03446461 0.04487698 0.03668964 0.04652435 0.04520534
0.03455546 0.03234937 0.03740910 0.04877005 0.03942677
0.03308949 0.03328707 0.03806806 0.04685059 0.04405897
0.05001718 0.04026731 0.04769807 0.04512072 0.04779391
0.04455102 0.04761545 0.05134548 0.04244390 0.05124230
0.04808415 0.04856448 0.04649003 0.04171779 0.04820465
0.05477779 0.04561021 0.04768826 0.04087391 0.04493763
0.04789962 0.04444024 0.05465742 0.04084196 0.04905346
0.05854202 0.03831842 0.05937758 0.03711490 0.06070550
0.05854202 0.03831842 0.05937758 0.03711490 0.06070550
0.05854202 0.03831842 0.05937758 0.03711490 0.06070550
0.06076037 0.03822563 0.05835925 0.03564497 0.06058033
0.06076037 0.03822563 0.05835925 0.03564497 0.06058033
0.06076037 0.03822563 0.05835925 0.03564497 0.06058033
0.06076037 0.03822563 0.05835925 0.03564497 0.06058033
0.06076037 0.03822563 0.05835925 0.03564497 0.06058033
0.06076037 0.03822563 0.05835925 0.03564497 0.06058033
0.06076037 0.03822563 0.05835925 0.03564497 0.06058033
0.06076037 0.03822563 0.05835925 0.03564497 0.06058033
0.06076037 0.03822563 0.05835925 0.03564497 0.06058033
0.06076037 0.03822563 0.05835925 0.03564497 0.06058033
0.06076037 0.03822563 0.05835925 0.03564497 0.06058033
0.06076037 0.03822563 0.05835925 0.03564497 0.06058033
0.06076037 0.03822563 0.05835925 0.03564497 0.06058033
0.06076037 0.03822563 0.05835925 0.03564497 0.06058033
0.06076037 0.03822563 0.05835925 0.03564497 0.06058033
0.06076037 0.03822563 0.05835925 0.03564497 0.06058033
0.06076037 0.03822563 0.05835925 0.03564497 0.06058033
0.06076037 0.03822563 0.05835925 0.03564497 0.06058033
0.06076037 0.03822563 0.05835925 0.03564497 0.06058033
0.06076037 0.03822563 0.05835925 0.03564497 0.06058033
0.06076037 0.03822563 0.05835925 0.03564497 0.06058033
0.06076037 0.03822563 0.05835925 0.03564497 0.06058033
0.03297755 0.03635741 0.04416639 0.06362512 0.03395018
0.03297755 0.03635741 0.04416639 0.06362512 0.03395018
0.03187820 0.03438190 0.03332564 0.05323520 0.03492596
0.03245177 0.03291210 0.04213626 0.05355263 0.03512848
0.03210477 0.03395135 0.03360926 0.05080881 0.03504715
0.04272878 0.04087021 0.04311306 0.04246894 0.05808418
0.04664235 0.04315906 0.04439258 0.04002002 0.06377893
0.04721429 0.04579024 0.04192653 0.04309704 0.06423325
0.05288866 0.05251766 0.04500196 0.04361854 0.06771695
0.05199656 0.05959010 0.04296130 0.04403807 0.06950875
0.04219611 0.04976653 0.05518944 0.03883874 0.04359933
0.04111298 0.06054385 0.04616940 0.03964037 0.04658001
0.04055398 0.06502052 0.04331939 0.03926466 0.04240368
0.04055398 0.06502052 0.04331939 0.03926466 0.04240368
0.03888059 0.05547966 0.04832002 0.03964560 0.04179127
0.03888059 0.05547966 0.04832002 0.03964560 0.04179127
0.03888059 0.05547966 0.04832002 0.03964560 0.04179127
0.03888059 0.05547966 0.04832002 0.03964560 0.04179127
0.03888059 0.05547966 0.04832002 0.03964560 0.04179127
0.03888059 0.05547966 0.04832002 0.03964560 0.04179127
0.03888059 0.05547966 0.04832002 0.03964560 0.04179127
0.03888059 0.05547966 0.04832002 0.03964560 0.04179127
0.03888059 0.05547966 0.04832002 0.03964560 0.04179127
0.03888059 0.05547966 0.04832002 0.03964560 0.04179127
0.03888059 0.05547966 0.04832002 0.03964560 0.04179127
0.03888059 0.05547966 0.04832002 0.03964560 0.04179127
0.03888059 0.05547966 0.04832002 0.03964560 0.04179127
0.03888059 0.05547966 0.04832002 0.03964560 0.04179127
0.03888059 0.05547966 0.04832002 0.03964560 0.04179127
0.03888059 0.05547966 0.04832002 0.03964560 0.04179127
0.03888059 0.05547966 0.04832002 0.03964560 0.04179127
0.03888059 0.05547966 0.04832002 0.03964560 0.04179127
0.03888059 0.05547966 0.04832002 0.03964560 0.04179127
0.03888059 0.05547966 0.04832002 0.03964560 0.04179127
0.03888059 0.05547966 0.04832002 0.03964560 0.04179127
0.03812244 0.03353483 0.03154221 0.06130918 0.03493089
0.03812244 0.03353483 0.03154221 0.06130918 0.03493089
0.03812244 0.03353483 0.03154221 0.06130918 0.03493089
0.03674998 0.03438116 0.03438255 0.07445200 0.03708491
0.03674998 0.03438116 0.03438255 0.07445200 0.03708491
0.03674998 0.03438116 0.03438255 0.07445200 0.03708491
0.04378531 0.04090960 0.04354130 0.06328505 0.04426449
0.04906703 0.04101173 0.04317708 0.06681744 0.04178596
0.04906703 0.04101173 0.04317708 0.06681744 0.04178596
0.04331846 0.04199988 0.04352075 0.05700570 0.04154653
0.04016300 0.03656362 0.04883804 0.05133231 0.04580911
0.04143498 0.03668527 0.04974514 0.04949487 0.04803325
0.04166538 0.04016865 0.04885904 0.05426023 0.05413857
0.04166538 0.04016865 0.04885904 0.05426023 0.05413857
0.04166538 0.04016865 0.04885904 0.05426023 0.05413857
0.04166538 0.04016865 0.04885904 0.05426023 0.05413857
0.04166538 0.04016865 0.04885904 0.05426023 0.05413857
0.04166538 0.04016865 0.04885904 0.05426023 0.05413857
0.04166538 0.04016865 0.04885904 0.05426023 0.05413857
0.04166538 0.04016865 0.04885904 0.05426023 0.05413857
0.04166538 0.04016865 0.04885904 0.05426023 0.05413857
0.04166538 0.04016865 0.04885904 0.05426023 0.05413857
0.04166538 0.04016865 0.04885904 0.05426023 0.05413857
0.04166538 0.04016865 0.04885904 0.05426023 0.05413857
0.04166538 0.04016865 0.04885904 0.05426023 0.05413857
0.04166538 0.04016865 0.04885904 0.05426023 0.05413857
0.04166538 0.04016865 0.04885904 0.05426023 0.05413857
0.04166538 0.04016865 0.04885904 0.05426023 0.05413857
0.04166538 0.04016865 0.04885904 0.05426023 0.05413857
0.04166538 0.04016865 0.04885904 0.05426023 0.05413857
0.04166538 0.04016865 0.04885904 0.05426023 0.05413857
0.04166538 0.04016865 0.04885904 0.05426023 0.05413857
0.04166538 0.04016865 0.04885904 0.05426023 0.05413857
0.04166538 0.04016865 0.04885904 0.05426023 0.05413857
0.04166538 0.04016865 0.04885904 0.05426023 0.05413857
0.03611176 0.03099207 0.03302265 0.06852121 0.03610368
0.03611176 0.03099207 0.03302265 0.06852121 0.03610368
0.03611176 0.03099207 0.03302265 0.06852121 0.03610368
0.03611176 0.03099207 0.03302265 0.06852121 0.03610368
0.03611176 0.03099207 0.03302265 0.06852121 0.03610368
0.04101114 0.03821403 0.05019384 0.07219758 0.04130633
0.04096999 0.04033864 0.04911807 0.05979960 0.04084605
0.04096999 0.04033864 0.04911807 0.05979960 0.04084605
0.03843978 0.04561964 0.04262238 0.07106777 0.04110390
0.03764160 0.04083458 0.04385996 0.08265376 0.04171568
0.04925719 0.03810259 0.04101161 0.07692628 0.04885851
0.04925719 0.03810259 0.04101161 0.07692628 0.04885851
0.04925719 0.03810259 0.04101161 0.07692628 0.04885851
0.04925719 0.03810259 0.04101161 0.07692628 0.04885851
0.04676669 0.03693409 0.04003770 0.08043084 0.05934909
0.04676669 0.03693409 0.04003770 0.08043084 0.05934909
0.04676669 0.03693409 0.04003770 0.08043084 0.05934909
0.04676669 0.03693409 0.04003770 0.08043084 0.05934909
0.04676669 0.03693409 0.04003770 0.08043084 0.05934909
0.04676669 0.03693409 0.04003770 0.08043084 0.05934909
0.04676669 0.03693409 0.04003770 0.08043084 0.05934909
0.04676669 0.03693409 0.04003770 0.08043084 0.05934909
0.04676669 0.03693409 0.04003770 0.08043084 0.05934909
0.04676669 0.03693409 0.04003770 0.08043084 0.05934909
0.04676669 0.03693409 0.04003770 0.08043084 0.05934909
0.04676669 0.03693409 0.04003770 0.08043084 0.05934909
0.04676669 0.03693409 0.04003770 0.08043084 0.05934909
0.04676669 0.03693409 0.04003770 0.08043084 0.05934909
0.04676669 0.03693409 0.04003770 0.08043084 0.05934909
0.04676669 0.03693409 0.04003770 0.08043084 0.05934909
0.04676669 0.03693409 0.04003770 0.08043084 0.05934909
0.04676669 0.03693409 0.04003770 0.08043084 0.05934909
0.04676669 0.03693409 0.04003770 0.08043084 0.05934909
0.04676669 0.03693409 0.04003770 0.08043084 0.05934909
0.04676669 0.03693409 0.04003770 0.08043084 0.05934909
0.04676669 0.03693409 0.04003770 0.08043084 0.05934909
0.04676669 0.03693409 0.04003770 0.08043084 0.05934909
0.04676669 0.03693409 0.04003770 0.08043084 0.05934909
0.04676669 0.03693409 0.04003770 0.08043084 0.05934909
0.04676669 0.03693409 0.04003770 0.08043084 0.05934909
0.04443791 0.03923504 0.04320472 0.04581548 0.06038589
0.04443791 0.03923504 0.04320472 0.04581548 0.06038589
0.04416880 0.03682082 0.04283675 0.04571556 0.05357720
0.04170945 0.03681442 0.04004401 0.05185503 0.05243715
0.04170945 0.03681442 0.04004401 0.05185503 0.05243715
0.03708457 0.03838322 0.06183760 0.03741139 0.04087839
0.03708457 0.03838322 0.06183760 0.03741139 0.04087839
0.03708457 0.03838322 0.06183760 0.03741139 0.04087839
0.03719243 0.03720030 0.05900086 0.03696350 0.04226801
0.03719243 0.03720030 0.05900086 0.03696350 0.04226801
0.03719243 0.03720030 0.05900086 0.03696350 0.04226801
0.03719243 0.03720030 0.05900086 0.03696350 0.04226801
0.03719243 0.03720030 0.05900086 0.03696350 0.04226801
0.03719243 0.03720030 0.05900086 0.03696350 0.04226801
0.03719243 0.03720030 0.05900086 0.03696350 0.04226801
0.03719243 0.03720030 0.05900086 0.03696350 0.04226801
0.03719243 0.03720030 0.05900086 0.03696350 0.04226801
0.03719243 0.03720030 0.05900086 0.03696350 0.04226801
0.03719243 0.03720030 0.05900086 0.03696350 0.04226801
0.03719243 0.03720030 0.05900086 0.03696350 0.04226801
0.03719243 0.03720030 0.05900086 0.03696350 0.04226801
0.03719243 0.03720030 0.05900086 0.03696350 0.04226801
0.03719243 0.03720030 0.05900086 0.03696350 0.04226801
0.03719243 0.03720030 0.05900086 0.03696350 0.04226801
0.03719243 0.03720030 0.05900086 0.03696350 0.04226801
0.03719243 0.03720030 0.05900086 0.03696350 0.04226801
0.03719243 0.03720030 0.05900086 0.03696350 0.04226801
0.03719243 0.03720030 0.05900086 0.03696350 0.04226801
0.03719243 0.03720030 0.05900086 0.03696350 0.04226801
0.03719243 0.03720030 0.05900086 0.03696350 0.04226801
0.03719243 0.03720030 0.05900086 0.03696350 0.04226801
0.03719243 0.03720030 0.05900086 0.03696350 0.04226801
0.03719243 0.03720030 0.05900086 0.03696350 0.04226801
0.03719243 0.03720030 0.05900086 0.03696350 0.04226801
0.03719243 0.03720030 0.05900086 0.03696350 0.04226801
0.06297365 0.03914202 0.04788788 0.04759596 0.05643588
0.06297365 0.03914202 0.04788788 0.04759596 0.05643588
0.06509598 0.03879570 0.05579818 0.04187022 0.07080354
0.06509598 0.03879570 0.05579818 0.04187022 0.07080354
0.06418208 0.04445475 0.04598485 0.04281260 0.08191260
0.04766135 0.04058839 0.03778407 0.04493406 0.06299103
0.04894925 0.03937235 0.03866029 0.04654853 0.06624138
0.04894925 0.03937235 0.03866029 0.04654853 0.06624138
0.05624945 0.04104133 0.04011344 0.05189824 0.06495114
0.05624945 0.04104133 0.04011344 0.05189824 0.06495114
0.05624945 0.04104133 0.04011344 0.05189824 0.06495114
0.05624945 0.04104133 0.04011344 0.05189824 0.06495114
0.05624945 0.04104133 0.04011344 0.05189824 0.06495114
0.05624945 0.04104133 0.04011344 0.05189824 0.06495114
0.05624945 0.04104133 0.04011344 0.05189824 0.06495114
0.05624945 0.04104133 0.04011344 0.05189824 0.06495114
0.05624945 0.04104133 0.04011344 0.05189824 0.06495114
0.05624945 0.04104133 0.04011344 0.05189824 0.06495114
0.05624945 0.04104133 0.04011344 0.05189824 0.06495114
0.05624945 0.04104133 0.04011344 0.05189824 0.06495114
0.05624945 0.04104133 0.04011344 0.05189824 0.06495114
0.05624945 0.04104133 0.04011344 0.05189824 0.06495114
0.05624945 0.04104133 0.04011344 0.05189824 0.06495114
0.05624945 0.04104133 0.04011344 0.05189824 0.06495114
0.05624945 0.04104133 0.04011344 0.05189824 0.06495114
0.05624945 0.04104133 0.04011344 0.05189824 0.06495114
0.05624945 0.04104133 0.04011344 0.05189824 0.06495114
0.05624945 0.04104133 0.04011344 0.05189824 0.06495114
0.05624945 0.04104133 0.04011344 0.05189824 0.06495114
0.05624945 0.04104133 0.04011344 0.05189824 0.06495114
0.05624945 0.04104133 0.04011344 0.05189824 0.06495114
0.05624945 0.04104133 0.04011344 0.05189824 0.06495114
0.05624945 0.04104133 0.04011344 0.05189824 0.06495114
0.05624945 0.04104133 0.04011344 0.05189824 0.06495114
0.05624945 0.04104133 0.04011344 0.05189824 0.06495114
0.07687932 0.04954296 0.04200594 0.04046820 0.06440233
0.03725836 0.03953186 0.04053770 0.03890526 0.04685516
0.04178009 0.03816163 0.04139828 0.04002946 0.05117250
0.03597084 0.03663316 0.04215796 0.03947129 0.04872525
0.03647475 0.03775980 0.04086929 0.04390759 0.05121373
0.03887390 0.04673864 0.03901994 0.03929238 0.04252525
0.03887390 0.04673864 0.03901994 0.03929238 0.04252525
0.03753690 0.04936924 0.03843063 0.03930398 0.05383432
0.04486713 0.05266657 0.03910416 0.04068941 0.05380342
0.04486713 0.05266657 0.03910416 0.04068941 0.05380342
0.04486713 0.05266657 0.03910416 0.04068941 0.05380342
0.04486713 0.05266657 0.03910416 0.04068941 0.05380342
0.04486713 0.05266657 0.03910416 0.04068941 0.05380342
0.04486713 0.05266657 0.03910416 0.04068941 0.05380342
0.04486713 0.05266657 0.03910416 0.04068941 0.05380342
0.04486713 0.05266657 0.03910416 0.04068941 0.05380342
0.04486713 0.05266657 0.03910416 0.04068941 0.05380342
0.04486713 0.05266657 0.03910416 0.04068941 0.05380342
0.04486713 0.05266657 0.03910416 0.04068941 0.05380342
0.04486713 0.05266657 0.03910416 0.04068941 0.05380342
0.04486713 0.05266657 0.03910416 0.04068941 0.05380342
0.04486713 0.05266657 0.03910416 0.04068941 0.05380342
0.04486713 0.05266657 0.03910416 0.04068941 0.05380342
0.04486713 0.05266657 0.03910416 0.04068941 0.05380342
0.04486713 0.05266657 0.03910416 0.04068941 0.05380342
0.04486713 0.05266657 0.03910416 0.04068941 0.05380342
0.04486713 0.05266657 0.03910416 0.04068941 0.05380342
0.04486713 0.05266657 0.03910416 0.04068941 0.05380342
0.04486713 0.05266657 0.03910416 0.04068941 0.05380342
0.04486713 0.05266657 0.03910416 0.04068941 0.05380342
0.04486713 0.05266657 0.03910416 0.04068941 0.05380342
0.04486713 0.05266657 0.03910416 0.04068941 0.05380342
0.04486713 0.05266657 0.03910416 0.04068941 0.05380342
0.04486713 0.05266657 0.03910416 0.04068941 0.05380342
0.04486713 0.05266657 0.03910416 0.04068941 0.05380342
0.03633419 0.03817450 0.03943496 0.04107787 0.04868528
0.03633419 0.03817450 0.03943496 0.04107787 0.04868528
0.03633419 0.03817450 0.03943496 0.04107787 0.04868528
0.03633419 0.03817450 0.03943496 0.04107787 0.04868528
0.03633419 0.03817450 0.03943496 0.04107787 0.04868528
0.03798339 0.04230824 0.04831036 0.03924624 0.04158356
0.03903478 0.04355635 0.05607119 0.03868053 0.04433197
0.03903478 0.04355635 0.05607119 0.03868053 0.04433197
0.03836238 0.04314231 0.05081309 0.03824566 0.04235477
0.04000451 0.04713643 0.04568150 0.03901756 0.04440913
0.04000451 0.04713643 0.04568150 0.03901756 0.04440913
0.04000451 0.04713643 0.04568150 0.03901756 0.04440913
0.04000451 0.04713643 0.04568150 0.03901756 0.04440913
0.04000451 0.04713643 0.04568150 0.03901756 0.04440913
0.04000451 0.04713643 0.04568150 0.03901756 0.04440913
0.04000451 0.04713643 0.04568150 0.03901756 0.04440913
0.04000451 0.04713643 0.04568150 0.03901756 0.04440913
0.04000451 0.04713643 0.04568150 0.03901756 0.04440913
0.04000451 0.04713643 0.04568150 0.03901756 0.04440913
0.04000451 0.04713643 0.04568150 0.03901756 0.04440913
0.04000451 0.04713643 0.04568150 0.03901756 0.04440913
0.04000451 0.04713643 0.04568150 0.03901756 0.04440913
0.04000451 0.04713643 0.04568150 0.03901756 0.04440913
0.04000451 0.04713643 0.04568150 0.03901756 0.04440913
0.04000451 0.04713643 0.04568150 0.03901756 0.04440913
0.04000451 0.04713643 0.04568150 0.03901756 0.04440913
0.04000451 0.04713643 0.04568150 0.03901756 0.04440913
0.04000451 0.04713643 0.04568150 0.03901756 0.04440913
0.04000451 0.04713643 0.04568150 0.03901756 0.04440913
0.04000451 0.04713643 0.04568150 0.03901756 0.04440913
0.04000451 0.04713643 0.04568150 0.03901756 0.04440913
0.04000451 0.04713643 0.04568150 0.03901756 0.04440913
0.04000451 0.04713643 0.04568150 0.03901756 0.04440913
0.04000451 0.04713643 0.04568150 0.03901756 0.04440913
0.04000451 0.04713643 0.04568150 0.03901756 0.04440913
0.03307945 0.07044775 0.04137221 0.03749844 0.05206534
0.03269456 0.06785960 0.03992118 0.03738810 0.05476685
0.03269456 0.06785960 0.03992118 0.03738810 0.05476685
0.03269456 0.06785960 0.03992118 0.03738810 0.05476685
0.03241892 0.07065163 0.03941935 0.03817770 0.05230115
0.03558848 0.11241625 0.03966902 0.05726341 0.05326048
0.03559984 0.12540244 0.03864658 0.05410354 0.05699672
0.03677733 0.12244847 0.03759741 0.05099371 0.05758518
0.03778806 0.11497105 0.03770503 0.05035316 0.05442278
0.03926803 0.11170605 0.03834897 0.05077272 0.05215068
0.03926803 0.11170605 0.03834897 0.05077272 0.05215068
0.03926803 0.11170605 0.03834897 0.05077272 0.05215068
0.03926803 0.11170605 0.03834897 0.05077272 0.05215068
0.03926803 0.11170605 0.03834897 0.05077272 0.05215068
0.03926803 0.11170605 0.03834897 0.05077272 0.05215068
0.03926803 0.11170605 0.03834897 0.05077272 0.05215068
0.03926803 0.11170605 0.03834897 0.05077272 0.05215068
0.03926803 0.11170605 0.03834897 0.05077272 0.05215068
0.03926803 0.11170605 0.03834897 0.05077272 0.05215068
0.03926803 0.11170605 0.03834897 0.05077272 0.05215068
0.03926803 0.11170605 0.03834897 0.05077272 0.05215068
0.03926803 0.11170605 0.03834897 0.05077272 0.05215068
0.03926803 0.11170605 0.03834897 0.05077272 0.05215068
0.03926803 0.11170605 0.03834897 0.05077272 0.05215068
0.03926803 0.11170605 0.03834897 0.05077272 0.05215068
0.03926803 0.11170605 0.03834897 0.05077272 0.05215068
0.03926803 0.11170605 0.03834897 0.05077272 0.05215068
0.03926803 0.11170605 0.03834897 0.05077272 0.05215068
0.03926803 0.11170605 0.03834897 0.05077272 0.05215068
0.03926803 0.11170605 0.03834897 0.05077272 0.05215068
0.03926803 0.11170605 0.03834897 0.05077272 0.05215068
0.03926803 0.11170605 0.03834897 0.05077272 0.05215068
0.03926803 0.11170605 0.03834897 0.05077272 0.05215068
0.03926803 0.11170605 0.03834897 0.05077272 0.05215068
0.03926803 0.11170605 0.03834897 0.05077272 0.05215068
0.04373092 0.04165586 0.04238382 0.04257095 0.04660733
0.04373092 0.04165586 0.04238382 0.04257095 0.04660733
0.04373092 0.04165586 0.04238382 0.04257095 0.04660733
0.04601102 0.03843839 0.04196840 0.04462461 0.04403726
0.03910910 0.03793181 0.04161067 0.04866085 0.04250911
0.03770949 0.05863146 0.04432773 0.05694943 0.04377476
0.03755395 0.06031429 0.04842539 0.06008612 0.04197500
0.03755395 0.06031429 0.04842539 0.06008612 0.04197500
0.04026977 0.07322940 0.05060368 0.05806401 0.04407244
0.04294265 0.04116981 0.04770508 0.04696654 0.04150878
0.04294265 0.04116981 0.04770508 0.04696654 0.04150878
0.04294265 0.04116981 0.04770508 0.04696654 0.04150878
0.04294265 0.04116981 0.04770508 0.04696654 0.04150878
0.04294265 0.04116981 0.04770508 0.04696654 0.04150878
0.04294265 0.04116981 0.04770508 0.04696654 0.04150878
0.04294265 0.04116981 0.04770508 0.04696654 0.04150878
0.04294265 0.04116981 0.04770508 0.04696654 0.04150878
0.04294265 0.04116981 0.04770508 0.04696654 0.04150878
0.04294265 0.04116981 0.04770508 0.04696654 0.04150878
0.04294265 0.04116981 0.04770508 0.04696654 0.04150878
0.04294265 0.04116981 0.04770508 0.04696654 0.04150878
0.04294265 0.04116981 0.04770508 0.04696654 0.04150878
0.04294265 0.04116981 0.04770508 0.04696654 0.04150878
0.04294265 0.04116981 0.04770508 0.04696654 0.04150878
0.04294265 0.04116981 0.04770508 0.04696654 0.04150878
0.04294265 0.04116981 0.04770508 0.04696654 0.04150878
0.04294265 0.04116981 0.04770508 0.04696654 0.04150878
0.04294265 0.04116981 0.04770508 0.04696654 0.04150878
0.04294265 0.04116981 0.04770508 0.04696654 0.04150878
0.04294265 0.04116981 0.04770508 0.04696654 0.04150878
0.04294265 0.04116981 0.04770508 0.04696654 0.04150878
0.04294265 0.04116981 0.04770508 0.04696654 0.04150878
0.04294265 0.04116981 0.04770508 0.04696654 0.04150878
0.04294265 0.04116981 0.04770508 0.04696654 0.04150878
0.04294265 0.04116981 0.04770508 0.04696654 0.04150878
0.03766231 0.04382845 0.04586225 0.04032935 0.04606326
0.03776201 0.04050700 0.05513360 0.03912343 0.05058538
0.03652505 0.04814438 0.05320163 0.03758257 0.04931993
0.03675392 0.04924375 0.04816301 0.03991866 0.05297206
0.03576753 0.04452129 0.05132331 0.03834907 0.04928036
0.03716681 0.04998115 0.06624262 0.04660983 0.04261474
0.03621905 0.03744222 0.04015452 0.04396835 0.04172903
0.03621905 0.03744222 0.04015452 0.04396835 0.04172903
0.03621905 0.03744222 0.04015452 0.04396835 0.04172903
0.03845968 0.03567868 0.03946759 0.04163987 0.04258844
0.03845968 0.03567868 0.03946759 0.04163987 0.04258844
0.03845968 0.03567868 0.03946759 0.04163987 0.04258844
0.03845968 0.03567868 0.03946759 0.04163987 0.04258844
