0.00000000 0.00000000 0.00000000 0.00000000 0.00000000
0.00000000 0.00000000 0.00000000 0.00000000 0.00000000
0.00000000 0.00000000 0.00000000 0.00000000 0.00000000
0.28167472 0.29372795 0.46580492 0.45273801 0.58948024
0.27920344 0.29742315 0.46334280 0.44090736 0.58681764
0.27920344 0.29742315 0.46334280 0.44090736 0.58681764
0.27920344 0.29742315 0.46334280 0.44090736 0.58681764
0.25666621 0.32080158 0.32475829 0.26462857 0.25314763
0.25604861 0.32637035 0.32502026 0.26584429 0.25960141
0.25632544 0.32636834 0.32346207 0.25812926 0.26278926
0.25941525 0.32927672 0.32709661 0.26755898 0.25859111
0.26158398 0.33068077 0.32608981 0.27536807 0.25734702
0.26158398 0.33068077 0.32608981 0.27536807 0.25734702
0.26158398 0.33068077 0.32608981 0.27536807 0.25734702
0.26158398 0.33068077 0.32608981 0.27536807 0.25734702
0.26158398 0.33068077 0.32608981 0.27536807 0.25734702
0.26158398 0.33068077 0.32608981 0.27536807 0.25734702
0.26158398 0.33068077 0.32608981 0.27536807 0.25734702
0.26158398 0.33068077 0.32608981 0.27536807 0.25734702
0.26158398 0.33068077 0.32608981 0.27536807 0.25734702
0.26158398 0.33068077 0.32608981 0.27536807 0.25734702
0.26158398 0.33068077 0.32608981 0.27536807 0.25734702
0.26158398 0.33068077 0.32608981 0.27536807 0.25734702
0.26823204 0.26521065 0.35952625 0.35084830 0.28368914
0.27049839 0.26839029 0.36538807 0.35641110 0.28679847
0.27049839 0.26839029 0.36538807 0.35641110 0.28679847
0.27049839 0.26839029 0.36538807 0.35641110 0.28679847
0.27049839 0.26839029 0.36538807 0.35641110 0.28679847
0.27049839 0.26839029 0.36538807 0.35641110 0.28679847
0.26791591 0.26610079 0.36526986 0.35219652 0.28077675
0.27032764 0.26542160 0.36705165 0.34931093 0.28191611
0.26967542 0.25805141 0.36885555 0.35448835 0.28175008
0.26967542 0.25805141 0.36885555 0.35448835 0.28175008
0.24850402 0.42516307 0.35060417 0.31099346 0.21187238
0.24850402 0.42516307 0.35060417 0.31099346 0.21187238
0.37734113 0.35168517 0.50631070 0.39985853 0.30547687
0.37516637 0.35035342 0.50445619 0.40321455 0.30804200
0.37516637 0.35035342 0.50445619 0.40321455 0.30804200
0.37516637 0.35035342 0.50445619 0.40321455 0.30804200
0.47831867 0.46492570 0.39889200 0.38067640 0.35761692
0.48459607 0.46588488 0.40346474 0.38442544 0.35525708
0.48459607 0.46588488 0.40346474 0.38442544 0.35525708
0.48374108 0.46015157 0.40173876 0.38646595 0.36254381
0.48374108 0.46015157 0.40173876 0.38646595 0.36254381
0.48552750 0.44975098 0.40456018 0.39034569 0.36718940
0.48552750 0.44975098 0.40456018 0.39034569 0.36718940
0.48552750 0.44975098 0.40456018 0.39034569 0.36718940
0.48552750 0.44975098 0.40456018 0.39034569 0.36718940
0.48552750 0.44975098 0.40456018 0.39034569 0.36718940
0.48552750 0.44975098 0.40456018 0.39034569 0.36718940
0.48771192 0.44450239 0.40778541 0.39128547 0.36618032
0.48771192 0.44450239 0.40778541 0.39128547 0.36618032
0.49466819 0.44957729 0.40851768 0.40054409 0.35643927
0.49466819 0.44957729 0.40851768 0.40054409 0.35643927
0.49466819 0.44957729 0.40851768 0.40054409 0.35643927
0.49466819 0.44957729 0.40851768 0.40054409 0.35643927
0.49466819 0.44957729 0.40851768 0.40054409 0.35643927
0.49422931 0.46049177 0.41389819 0.39611696 0.35148610
0.44286231 0.39772290 0.34803154 0.29352806 0.26949837
0.44286231 0.39772290 0.34803154 0.29352806 0.26949837
0.44286231 0.39772290 0.34803154 0.29352806 0.26949837
0.44286231 0.39772290 0.34803154 0.29352806 0.26949837
0.43829297 0.38906458 0.33528926 0.28616621 0.27649299
0.43829297 0.38906458 0.33528926 0.28616621 0.27649299
0.44231652 0.39750038 0.33025853 0.28867361 0.27621761
0.44231652 0.39750038 0.33025853 0.28867361 0.27621761
0.44231652 0.39750038 0.33025853 0.28867361 0.27621761
0.35773599 0.33511800 0.27411504 0.20221336 0.21454918
0.35773599 0.33511800 0.27411504 0.20221336 0.21454918
0.35942033 0.33702512 0.27468240 0.19109231 0.20934270
0.36463337 0.33351965 0.27035740 0.18465212 0.21070585
0.36463337 0.33351965 0.27035740 0.18465212 0.21070585
0.36559345 0.33220041 0.27279872 0.19146473 0.20961632
0.36279531 0.34218043 0.27631825 0.19260329 0.21784078
0.36279531 0.34218043 0.27631825 0.19260329 0.21784078
0.37816882 0.33916375 0.26485853 0.18686837 0.20864435
0.37816882 0.33916375 0.26485853 0.18686837 0.20864435
0.38717636 0.32472742 0.25847293 0.19192277 0.20242778
0.38703786 0.33708204 0.25768136 0.18228807 0.21248419
0.38703786 0.33708204 0.25768136 0.18228807 0.21248419
0.38703786 0.33708204 0.25768136 0.18228807 0.21248419
0.26866787 0.26085492 0.21640967 0.16198889 0.14805187
0.26866787 0.26085492 0.21640967 0.16198889 0.14805187
0.26866787 0.26085492 0.21640967 0.16198889 0.14805187
0.26866787 0.26085492 0.21640967 0.16198889 0.14805187
0.26245477 0.25163826 0.23450479 0.14038331 0.14171375
0.26245477 0.25163826 0.23450479 0.14038331 0.14171375
0.26245477 0.25163826 0.23450479 0.14038331 0.14171375
0.26245477 0.25163826 0.23450479 0.14038331 0.14171375
0.25604681 0.26741578 0.22423936 0.15073052 0.13141385
0.25604681 0.26741578 0.22423936 0.15073052 0.13141385
0.25604681 0.26741578 0.22423936 0.15073052 0.13141385
0.25604681 0.26741578 0.22423936 0.15073052 0.13141385
0.25199519 0.26757707 0.21096435 0.14752615 0.13442128
0.25199519 0.26757707 0.21096435 0.14752615 0.13442128
0.25948909 0.27761103 0.20690411 0.14481521 0.13657684
0.26877594 0.26748425 0.20432538 0.15798556 0.15450373
0.26877594 0.26748425 0.20432538 0.15798556 0.15450373
0.27134426 0.27913285 0.20593392 0.16947345 0.14605262
0.27134426 0.27913285 0.20593392 0.16947345 0.14605262
0.27134426 0.27913285 0.20593392 0.16947345 0.14605262
0.27134426 0.27913285 0.20593392 0.16947345 0.14605262
0.26501585 0.26789808 0.20474514 0.16182230 0.14168806
0.20258044 0.17053820 0.13370973 0.08173523 0.10413192
0.20258044 0.17053820 0.13370973 0.08173523 0.10413192
0.20258044 0.17053820 0.13370973 0.08173523 0.10413192
0.20258044 0.17053820 0.13370973 0.08173523 0.10413192
0.20258044 0.17053820 0.13370973 0.08173523 0.10413192
0.20258044 0.17053820 0.13370973 0.08173523 0.10413192
0.20597603 0.15294318 0.14512356 0.09125304 0.10274483
0.20597603 0.15294318 0.14512356 0.09125304 0.10274483
0.20597603 0.15294318 0.14512356 0.09125304 0.10274483
0.20597603 0.15294318 0.14512356 0.09125304 0.10274483
0.22533837 0.15759965 0.15575570 0.08644436 0.09952148
0.22735935 0.17467966 0.16713244 0.09292881 0.11096719
0.22735935 0.17467966 0.16713244 0.09292881 0.11096719
0.22735935 0.17467966 0.16713244 0.09292881 0.11096719
0.22735935 0.17467966 0.16713244 0.09292881 0.11096719
0.22735935 0.17467966 0.16713244 0.09292881 0.11096719
0.22735935 0.17467966 0.16713244 0.09292881 0.11096719
0.22735935 0.17467966 0.16713244 0.09292881 0.11096719
0.22735935 0.17467966 0.16713244 0.09292881 0.11096719
0.21780106 0.17506383 0.15906269 0.09734347 0.11136179
0.14346163 0.12733037 0.09500282 0.07641785 0.07435883
0.14346163 0.12733037 0.09500282 0.07641785 0.07435883
0.13688490 0.12643533 0.09435115 0.07094571 0.06777287
0.13688490 0.12643533 0.09435115 0.07094571 0.06777287
0.13688490 0.12643533 0.09435115 0.07094571 0.06777287
0.12446151 0.13540996 0.09689620 0.08333300 0.06288074
0.12446151 0.13540996 0.09689620 0.08333300 0.06288074
0.11117137 0.13230638 0.10567444 0.07265409 0.06488641
0.11117137 0.13230638 0.10567444 0.07265409 0.06488641
0.11117137 0.13230638 0.10567444 0.07265409 0.06488641
0.11117137 0.13230638 0.10567444 0.07265409 0.06488641
0.11117137 0.13230638 0.10567444 0.07265409 0.06488641
0.10171288 0.07932625 0.07269086 0.05809097 0.04704191
0.10483542 0.07585358 0.07048416 0.06431441 0.04460437
0.09438112 0.07678616 0.06701294 0.07626654 0.04590457
0.08628969 0.07368631 0.06546834 0.07198332 0.04405935
0.08628969 0.07368631 0.06546834 0.07198332 0.04405935
0.08710999 0.06942371 0.05901200 0.07226889 0.04382030
0.08710999 0.06942371 0.05901200 0.07226889 0.04382030
0.09078401 0.07122017 0.06289768 0.08498782 0.04377490
0.09078401 0.07122017 0.06289768 0.08498782 0.04377490
0.09078401 0.07122017 0.06289768 0.08498782 0.04377490
0.09685337 0.06220813 0.06411385 0.07759291 0.04615486
0.09685337 0.06220813 0.06411385 0.07759291 0.04615486
0.09685337 0.06220813 0.06411385 0.07759291 0.04615486
0.09685337 0.06220813 0.06411385 0.07759291 0.04615486
0.09685337 0.06220813 0.06411385 0.07759291 0.04615486
0.07565134 0.05735088 0.05300429 0.04231372 0.04343732
0.08544784 0.06521749 0.05451485 0.04306988 0.04357655
0.08544784 0.06521749 0.05451485 0.04306988 0.04357655
0.08544784 0.06521749 0.05451485 0.04306988 0.04357655
0.08335623 0.06142224 0.05244049 0.04238502 0.04391720
0.09064655 0.05871684 0.05109415 0.04937017 0.04402127
0.05929068 0.04843181 0.04556590 0.04422481 0.04338568
0.06240513 0.05239671 0.04429328 0.04349349 0.04339043
0.06407622 0.05240815 0.04611009 0.05015844 0.04353033
0.07226570 0.04999132 0.04766662 0.04430991 0.04396647
0.07226570 0.04999132 0.04766662 0.04430991 0.04396647
0.08160261 0.05553972 0.04692444 0.04859761 0.04405489
0.07488016 0.05730170 0.04809249 0.05038637 0.04769641
0.07488016 0.05730170 0.04809249 0.05038637 0.04769641
0.09290841 0.05999870 0.04826492 0.05359696 0.04717563
0.09493919 0.06120780 0.05468470 0.04783447 0.04509428
0.08812878 0.06082511 0.05727918 0.04646296 0.04588638
0.08539780 0.06907103 0.06552739 0.05262383 0.04625549
0.08455083 0.07557984 0.07261892 0.05547849 0.04736664
0.07566450 0.07485108 0.07497188 0.05718921 0.04601299
0.07615745 0.07911026 0.08227089 0.05318558 0.04601213
0.07615745 0.07911026 0.08227089 0.05318558 0.04601213
0.07615745 0.07911026 0.08227089 0.05318558 0.04601213
0.07505392 0.08766227 0.09865700 0.06135950 0.04668139
0.07505392 0.08766227 0.09865700 0.06135950 0.04668139
0.05099705 0.04548576 0.04181370 0.04288576 0.04476888
0.05122774 0.04542384 0.04089196 0.04808308 0.04720754
0.04828359 0.04489836 0.04101004 0.04402736 0.04643176
0.04814531 0.04539847 0.04172628 0.04372698 0.04748967
0.04649348 0.04273679 0.04097809 0.04674253 0.04321924
0.04577732 0.04327972 0.04089389 0.04539702 0.04286109
0.04701460 0.04383092 0.04294005 0.04240671 0.04312792
0.04701460 0.04383092 0.04294005 0.04240671 0.04312792
0.04701460 0.04383092 0.04294005 0.04240671 0.04312792
0.04701460 0.04383092 0.04294005 0.04240671 0.04312792
0.05275777 0.04959495 0.04683842 0.04129030 0.04480721
0.05275777 0.04959495 0.04683842 0.04129030 0.04480721
0.05568709 0.04703028 0.04891627 0.04234059 0.04376084
0.05568709 0.04703028 0.04891627 0.04234059 0.04376084
0.06117673 0.04686927 0.04927031 0.04427148 0.04260870
0.06080470 0.05240962 0.05042871 0.04027941 0.04248484
0.06399102 0.06000148 0.04943251 0.04087681 0.04395103
0.06399102 0.06000148 0.04943251 0.04087681 0.04395103
0.06399102 0.06000148 0.04943251 0.04087681 0.04395103
0.06399102 0.06000148 0.04943251 0.04087681 0.04395103
0.06845061 0.06164966 0.04955035 0.04085231 0.04853400
0.06209722 0.06643388 0.06339084 0.04223130 0.04600591
0.05454497 0.05985927 0.05301764 0.04270308 0.05316366
0.05454497 0.05985927 0.05301764 0.04270308 0.05316366
0.05454497 0.05985927 0.05301764 0.04270308 0.05316366
0.05454497 0.05985927 0.05301764 0.04270308 0.05316366
0.05454497 0.05985927 0.05301764 0.04270308 0.05316366
0.05454497 0.05985927 0.05301764 0.04270308 0.05316366
0.06008840 0.06827338 0.05858456 0.03968173 0.05129691
0.06008840 0.06827338 0.05858456 0.03968173 0.05129691
0.06008840 0.06827338 0.05858456 0.03968173 0.05129691
0.06008840 0.06827338 0.05858456 0.03968173 0.05129691
0.06646885 0.05132773 0.05744940 0.03967557 0.05982438
0.06646885 0.05132773 0.05744940 0.03967557 0.05982438
0.06646885 0.05132773 0.05744940 0.03967557 0.05982438
0.06646885 0.05132773 0.05744940 0.03967557 0.05982438
0.06646885 0.05132773 0.05744940 0.03967557 0.05982438
0.05950084 0.04882333 0.05414956 0.03993460 0.05941802
0.05950084 0.04882333 0.05414956 0.03993460 0.05941802
0.06129757 0.04618587 0.04844012 0.04283620 0.05377403
0.06129757 0.04618587 0.04844012 0.04283620 0.05377403
0.06129757 0.04618587 0.04844012 0.04283620 0.05377403
0.06129757 0.04618587 0.04844012 0.04283620 0.05377403
0.06105208 0.04463992 0.05315059 0.04508300 0.05552709
0.07222697 0.04400060 0.04776673 0.04868970 0.05076258
0.07222697 0.04400060 0.04776673 0.04868970 0.05076258
0.07222697 0.04400060 0.04776673 0.04868970 0.05076258
0.07222697 0.04400060 0.04776673 0.04868970 0.05076258
0.07938214 0.04493722 0.04920596 0.04904492 0.04718929
0.07763168 0.04814643 0.05025577 0.04313850 0.04904214
0.07763168 0.04814643 0.05025577 0.04313850 0.04904214
0.04339138 0.05115154 0.04953248 0.04167272 0.05381847
0.04339138 0.05115154 0.04953248 0.04167272 0.05381847
0.04339138 0.05115154 0.04953248 0.04167272 0.05381847
0.04339138 0.05115154 0.04953248 0.04167272 0.05381847
0.04290058 0.05012404 0.05449463 0.04258892 0.05969413
0.04301196 0.05873906 0.05298515 0.03939035 0.05097609
0.04317546 0.05065784 0.05403795 0.03875215 0.04686761
0.04317546 0.05065784 0.05403795 0.03875215 0.04686761
0.04317546 0.05065784 0.05403795 0.03875215 0.04686761
0.04317546 0.05065784 0.05403795 0.03875215 0.04686761
0.04317546 0.05065784 0.05403795 0.03875215 0.04686761
0.04317546 0.05065784 0.05403795 0.03875215 0.04686761
0.04684172 0.05224968 0.05107400 0.03866455 0.04613702
0.04912663 0.05110604 0.05340088 0.03846458 0.04553747
0.04588489 0.04499578 0.04805703 0.03780553 0.04786647
0.04588489 0.04499578 0.04805703 0.03780553 0.04786647
0.04588489 0.04499578 0.04805703 0.03780553 0.04786647
0.04397423 0.04521476 0.05453794 0.03784031 0.05093207
0.04365564 0.04305316 0.05688484 0.03774990 0.05208331
0.04365564 0.04305316 0.05688484 0.03774990 0.05208331
0.04315475 0.04432271 0.06993902 0.04045705 0.06129507
0.04347357 0.04302238 0.05598011 0.04159587 0.06689955
0.04414079 0.04344966 0.05585440 0.04088453 0.06704217
0.04414079 0.04344966 0.05585440 0.04088453 0.06704217
0.04414079 0.04344966 0.05585440 0.04088453 0.06704217
0.04414079 0.04344966 0.05585440 0.04088453 0.06704217
0.04959961 0.04336043 0.05446648 0.04464132 0.06497579
0.05676317 0.04413895 0.05470941 0.05671134 0.06277714
0.05676317 0.04413895 0.05470941 0.05671134 0.06277714
0.05676317 0.04413895 0.05470941 0.05671134 0.06277714
0.05235728 0.04255995 0.05382857 0.07043428 0.05772513
0.05394941 0.04164557 0.04914677 0.07297273 0.06174349
0.05389807 0.04165942 0.04192942 0.06709342 0.07857108
0.04718167 0.04191762 0.04007834 0.05031532 0.07356363
0.04718167 0.04191762 0.04007834 0.05031532 0.07356363
0.05015848 0.04199052 0.03983294 0.04685510 0.07185947
0.05015848 0.04199052 0.03983294 0.04685510 0.07185947
0.05015848 0.04199052 0.03983294 0.04685510 0.07185947
0.04803635 0.04172232 0.03971144 0.03963657 0.04618542
0.04803635 0.04172232 0.03971144 0.03963657 0.04618542
0.05141296 0.04416356 0.03958537 0.03725902 0.04454749
0.05141296 0.04416356 0.03958537 0.03725902 0.04454749
0.05540537 0.04345025 0.03944937 0.03851861 0.04578103
0.05540537 0.04345025 0.03944937 0.03851861 0.04578103
0.04775623 0.04458729 0.04056265 0.03856311 0.04485430
0.04599364 0.04295474 0.04113797 0.03872996 0.04454566
0.04350451 0.04409596 0.04034034 0.03850785 0.04372678
0.04350451 0.04409596 0.04034034 0.03850785 0.04372678
0.04350451 0.04409596 0.04034034 0.03850785 0.04372678
0.04210481 0.04754542 0.03954320 0.03915765 0.04417813
0.04322274 0.04627882 0.04548959 0.03805872 0.04524270
0.04700286 0.05117825 0.05293213 0.04266450 0.04287588
0.04700286 0.05117825 0.05293213 0.04266450 0.04287588
0.04547680 0.04629437 0.05470045 0.04525161 0.04315108
0.05229899 0.05012084 0.06193525 0.04855797 0.04320960
0.05229899 0.05012084 0.06193525 0.04855797 0.04320960
0.05110785 0.04762879 0.06927312 0.04887275 0.04453446
0.05507368 0.04867173 0.06883049 0.05288366 0.04233158
0.05507368 0.04867173 0.06883049 0.05288366 0.04233158
0.05579997 0.05267512 0.08132064 0.05555609 0.04479401
0.05233127 0.06650269 0.08873267 0.05548113 0.04359777
0.05104329 0.06007909 0.08720689 0.04914248 0.04983643
0.05106812 0.06671908 0.08279994 0.04512926 0.04951635
0.05106812 0.06671908 0.08279994 0.04512926 0.04951635
0.05139070 0.06338161 0.07521943 0.04717166 0.05669696
0.04435546 0.04054848 0.04537932 0.03813573 0.04212121
0.04475910 0.04203256 0.04595779 0.03909741 0.04197559
0.04475910 0.04203256 0.04595779 0.03909741 0.04197559
0.04475910 0.04203256 0.04595779 0.03909741 0.04197559
0.04797434 0.04227695 0.04268004 0.03917510 0.04689986
0.04797434 0.04227695 0.04268004 0.03917510 0.04689986
0.04379033 0.04001724 0.04144301 0.03974230 0.04612883
0.04311089 0.03959451 0.04463172 0.03912570 0.04248114
0.05459940 0.04012132 0.04833515 0.04026314 0.04419296
0.05459940 0.04012132 0.04833515 0.04026314 0.04419296
0.05459940 0.04012132 0.04833515 0.04026314 0.04419296
0.04748314 0.03995676 0.04993825 0.04555779 0.04608643
0.04748314 0.03995676 0.04993825 0.04555779 0.04608643
0.04748314 0.03995676 0.04993825 0.04555779 0.04608643
0.04748314 0.03995676 0.04993825 0.04555779 0.04608643
0.04581864 0.03994661 0.05112177 0.04318098 0.04638696
0.04457088 0.04047390 0.04876412 0.04180073 0.04354541
0.04402859 0.04013298 0.04919130 0.05189637 0.04623635
0.04402859 0.04013298 0.04919130 0.05189637 0.04623635
0.04361253 0.04039602 0.05297186 0.05255950 0.04494224
0.04820823 0.04156610 0.05828945 0.04781553 0.05026453
0.05541258 0.04118216 0.05474931 0.05527517 0.04981109
0.04656706 0.04209170 0.05855917 0.06019430 0.04828334
0.04656706 0.04209170 0.05855917 0.06019430 0.04828334
0.04656706 0.04209170 0.05855917 0.06019430 0.04828334
0.04656706 0.04209170 0.05855917 0.06019430 0.04828334
0.04656706 0.04209170 0.05855917 0.06019430 0.04828334
0.04656706 0.04209170 0.05855917 0.06019430 0.04828334
0.06293916 0.04192210 0.04324644 0.04421761 0.04916804
0.06293916 0.04192210 0.04324644 0.04421761 0.04916804
0.06293916 0.04192210 0.04324644 0.04421761 0.04916804
0.07011753 0.04141226 0.05117797 0.04809586 0.05039492
0.07011753 0.04141226 0.05117797 0.04809586 0.05039492
0.07011753 0.04141226 0.05117797 0.04809586 0.05039492
0.06602790 0.04137928 0.04930767 0.04846870 0.04665501
0.06602790 0.04137928 0.04930767 0.04846870 0.04665501
0.06602790 0.04137928 0.04930767 0.04846870 0.04665501
0.06728036 0.04587773 0.04890859 0.05148687 0.05374879
0.06728036 0.04587773 0.04890859 0.05148687 0.05374879
0.06728036 0.04587773 0.04890859 0.05148687 0.05374879
0.06728036 0.04587773 0.04890859 0.05148687 0.05374879
0.06728036 0.04587773 0.04890859 0.05148687 0.05374879
0.06837865 0.04335738 0.05007611 0.05179443 0.05237246
0.06837865 0.04335738 0.05007611 0.05179443 0.05237246
0.07171288 0.05280736 0.05827427 0.05370094 0.06627155
0.07171288 0.05280736 0.05827427 0.05370094 0.06627155
0.07427282 0.05645688 0.06300605 0.05556915 0.06438969
0.07315731 0.05090989 0.06564959 0.05231359 0.07626459
0.07315731 0.05090989 0.06564959 0.05231359 0.07626459
0.07315731 0.05090989 0.06564959 0.05231359 0.07626459
0.07903346 0.04752467 0.07214712 0.06187241 0.07964605
0.08596002 0.04757674 0.06942299 0.06073876 0.08320311
0.08596002 0.04757674 0.06942299 0.06073876 0.08320311
0.09337083 0.04607253 0.07099625 0.05739712 0.08385950
0.09337083 0.04607253 0.07099625 0.05739712 0.08385950
0.09337083 0.04607253 0.07099625 0.05739712 0.08385950
0.09337083 0.04607253 0.07099625 0.05739712 0.08385950
0.09114319 0.04342962 0.07385168 0.05301027 0.07037605
0.09656936 0.04224499 0.07245039 0.04759471 0.06994522
0.04572536 0.03912375 0.04519895 0.04345083 0.04567110
0.04572536 0.03912375 0.04519895 0.04345083 0.04567110
0.04572536 0.03912375 0.04519895 0.04345083 0.04567110
0.04095817 0.03945545 0.04043414 0.04178087 0.04528533
0.04095817 0.03945545 0.04043414 0.04178087 0.04528533
0.04005447 0.04110560 0.04063405 0.04237080 0.04362040
0.04447546 0.04071647 0.04051243 0.04228121 0.04353395
0.04447546 0.04071647 0.04051243 0.04228121 0.04353395
0.04172414 0.05838000 0.03942660 0.04160450 0.04359932
0.03931710 0.06464352 0.04077308 0.04166075 0.04535828
0.03931710 0.06464352 0.04077308 0.04166075 0.04535828
0.03931710 0.06464352 0.04077308 0.04166075 0.04535828
0.03931710 0.06464352 0.04077308 0.04166075 0.04535828
0.03931710 0.06464352 0.04077308 0.04166075 0.04535828
0.04197652 0.05683694 0.03864647 0.04013635 0.04951878
0.03961778 0.04508604 0.03879057 0.04018961 0.05179324
0.04216442 0.04453537 0.03905063 0.04083729 0.05570243
0.04216442 0.04453537 0.03905063 0.04083729 0.05570243
0.04216442 0.04453537 0.03905063 0.04083729 0.05570243
0.04216442 0.04453537 0.03905063 0.04083729 0.05570243
0.04216442 0.04453537 0.03905063 0.04083729 0.05570243
0.04216442 0.04453537 0.03905063 0.04083729 0.05570243
0.04216442 0.04453537 0.03905063 0.04083729 0.05570243
0.04216442 0.04453537 0.03905063 0.04083729 0.05570243
0.04216442 0.04453537 0.03905063 0.04083729 0.05570243
0.04216442 0.04453537 0.03905063 0.04083729 0.05570243
0.04216442 0.04453537 0.03905063 0.04083729 0.05570243
0.04811867 0.04009068 0.03963194 0.05185073 0.05355459
0.04811867 0.04009068 0.03963194 0.05185073 0.05355459
0.04271758 0.04373439 0.04102573 0.04402755 0.05869003
0.04579485 0.04404456 0.04056726 0.04247250 0.05431555
0.04579485 0.04404456 0.04056726 0.04247250 0.05431555
0.04579485 0.04404456 0.04056726 0.04247250 0.05431555
0.04579485 0.04404456 0.04056726 0.04247250 0.05431555
0.04154932 0.04880754 0.04338860 0.04089493 0.04533976
0.04154932 0.04880754 0.04338860 0.04089493 0.04533976
0.04288307 0.05003206 0.04216317 0.04418748 0.04322233
0.03905698 0.04070862 0.04482724 0.04041697 0.04540088
0.03905698 0.04070862 0.04482724 0.04041697 0.04540088
0.03994695 0.04203296 0.04637514 0.04049633 0.04199504
0.04166066 0.04286279 0.04154818 0.03946679 0.04149219
0.04166066 0.04286279 0.04154818 0.03946679 0.04149219
0.04166066 0.04286279 0.04154818 0.03946679 0.04149219
0.04166066 0.04286279 0.04154818 0.03946679 0.04149219
0.04166066 0.04286279 0.04154818 0.03946679 0.04149219
0.04166066 0.04286279 0.04154818 0.03946679 0.04149219
0.04098620 0.04602240 0.04549114 0.03851475 0.04738876
0.04098620 0.04602240 0.04549114 0.03851475 0.04738876
0.04098620 0.04602240 0.04549114 0.03851475 0.04738876
0.04098620 0.04602240 0.04549114 0.03851475 0.04738876
0.04032951 0.04305485 0.04569950 0.04163714 0.04693912
0.04032951 0.04305485 0.04569950 0.04163714 0.04693912
0.05161041 0.04263948 0.05778632 0.04180243 0.05453429
0.05161041 0.04263948 0.05778632 0.04180243 0.05453429
0.05161041 0.04263948 0.05778632 0.04180243 0.05453429
0.05700984 0.03915094 0.06487505 0.03927859 0.05201582
0.05043741 0.04015072 0.05922398 0.04241220 0.04892731
0.05043741 0.04015072 0.05922398 0.04241220 0.04892731
0.05607294 0.03986510 0.05636541 0.03962629 0.04575249
0.06076193 0.04017440 0.05280802 0.04055279 0.04427851
0.06076193 0.04017440 0.05280802 0.04055279 0.04427851
0.06947093 0.04163566 0.04375510 0.04119507 0.04170973
0.06947093 0.04163566 0.04375510 0.04119507 0.04170973
0.06199786 0.04235953 0.04239704 0.04137483 0.04285472
0.06480056 0.04629386 0.04332445 0.04129480 0.04552997
0.06140614 0.04809903 0.04250977 0.04220481 0.05026605
0.06140614 0.04809903 0.04250977 0.04220481 0.05026605
0.05758772 0.04657329 0.04293600 0.04271319 0.05018846
0.05758772 0.04657329 0.04293600 0.04271319 0.05018846
0.05758772 0.04657329 0.04293600 0.04271319 0.05018846
0.06840742 0.05328880 0.04348304 0.04146850 0.05215110
0.06840742 0.05328880 0.04348304 0.04146850 0.05215110
0.06840742 0.05328880 0.04348304 0.04146850 0.05215110
0.06840742 0.05328880 0.04348304 0.04146850 0.05215110
0.06840742 0.05328880 0.04348304 0.04146850 0.05215110
0.06840742 0.05328880 0.04348304 0.04146850 0.05215110
0.05767530 0.05714399 0.04318426 0.04932294 0.05890740
0.04026853 0.04228042 0.04419664 0.04305959 0.04667445
0.04026853 0.04228042 0.04419664 0.04305959 0.04667445
0.04026853 0.04228042 0.04419664 0.04305959 0.04667445
0.03953545 0.04417816 0.04349289 0.04562571 0.04350188
0.04001971 0.04300371 0.04922964 0.04437808 0.04395368
0.03739099 0.04123515 0.04023083 0.04325560 0.04275893
0.03837264 0.04756977 0.04059244 0.04463365 0.04589425
0.04069747 0.06278252 0.03927631 0.04711520 0.04660508
0.04069747 0.06278252 0.03927631 0.04711520 0.04660508
0.04605100 0.06508816 0.03967576 0.05112816 0.04719522
0.04605100 0.06508816 0.03967576 0.05112816 0.04719522
0.03740876 0.04037170 0.03898308 0.04160353 0.04216864
0.05492749 0.03757154 0.03864753 0.03802536 0.04309315
0.05764739 0.03864627 0.03723789 0.03928067 0.04402640
0.05466650 0.03832624 0.03754909 0.03859953 0.04727930
0.05466650 0.03832624 0.03754909 0.03859953 0.04727930
0.04891273 0.04125759 0.03813848 0.03826560 0.04963478
0.04891273 0.04125759 0.03813848 0.03826560 0.04963478
0.04891273 0.04125759 0.03813848 0.03826560 0.04963478
0.04891273 0.04125759 0.03813848 0.03826560 0.04963478
0.04891273 0.04125759 0.03813848 0.03826560 0.04963478
0.04582873 0.04400733 0.04206289 0.03852556 0.04432617
0.04582873 0.04400733 0.04206289 0.03852556 0.04432617
0.04582873 0.04400733 0.04206289 0.03852556 0.04432617
0.04582873 0.04400733 0.04206289 0.03852556 0.04432617
0.04332808 0.04970323 0.04382533 0.03899602 0.04447576
0.04332808 0.04970323 0.04382533 0.03899602 0.04447576
0.04332808 0.04970323 0.04382533 0.03899602 0.04447576
0.04515295 0.05426687 0.05553612 0.03861574 0.05414691
0.04011100 0.05694992 0.05790545 0.03915327 0.05134455
0.04011100 0.05694992 0.05790545 0.03915327 0.05134455
0.04147752 0.05011773 0.06525108 0.04064625 0.05230330
0.04147752 0.05011773 0.06525108 0.04064625 0.05230330
0.04147752 0.05011773 0.06525108 0.04064625 0.05230330
0.04026596 0.04861126 0.07163626 0.03738139 0.04967143
0.04026596 0.04861126 0.07163626 0.03738139 0.04967143
0.03776183 0.04334411 0.06437062 0.03959085 0.04247936
0.03820993 0.04307162 0.05391195 0.05160895 0.04105798
0.03820993 0.04307162 0.05391195 0.05160895 0.04105798
0.03820993 0.04307162 0.05391195 0.05160895 0.04105798
0.03820993 0.04307162 0.05391195 0.05160895 0.04105798
0.03820993 0.04307162 0.05391195 0.05160895 0.04105798
0.03820993 0.04307162 0.05391195 0.05160895 0.04105798
0.03820993 0.04307162 0.05391195 0.05160895 0.04105798
0.03856125 0.04330947 0.05523874 0.04402901 0.04006155
0.03856125 0.04330947 0.05523874 0.04402901 0.04006155
0.03856125 0.04330947 0.05523874 0.04402901 0.04006155
0.03856125 0.04330947 0.05523874 0.04402901 0.04006155
0.03839290 0.04355628 0.05862691 0.04373595 0.04023004
0.03839290 0.04355628 0.05862691 0.04373595 0.04023004
0.04090629 0.04630602 0.06325351 0.04574335 0.04136458
0.04772658 0.05156084 0.07032905 0.04460407 0.04424554
0.04626100 0.05142060 0.07759760 0.04210854 0.04272276
0.04626100 0.05142060 0.07759760 0.04210854 0.04272276
0.05716702 0.04589492 0.07539289 0.04250549 0.04203946
0.06086378 0.04765052 0.07838380 0.04030019 0.04042337
0.06086378 0.04765052 0.07838380 0.04030019 0.04042337
0.06086378 0.04765052 0.07838380 0.04030019 0.04042337
0.06161826 0.04410863 0.09573352 0.03913969 0.04055507
0.06161826 0.04410863 0.09573352 0.03913969 0.04055507
0.05856353 0.04211786 0.08586467 0.04595753 0.04312252
0.05856353 0.04211786 0.08586467 0.04595753 0.04312252
0.06494150 0.04556261 0.08303694 0.04554340 0.04000554
0.06494150 0.04556261 0.08303694 0.04554340 0.04000554
0.05897590 0.04094974 0.09424750 0.04983640 0.04138095
0.05558556 0.04089962 0.08817005 0.05666265 0.03990910
0.05558556 0.04089962 0.08817005 0.05666265 0.03990910
0.05558556 0.04089962 0.08817005 0.05666265 0.03990910
0.04800584 0.04159056 0.07243969 0.05020187 0.04084842
0.04800584 0.04159056 0.07243969 0.05020187 0.04084842
0.04800584 0.04159056 0.07243969 0.05020187 0.04084842
0.04902958 0.04204398 0.07519286 0.04635769 0.04287630
0.04467073 0.04092434 0.08350839 0.05029226 0.04045016
0.04128811 0.04027805 0.07313137 0.06540557 0.04080622
0.04713625 0.04613501 0.04062987 0.03725875 0.04284608
0.05396107 0.03884707 0.04291590 0.03915112 0.04357624
0.03874277 0.03809036 0.03889694 0.03713677 0.04064631
0.03863960 0.03770271 0.03826162 0.03765914 0.04085000
0.03863960 0.03770271 0.03826162 0.03765914 0.04085000
0.03863960 0.03770271 0.03826162 0.03765914 0.04085000
0.03863960 0.03770271 0.03826162 0.03765914 0.04085000
0.03722055 0.03907015 0.03975621 0.03642474 0.04298877
0.03722055 0.03907015 0.03975621 0.03642474 0.04298877
0.04333481 0.03959574 0.04021358 0.03634324 0.04844919
0.04333481 0.03959574 0.04021358 0.03634324 0.04844919
0.04566475 0.04075148 0.04089391 0.03601846 0.05417661
0.04566475 0.04075148 0.04089391 0.03601846 0.05417661
0.04566475 0.04075148 0.04089391 0.03601846 0.05417661
0.04784427 0.04116304 0.04045737 0.03648867 0.05983042
0.04925718 0.03929772 0.04016507 0.03742763 0.07242221
0.04658118 0.03993189 0.03963788 0.03628527 0.07201969
0.03779159 0.03745030 0.03728411 0.03915639 0.06131639
0.03828695 0.03733810 0.03768329 0.04046281 0.06640715
0.03828695 0.03733810 0.03768329 0.04046281 0.06640715
0.05252495 0.03794180 0.03721244 0.04479455 0.04512948
0.05252495 0.03794180 0.03721244 0.04479455 0.04512948
0.05011972 0.04015277 0.03716492 0.04219116 0.04562044
0.05011972 0.04015277 0.03716492 0.04219116 0.04562044
0.05011972 0.04015277 0.03716492 0.04219116 0.04562044
0.05011972 0.04015277 0.03716492 0.04219116 0.04562044
0.04376583 0.04403993 0.03869812 0.04332726 0.04293606
0.04043557 0.04287253 0.03966641 0.04153696 0.04511654
0.04043557 0.04287253 0.03966641 0.04153696 0.04511654
0.04043557 0.04287253 0.03966641 0.04153696 0.04511654
0.04043557 0.04287253 0.03966641 0.04153696 0.04511654
0.04043557 0.04287253 0.03966641 0.04153696 0.04511654
0.04043557 0.04287253 0.03966641 0.04153696 0.04511654
0.04043557 0.04287253 0.03966641 0.04153696 0.04511654
0.04133987 0.03853677 0.04050129 0.03588947 0.04422963
0.04096061 0.03750720 0.04318700 0.03796042 0.04432067
0.04096061 0.03750720 0.04318700 0.03796042 0.04432067
0.04096061 0.03750720 0.04318700 0.03796042 0.04432067
0.04096061 0.03750720 0.04318700 0.03796042 0.04432067
0.04096061 0.03750720 0.04318700 0.03796042 0.04432067
0.04096061 0.03750720 0.04318700 0.03796042 0.04432067
0.04096061 0.03750720 0.04318700 0.03796042 0.04432067
0.03759135 0.03693807 0.04225152 0.03690900 0.04683067
0.04093615 0.03947032 0.04389156 0.03614757 0.05055436
0.05347082 0.04538559 0.04890065 0.04098312 0.05217457
0.05754553 0.04528182 0.05598128 0.04971717 0.05911682
0.05754553 0.04528182 0.05598128 0.04971717 0.05911682
0.05754553 0.04528182 0.05598128 0.04971717 0.05911682
0.05754553 0.04528182 0.05598128 0.04971717 0.05911682
0.05754553 0.04528182 0.05598128 0.04971717 0.05911682
0.05445610 0.03886155 0.05271945 0.04621093 0.05035142
0.05445610 0.03886155 0.05271945 0.04621093 0.05035142
0.05488735 0.03724763 0.05535101 0.04322641 0.05518678
0.05488735 0.03724763 0.05535101 0.04322641 0.05518678
0.05801737 0.03683619 0.06314928 0.04994103 0.06412507
0.05122707 0.03690399 0.05048700 0.05080113 0.06184195
0.04093991 0.03741167 0.04247957 0.05532025 0.05451500
0.04612602 0.03904011 0.04845527 0.05776881 0.05919126
0.04612602 0.03904011 0.04845527 0.05776881 0.05919126
0.04612602 0.03904011 0.04845527 0.05776881 0.05919126
0.04612602 0.03904011 0.04845527 0.05776881 0.05919126
0.04612602 0.03904011 0.04845527 0.05776881 0.05919126
0.04612602 0.03904011 0.04845527 0.05776881 0.05919126
0.04612602 0.03904011 0.04845527 0.05776881 0.05919126
0.04612602 0.03904011 0.04845527 0.05776881 0.05919126
0.04612602 0.03904011 0.04845527 0.05776881 0.05919126
0.04438282 0.03827859 0.05180463 0.05858040 0.06458519
0.04438282 0.03827859 0.05180463 0.05858040 0.06458519
0.04754781 0.04698071 0.04631760 0.06807680 0.06356817
0.04754781 0.04698071 0.04631760 0.06807680 0.06356817
0.04754781 0.04698071 0.04631760 0.06807680 0.06356817
0.04754781 0.04698071 0.04631760 0.06807680 0.06356817
0.04754781 0.04698071 0.04631760 0.06807680 0.06356817
0.05011426 0.04219364 0.05002102 0.07492741 0.06702453
0.05011426 0.04219364 0.05002102 0.07492741 0.06702453
0.04611674 0.03778303 0.04050800 0.06327938 0.05570750
0.04560311 0.03775070 0.03843771 0.06258836 0.06061896
0.04560311 0.03775070 0.03843771 0.06258836 0.06061896
0.04560311 0.03775070 0.03843771 0.06258836 0.06061896
0.05090324 0.03746213 0.03909984 0.05981364 0.05943154
0.05519590 0.03928631 0.03814250 0.05605501 0.05616520
0.04677274 0.03832811 0.03868754 0.04808980 0.04658275
0.05699919 0.03741799 0.04910929 0.04708211 0.04215717
0.05699919 0.03741799 0.04910929 0.04708211 0.04215717
0.05699919 0.03741799 0.04910929 0.04708211 0.04215717
0.05699919 0.03741799 0.04910929 0.04708211 0.04215717
0.04543937 0.03776961 0.04874733 0.04636618 0.04553548
0.03927045 0.03764432 0.04829732 0.04741033 0.04304138
0.04263234 0.04117433 0.04278648 0.06316717 0.04171615
0.05248271 0.04194923 0.04273326 0.07384516 0.04489398
0.05248271 0.04194923 0.04273326 0.07384516 0.04489398
0.05539650 0.03877883 0.03790680 0.07623938 0.04552656
0.05539650 0.03877883 0.03790680 0.07623938 0.04552656
0.05232522 0.04398527 0.03732088 0.07966957 0.05018682
0.05232522 0.04398527 0.03732088 0.07966957 0.05018682
0.05232522 0.04398527 0.03732088 0.07966957 0.05018682
0.05232522 0.04398527 0.03732088 0.07966957 0.05018682
0.04795385 0.03777775 0.04038909 0.06394178 0.04128732
0.04004007 0.03937310 0.04137987 0.05585740 0.04065670
0.04004007 0.03937310 0.04137987 0.05585740 0.04065670
0.05067769 0.03735625 0.05854898 0.06898870 0.04363797
0.05067769 0.03735625 0.05854898 0.06898870 0.04363797
0.03803354 0.03879083 0.05370397 0.04744335 0.04215364
0.03803354 0.03879083 0.05370397 0.04744335 0.04215364
0.04022115 0.03832879 0.04085366 0.04635848 0.04158014
0.04022115 0.03832879 0.04085366 0.04635848 0.04158014
0.04022115 0.03832879 0.04085366 0.04635848 0.04158014
0.04022115 0.03832879 0.04085366 0.04635848 0.04158014
0.04022115 0.03832879 0.04085366 0.04635848 0.04158014
0.04022115 0.03832879 0.04085366 0.04635848 0.04158014
0.04022115 0.03832879 0.04085366 0.04635848 0.04158014
0.04022115 0.03832879 0.04085366 0.04635848 0.04158014
0.04022115 0.03832879 0.04085366 0.04635848 0.04158014
0.04022115 0.03832879 0.04085366 0.04635848 0.04158014
0.04022115 0.03832879 0.04085366 0.04635848 0.04158014
0.04022115 0.03832879 0.04085366 0.04635848 0.04158014
0.04022115 0.03832879 0.04085366 0.04635848 0.04158014
0.04022115 0.03832879 0.04085366 0.04635848 0.04158014
0.04022115 0.03832879 0.04085366 0.04635848 0.04158014
0.04022115 0.03832879 0.04085366 0.04635848 0.04158014
0.04022115 0.03832879 0.04085366 0.04635848 0.04158014
0.03259015 0.03434284 0.03988529 0.05923235 0.04690139
0.03195774 0.03603684 0.03964134 0.05016129 0.04398163
0.03157540 0.03706184 0.04030918 0.04659834 0.04284677
0.03263179 0.04171728 0.04083199 0.04366948 0.04519524
0.03141232 0.03962718 0.03868134 0.04859349 0.04581769
0.04451059 0.05916724 0.04095200 0.05822234 0.04858864
0.04385768 0.05587619 0.04336571 0.05489980 0.04979148
0.04385768 0.05587619 0.04336571 0.05489980 0.04979148
0.04551904 0.05684552 0.04144126 0.05905178 0.05284869
0.03847245 0.03890660 0.04360092 0.04054043 0.04452818
0.03760436 0.04084785 0.04394211 0.04533786 0.04446390
0.03760436 0.04084785 0.04394211 0.04533786 0.04446390
0.03746912 0.04068420 0.04604656 0.04500711 0.04323800
0.04347403 0.03839870 0.04027936 0.03507881 0.04150953
0.04241774 0.03732510 0.04167288 0.03537147 0.04397646
0.04241774 0.03732510 0.04167288 0.03537147 0.04397646
0.04241774 0.03732510 0.04167288 0.03537147 0.04397646
0.04241774 0.03732510 0.04167288 0.03537147 0.04397646
0.04241774 0.03732510 0.04167288 0.03537147 0.04397646
0.04241774 0.03732510 0.04167288 0.03537147 0.04397646
0.04241774 0.03732510 0.04167288 0.03537147 0.04397646
0.04241774 0.03732510 0.04167288 0.03537147 0.04397646
0.04241774 0.03732510 0.04167288 0.03537147 0.04397646
0.04241774 0.03732510 0.04167288 0.03537147 0.04397646
0.04241774 0.03732510 0.04167288 0.03537147 0.04397646
0.04241774 0.03732510 0.04167288 0.03537147 0.04397646
0.04241774 0.03732510 0.04167288 0.03537147 0.04397646
0.04241774 0.03732510 0.04167288 0.03537147 0.04397646
0.04241774 0.03732510 0.04167288 0.03537147 0.04397646
0.04241774 0.03732510 0.04167288 0.03537147 0.04397646
0.04241774 0.03732510 0.04167288 0.03537147 0.04397646
0.04241774 0.03732510 0.04167288 0.03537147 0.04397646
0.04241774 0.03732510 0.04167288 0.03537147 0.04397646
0.04241774 0.03732510 0.04167288 0.03537147 0.04397646
0.04241774 0.03732510 0.04167288 0.03537147 0.04397646
0.03166827 0.03660375 0.05900357 0.05495059 0.03478378
0.03166827 0.03660375 0.05900357 0.05495059 0.03478378
0.03316995 0.04148882 0.05446449 0.05696250 0.03616979
0.03221754 0.03824287 0.04451106 0.05989731 0.03661138
0.03366967 0.04233104 0.04750009 0.05736090 0.03340488
0.03910767 0.03903804 0.04321199 0.05222800 0.04298902
0.03910767 0.03903804 0.04321199 0.05222800 0.04298902
0.03910767 0.03903804 0.04321199 0.05222800 0.04298902
0.03910767 0.03903804 0.04321199 0.05222800 0.04298902
0.03910767 0.03903804 0.04321199 0.05222800 0.04298902
0.04612131 0.03799266 0.05554500 0.04120924 0.04084792
0.04612131 0.03799266 0.05554500 0.04120924 0.04084792
0.03846423 0.03863375 0.04790619 0.03929189 0.04128033
0.04862971 0.04845847 0.05836122 0.03936317 0.04253348
0.04582326 0.04898251 0.04790548 0.04104354 0.04110284
0.04582326 0.04898251 0.04790548 0.04104354 0.04110284
0.04582326 0.04898251 0.04790548 0.04104354 0.04110284
0.04582326 0.04898251 0.04790548 0.04104354 0.04110284
0.04582326 0.04898251 0.04790548 0.04104354 0.04110284
0.04582326 0.04898251 0.04790548 0.04104354 0.04110284
0.04582326 0.04898251 0.04790548 0.04104354 0.04110284
0.04582326 0.04898251 0.04790548 0.04104354 0.04110284
0.04582326 0.04898251 0.04790548 0.04104354 0.04110284
0.04582326 0.04898251 0.04790548 0.04104354 0.04110284
0.04582326 0.04898251 0.04790548 0.04104354 0.04110284
0.04582326 0.04898251 0.04790548 0.04104354 0.04110284
0.04582326 0.04898251 0.04790548 0.04104354 0.04110284
0.04582326 0.04898251 0.04790548 0.04104354 0.04110284
0.04582326 0.04898251 0.04790548 0.04104354 0.04110284
0.04582326 0.04898251 0.04790548 0.04104354 0.04110284
0.04582326 0.04898251 0.04790548 0.04104354 0.04110284
0.04582326 0.04898251 0.04790548 0.04104354 0.04110284
0.04582326 0.04898251 0.04790548 0.04104354 0.04110284
0.04582326 0.04898251 0.04790548 0.04104354 0.04110284
0.04582326 0.04898251 0.04790548 0.04104354 0.04110284
0.03332521 0.04075999 0.02986082 0.04970335 0.04106232
0.03430258 0.03765224 0.03339119 0.05469039 0.03635450
0.03430258 0.03765224 0.03339119 0.05469039 0.03635450
0.03570408 0.03602825 0.03634471 0.05299490 0.03845561
0.03903732 0.03864053 0.03750110 0.05233081 0.04127361
0.05472003 0.06268198 0.04826938 0.04273364 0.06599097
0.05472003 0.06268198 0.04826938 0.04273364 0.06599097
0.05472003 0.06268198 0.04826938 0.04273364 0.06599097
0.05472003 0.06268198 0.04826938 0.04273364 0.06599097
0.04616768 0.03869958 0.04245163 0.04029670 0.05649356
0.03963025 0.03967438 0.04766661 0.04614031 0.05533719
0.03963025 0.03967438 0.04766661 0.04614031 0.05533719
0.03963025 0.03967438 0.04766661 0.04614031 0.05533719
0.04044241 0.03894032 0.04808949 0.04974142 0.04588108
0.04044241 0.03894032 0.04808949 0.04974142 0.04588108
0.04044241 0.03894032 0.04808949 0.04974142 0.04588108
0.04044241 0.03894032 0.04808949 0.04974142 0.04588108
0.04044241 0.03894032 0.04808949 0.04974142 0.04588108
0.04044241 0.03894032 0.04808949 0.04974142 0.04588108
0.04044241 0.03894032 0.04808949 0.04974142 0.04588108
0.04044241 0.03894032 0.04808949 0.04974142 0.04588108
0.04044241 0.03894032 0.04808949 0.04974142 0.04588108
0.04044241 0.03894032 0.04808949 0.04974142 0.04588108
0.04044241 0.03894032 0.04808949 0.04974142 0.04588108
0.04044241 0.03894032 0.04808949 0.04974142 0.04588108
0.04044241 0.03894032 0.04808949 0.04974142 0.04588108
0.04044241 0.03894032 0.04808949 0.04974142 0.04588108
0.04044241 0.03894032 0.04808949 0.04974142 0.04588108
0.04044241 0.03894032 0.04808949 0.04974142 0.04588108
0.04044241 0.03894032 0.04808949 0.04974142 0.04588108
0.04044241 0.03894032 0.04808949 0.04974142 0.04588108
0.04044241 0.03894032 0.04808949 0.04974142 0.04588108
0.04044241 0.03894032 0.04808949 0.04974142 0.04588108
0.04044241 0.03894032 0.04808949 0.04974142 0.04588108
0.04044241 0.03894032 0.04808949 0.04974142 0.04588108
0.03666699 0.03048201 0.02691008 0.05714436 0.03913906
0.03666699 0.03048201 0.02691008 0.05714436 0.03913906
0.03521262 0.03004268 0.02683025 0.06428892 0.03938456
0.03521262 0.03004268 0.02683025 0.06428892 0.03938456
0.03545879 0.03028935 0.02677200 0.06133972 0.03823754
0.03782847 0.04013439 0.04227596 0.05189884 0.04204183
0.03782847 0.04013439 0.04227596 0.05189884 0.04204183
0.03832588 0.04310399 0.04788754 0.04623185 0.04106470
0.03832588 0.04310399 0.04788754 0.04623185 0.04106470
0.03965657 0.04295342 0.05486267 0.05017694 0.04143050
0.04832150 0.03733397 0.04098211 0.06223470 0.05512433
0.04832150 0.03733397 0.04098211 0.06223470 0.05512433
0.04832150 0.03733397 0.04098211 0.06223470 0.05512433
0.04832150 0.03733397 0.04098211 0.06223470 0.05512433
0.04832150 0.03733397 0.04098211 0.06223470 0.05512433
0.04832150 0.03733397 0.04098211 0.06223470 0.05512433
0.04832150 0.03733397 0.04098211 0.06223470 0.05512433
0.04832150 0.03733397 0.04098211 0.06223470 0.05512433
0.04832150 0.03733397 0.04098211 0.06223470 0.05512433
0.04832150 0.03733397 0.04098211 0.06223470 0.05512433
0.04832150 0.03733397 0.04098211 0.06223470 0.05512433
0.04832150 0.03733397 0.04098211 0.06223470 0.05512433
0.04832150 0.03733397 0.04098211 0.06223470 0.05512433
0.04832150 0.03733397 0.04098211 0.06223470 0.05512433
0.04832150 0.03733397 0.04098211 0.06223470 0.05512433
0.04832150 0.03733397 0.04098211 0.06223470 0.05512433
0.04832150 0.03733397 0.04098211 0.06223470 0.05512433
0.04832150 0.03733397 0.04098211 0.06223470 0.05512433
0.04832150 0.03733397 0.04098211 0.06223470 0.05512433
0.04832150 0.03733397 0.04098211 0.06223470 0.05512433
0.04832150 0.03733397 0.04098211 0.06223470 0.05512433
0.04832150 0.03733397 0.04098211 0.06223470 0.05512433
0.04832150 0.03733397 0.04098211 0.06223470 0.05512433
0.04832150 0.03733397 0.04098211 0.06223470 0.05512433
0.04832150 0.03733397 0.04098211 0.06223470 0.05512433
0.04832150 0.03733397 0.04098211 0.06223470 0.05512433
0.04832150 0.03733397 0.04098211 0.06223470 0.05512433
0.04832150 0.03733397 0.04098211 0.06223470 0.05512433
0.04832150 0.03733397 0.04098211 0.06223470 0.05512433
0.04832150 0.03733397 0.04098211 0.06223470 0.05512433
0.03538414 0.03699263 0.04078652 0.03925623 0.04460303
0.03952867 0.03711575 0.04114781 0.04070919 0.04479363
0.04871416 0.03703616 0.04112286 0.04539270 0.04686008
0.04251573 0.03722347 0.04121863 0.05264121 0.04458306
0.03804169 0.03871895 0.04092340 0.04851141 0.04599082
0.04202985 0.04362399 0.03923118 0.03718833 0.04201855
0.04126182 0.04054218 0.04121794 0.04266801 0.04233875
0.04126182 0.04054218 0.04121794 0.04266801 0.04233875
0.04126182 0.04054218 0.04121794 0.04266801 0.04233875
0.04126182 0.04054218 0.04121794 0.04266801 0.04233875
0.04126182 0.04054218 0.04121794 0.04266801 0.04233875
0.04126182 0.04054218 0.04121794 0.04266801 0.04233875
0.04126182 0.04054218 0.04121794 0.04266801 0.04233875
0.04126182 0.04054218 0.04121794 0.04266801 0.04233875
0.04126182 0.04054218 0.04121794 0.04266801 0.04233875
0.04126182 0.04054218 0.04121794 0.04266801 0.04233875
0.04126182 0.04054218 0.04121794 0.04266801 0.04233875
0.04126182 0.04054218 0.04121794 0.04266801 0.04233875
0.04126182 0.04054218 0.04121794 0.04266801 0.04233875
0.04126182 0.04054218 0.04121794 0.04266801 0.04233875
0.04126182 0.04054218 0.04121794 0.04266801 0.04233875
0.04126182 0.04054218 0.04121794 0.04266801 0.04233875
0.04126182 0.04054218 0.04121794 0.04266801 0.04233875
0.04126182 0.04054218 0.04121794 0.04266801 0.04233875
0.04126182 0.04054218 0.04121794 0.04266801 0.04233875
0.04126182 0.04054218 0.04121794 0.04266801 0.04233875
0.04126182 0.04054218 0.04121794 0.04266801 0.04233875
0.04126182 0.04054218 0.04121794 0.04266801 0.04233875
0.04126182 0.04054218 0.04121794 0.04266801 0.04233875
0.04126182 0.04054218 0.04121794 0.04266801 0.04233875
0.04126182 0.04054218 0.04121794 0.04266801 0.04233875
0.04126182 0.04054218 0.04121794 0.04266801 0.04233875
0.04126182 0.04054218 0.04121794 0.04266801 0.04233875
0.04126182 0.04054218 0.04121794 0.04266801 0.04233875
0.04126182 0.04054218 0.04121794 0.04266801 0.04233875
0.04126182 0.04054218 0.04121794 0.04266801 0.04233875
0.04126182 0.04054218 0.04121794 0.04266801 0.04233875
0.04885370 0.03779832 0.04109510 0.06083519 0.05100216
0.05613261 0.03779111 0.04209539 0.06212778 0.04772464
0.05613261 0.03779111 0.04209539 0.06212778 0.04772464
0.03984872 0.03706671 0.04549917 0.03813283 0.03882807
0.03984872 0.03706671 0.04549917 0.03813283 0.03882807
0.04009697 0.03741148 0.03781760 0.03673509 0.04246758
0.04009697 0.03741148 0.03781760 0.03673509 0.04246758
0.04009697 0.03741148 0.03781760 0.03673509 0.04246758
0.04009697 0.03741148 0.03781760 0.03673509 0.04246758
0.04009697 0.03741148 0.03781760 0.03673509 0.04246758
0.04009697 0.03741148 0.03781760 0.03673509 0.04246758
0.04009697 0.03741148 0.03781760 0.03673509 0.04246758
0.04009697 0.03741148 0.03781760 0.03673509 0.04246758
0.04009697 0.03741148 0.03781760 0.03673509 0.04246758
0.04009697 0.03741148 0.03781760 0.03673509 0.04246758
0.04009697 0.03741148 0.03781760 0.03673509 0.04246758
0.04009697 0.03741148 0.03781760 0.03673509 0.04246758
0.04009697 0.03741148 0.03781760 0.03673509 0.04246758
0.04009697 0.03741148 0.03781760 0.03673509 0.04246758
0.04009697 0.03741148 0.03781760 0.03673509 0.04246758
0.04009697 0.03741148 0.03781760 0.03673509 0.04246758
0.04009697 0.03741148 0.03781760 0.03673509 0.04246758
0.04009697 0.03741148 0.03781760 0.03673509 0.04246758
0.04009697 0.03741148 0.03781760 0.03673509 0.04246758
0.04009697 0.03741148 0.03781760 0.03673509 0.04246758
0.04009697 0.03741148 0.03781760 0.03673509 0.04246758
0.04009697 0.03741148 0.03781760 0.03673509 0.04246758
0.04009697 0.03741148 0.03781760 0.03673509 0.04246758
0.04009697 0.03741148 0.03781760 0.03673509 0.04246758
0.04009697 0.03741148 0.03781760 0.03673509 0.04246758
0.04009697 0.03741148 0.03781760 0.03673509 0.04246758
0.04009697 0.03741148 0.03781760 0.03673509 0.04246758
0.04009697 0.03741148 0.03781760 0.03673509 0.04246758
0.05222364 0.03848107 0.04492815 0.05231887 0.04679013
0.06188959 0.03860221 0.04602935 0.04945160 0.04681058
0.05572392 0.03804717 0.05459593 0.05071774 0.04421092
0.05828789 0.03920842 0.05829008 0.04666828 0.04757467
0.05492238 0.03807263 0.05534062 0.04310887 0.04911117
0.05596759 0.04039144 0.04508518 0.03941142 0.04727024
0.05596759 0.04039144 0.04508518 0.03941142 0.04727024
0.06822932 0.04357292 0.05008667 0.04066900 0.05622862
0.07977066 0.04543649 0.04083747 0.04956827 0.05290937
0.07398865 0.06066901 0.04872364 0.06281582 0.06504101
0.07398865 0.06066901 0.04872364 0.06281582 0.06504101
0.07398865 0.06066901 0.04872364 0.06281582 0.06504101
0.07398865 0.06066901 0.04872364 0.06281582 0.06504101
0.07398865 0.06066901 0.04872364 0.06281582 0.06504101
0.07398865 0.06066901 0.04872364 0.06281582 0.06504101
0.07398865 0.06066901 0.04872364 0.06281582 0.06504101
0.07398865 0.06066901 0.04872364 0.06281582 0.06504101
0.07398865 0.06066901 0.04872364 0.06281582 0.06504101
0.07398865 0.06066901 0.04872364 0.06281582 0.06504101
0.07398865 0.06066901 0.04872364 0.06281582 0.06504101
0.07398865 0.06066901 0.04872364 0.06281582 0.06504101
0.07398865 0.06066901 0.04872364 0.06281582 0.06504101
0.07398865 0.06066901 0.04872364 0.06281582 0.06504101
0.07398865 0.06066901 0.04872364 0.06281582 0.06504101
0.07398865 0.06066901 0.04872364 0.06281582 0.06504101
0.07398865 0.06066901 0.04872364 0.06281582 0.06504101
0.07398865 0.06066901 0.04872364 0.06281582 0.06504101
0.07398865 0.06066901 0.04872364 0.06281582 0.06504101
0.07398865 0.06066901 0.04872364 0.06281582 0.06504101
0.07398865 0.06066901 0.04872364 0.06281582 0.06504101
0.07398865 0.06066901 0.04872364 0.06281582 0.06504101
0.07398865 0.06066901 0.04872364 0.06281582 0.06504101
0.07398865 0.06066901 0.04872364 0.06281582 0.06504101
0.07398865 0.06066901 0.04872364 0.06281582 0.06504101
0.07398865 0.06066901 0.04872364 0.06281582 0.06504101
0.04285496 0.04405223 0.04437835 0.03926555 0.04828770
0.03851974 0.03820327 0.04091146 0.03867445 0.04602924
0.03851974 0.03820327 0.04091146 0.03867445 0.04602924
0.04254071 0.03983327 0.04222310 0.03960983 0.04727932
0.04254071 0.03983327 0.04222310 0.03960983 0.04727932
0.04105511 0.04342605 0.04493397 0.04358393 0.04132835
0.04308202 0.04299591 0.04463402 0.03960671 0.04169962
0.04308202 0.04299591 0.04463402 0.03960671 0.04169962
0.04308202 0.04299591 0.04463402 0.03960671 0.04169962
0.04308202 0.04299591 0.04463402 0.03960671 0.04169962
0.04308202 0.04299591 0.04463402 0.03960671 0.04169962
0.04308202 0.04299591 0.04463402 0.03960671 0.04169962
0.04308202 0.04299591 0.04463402 0.03960671 0.04169962
0.04308202 0.04299591 0.04463402 0.03960671 0.04169962
0.04308202 0.04299591 0.04463402 0.03960671 0.04169962
0.04308202 0.04299591 0.04463402 0.03960671 0.04169962
0.04308202 0.04299591 0.04463402 0.03960671 0.04169962
0.04308202 0.04299591 0.04463402 0.03960671 0.04169962
0.04308202 0.04299591 0.04463402 0.03960671 0.04169962
0.04308202 0.04299591 0.04463402 0.03960671 0.04169962
0.04308202 0.04299591 0.04463402 0.03960671 0.04169962
0.04308202 0.04299591 0.04463402 0.03960671 0.04169962
0.04308202 0.04299591 0.04463402 0.03960671 0.04169962
0.04308202 0.04299591 0.04463402 0.03960671 0.04169962
0.04308202 0.04299591 0.04463402 0.03960671 0.04169962
0.04308202 0.04299591 0.04463402 0.03960671 0.04169962
0.04308202 0.04299591 0.04463402 0.03960671 0.04169962
0.04308202 0.04299591 0.04463402 0.03960671 0.04169962
0.04308202 0.04299591 0.04463402 0.03960671 0.04169962
0.04308202 0.04299591 0.04463402 0.03960671 0.04169962
0.04308202 0.04299591 0.04463402 0.03960671 0.04169962
0.04308202 0.04299591 0.04463402 0.03960671 0.04169962
0.04308202 0.04299591 0.04463402 0.03960671 0.04169962
0.04308202 0.04299591 0.04463402 0.03960671 0.04169962
0.04308202 0.04299591 0.04463402 0.03960671 0.04169962
0.03272958 0.04641982 0.03970373 0.03762895 0.05241988
0.03272958 0.04641982 0.03970373 0.03762895 0.05241988
0.03272958 0.04641982 0.03970373 0.03762895 0.05241988
0.03272958 0.04641982 0.03970373 0.03762895 0.05241988
0.03272958 0.04641982 0.03970373 0.03762895 0.05241988
0.03563170 0.07139191 0.03877396 0.04627988 0.05130701
0.03644630 0.06982349 0.03910602 0.04633526 0.04817100
0.03796661 0.07140137 0.03877034 0.04816449 0.04544223
0.03684444 0.09031208 0.03999348 0.05380845 0.05078307
0.03602398 0.08745285 0.04033081 0.05653905 0.04500506
0.03602398 0.08745285 0.04033081 0.05653905 0.04500506
0.03602398 0.08745285 0.04033081 0.05653905 0.04500506
0.03602398 0.08745285 0.04033081 0.05653905 0.04500506
0.03602398 0.08745285 0.04033081 0.05653905 0.04500506
0.03602398 0.08745285 0.04033081 0.05653905 0.04500506
0.03602398 0.08745285 0.04033081 0.05653905 0.04500506
0.03602398 0.08745285 0.04033081 0.05653905 0.04500506
0.03602398 0.08745285 0.04033081 0.05653905 0.04500506
0.03602398 0.08745285 0.04033081 0.05653905 0.04500506
0.03602398 0.08745285 0.04033081 0.05653905 0.04500506
0.03602398 0.08745285 0.04033081 0.05653905 0.04500506
0.03602398 0.08745285 0.04033081 0.05653905 0.04500506
0.03602398 0.08745285 0.04033081 0.05653905 0.04500506
0.03602398 0.08745285 0.04033081 0.05653905 0.04500506
0.03602398 0.08745285 0.04033081 0.05653905 0.04500506
0.03602398 0.08745285 0.04033081 0.05653905 0.04500506
0.03602398 0.08745285 0.04033081 0.05653905 0.04500506
0.03602398 0.08745285 0.04033081 0.05653905 0.04500506
0.03602398 0.08745285 0.04033081 0.05653905 0.04500506
0.03602398 0.08745285 0.04033081 0.05653905 0.04500506
0.03602398 0.08745285 0.04033081 0.05653905 0.04500506
0.03602398 0.08745285 0.04033081 0.05653905 0.04500506
0.03602398 0.08745285 0.04033081 0.05653905 0.04500506
0.03602398 0.08745285 0.04033081 0.05653905 0.04500506
0.03602398 0.08745285 0.04033081 0.05653905 0.04500506
0.03766921 0.03901909 0.04078746 0.04014723 0.04465371
0.03342199 0.03711823 0.04415747 0.04235552 0.04446978
0.03464960 0.03931055 0.04198395 0.04102194 0.04504045
0.04085905 0.04106844 0.04243923 0.04578293 0.04495899
0.04085905 0.04106844 0.04243923 0.04578293 0.04495899
0.05179108 0.05661344 0.04334088 0.05109740 0.04335363
0.05179108 0.05661344 0.04334088 0.05109740 0.04335363
0.05179108 0.05661344 0.04334088 0.05109740 0.04335363
0.05179108 0.05661344 0.04334088 0.05109740 0.04335363
0.05179108 0.05661344 0.04334088 0.05109740 0.04335363
0.05179108 0.05661344 0.04334088 0.05109740 0.04335363
0.05179108 0.05661344 0.04334088 0.05109740 0.04335363
0.05179108 0.05661344 0.04334088 0.05109740 0.04335363
0.05179108 0.05661344 0.04334088 0.05109740 0.04335363
0.05179108 0.05661344 0.04334088 0.05109740 0.04335363
0.05179108 0.05661344 0.04334088 0.05109740 0.04335363
0.05179108 0.05661344 0.04334088 0.05109740 0.04335363
0.05179108 0.05661344 0.04334088 0.05109740 0.04335363
0.05179108 0.05661344 0.04334088 0.05109740 0.04335363
0.05179108 0.05661344 0.04334088 0.05109740 0.04335363
0.05179108 0.05661344 0.04334088 0.05109740 0.04335363
0.05179108 0.05661344 0.04334088 0.05109740 0.04335363
0.05179108 0.05661344 0.04334088 0.05109740 0.04335363
0.05179108 0.05661344 0.04334088 0.05109740 0.04335363
0.05179108 0.05661344 0.04334088 0.05109740 0.04335363
0.05179108 0.05661344 0.04334088 0.05109740 0.04335363
0.05179108 0.05661344 0.04334088 0.05109740 0.04335363
0.05179108 0.05661344 0.04334088 0.05109740 0.04335363
0.05179108 0.05661344 0.04334088 0.05109740 0.04335363
0.05179108 0.05661344 0.04334088 0.05109740 0.04335363
0.05179108 0.05661344 0.04334088 0.05109740 0.04335363
0.05179108 0.05661344 0.04334088 0.05109740 0.04335363
0.05179108 0.05661344 0.04334088 0.05109740 0.04335363
0.05179108 0.05661344 0.04334088 0.05109740 0.04335363
0.05179108 0.05661344 0.04334088 0.05109740 0.04335363
0.03846842 0.03953485 0.04564755 0.03895226 0.04560568
0.04152366 0.03805754 0.04594833 0.03966450 0.04555602
0.04152366 0.03805754 0.04594833 0.03966450 0.04555602
0.04712993 0.04021266 0.04292414 0.04295114 0.04908912
0.03590161 0.03771940 0.04331808 0.03790840 0.04729044
0.03591576 0.03666243 0.04005304 0.04094359 0.04224559
0.03591576 0.03666243 0.04005304 0.04094359 0.04224559
0.03583431 0.04359076 0.04444891 0.03907879 0.03891110
0.03583431 0.04359076 0.04444891 0.03907879 0.03891110
0.03583431 0.04359076 0.04444891 0.03907879 0.03891110
0.03583431 0.04359076 0.04444891 0.03907879 0.03891110
0.03583431 0.04359076 0.04444891 0.03907879 0.03891110
0.03583431 0.04359076 0.04444891 0.03907879 0.03891110
0.03583431 0.04359076 0.04444891 0.03907879 0.03891110
0.03583431 0.04359076 0.04444891 0.03907879 0.03891110
0.03583431 0.04359076 0.04444891 0.03907879 0.03891110
0.03583431 0.04359076 0.04444891 0.03907879 0.03891110
0.03583431 0.04359076 0.04444891 0.03907879 0.03891110
0.03583431 0.04359076 0.04444891 0.03907879 0.03891110
0.03583431 0.04359076 0.04444891 0.03907879 0.03891110
0.03583431 0.04359076 0.04444891 0.03907879 0.03891110
0.03583431 0.04359076 0.04444891 0.03907879 0.03891110
0.03583431 0.04359076 0.04444891 0.03907879 0.03891110
