0.00000000 0.00000000 0.00000000 0.00000000 0.00000000
0.49710129 0.32132274 0.42057983 0.25337546 0.32446036
0.49710129 0.32132274 0.42057983 0.25337546 0.32446036
0.50492765 0.32211676 0.41298766 0.25601595 0.32741590
0.50285224 0.32040634 0.42209510 0.25359152 0.32946951
0.50285224 0.32040634 0.42209510 0.25359152 0.32946951
0.50285224 0.32040634 0.42209510 0.25359152 0.32946951
0.50285224 0.32040634 0.42209510 0.25359152 0.32946951
0.47978716 0.31721006 0.38750329 0.39530281 0.40324605
0.47978716 0.31721006 0.38750329 0.39530281 0.40324605
0.48396788 0.32102465 0.38495474 0.39807853 0.40632009
0.48396788 0.32102465 0.38495474 0.39807853 0.40632009
0.48396788 0.32102465 0.38495474 0.39807853 0.40632009
0.48396788 0.32102465 0.38495474 0.39807853 0.40632009
0.48396788 0.32102465 0.38495474 0.39807853 0.40632009
0.48396788 0.32102465 0.38495474 0.39807853 0.40632009
0.48396788 0.32102465 0.38495474 0.39807853 0.40632009
0.48396788 0.32102465 0.38495474 0.39807853 0.40632009
0.48396788 0.32102465 0.38495474 0.39807853 0.40632009
0.48396788 0.32102465 0.38495474 0.39807853 0.40632009
0.48396788 0.32102465 0.38495474 0.39807853 0.40632009
0.28426352 0.51376870 0.43380167 0.34011731 0.33608530
0.28426352 0.51376870 0.43380167 0.34011731 0.33608530
0.28382044 0.51188143 0.43444841 0.34731176 0.33726753
0.28382044 0.51188143 0.43444841 0.34731176 0.33726753
0.28345546 0.50758670 0.43360522 0.34240378 0.33974805
0.28202405 0.50958154 0.43296102 0.34704300 0.33702867
0.28724551 0.51998332 0.43475437 0.35142966 0.34433289
0.28724551 0.51998332 0.43475437 0.35142966 0.34433289
0.28724551 0.51998332 0.43475437 0.35142966 0.34433289
0.28724551 0.51998332 0.43475437 0.35142966 0.34433289
0.28881945 0.52440664 0.43438150 0.35011669 0.33759510
0.28836257 0.52962132 0.43423004 0.34943047 0.33396492
0.28836257 0.52962132 0.43423004 0.34943047 0.33396492
0.29061193 0.52996744 0.43497060 0.34562496 0.32318504
0.29061193 0.52996744 0.43497060 0.34562496 0.32318504
0.29061193 0.52996744 0.43497060 0.34562496 0.32318504
0.29061193 0.52996744 0.43497060 0.34562496 0.32318504
0.29061193 0.52996744 0.43497060 0.34562496 0.32318504
0.29061193 0.52996744 0.43497060 0.34562496 0.32318504
0.29061193 0.52996744 0.43497060 0.34562496 0.32318504
0.29061193 0.52996744 0.43497060 0.34562496 0.32318504
0.29061193 0.52996744 0.43497060 0.34562496 0.32318504
0.29061193 0.52996744 0.43497060 0.34562496 0.32318504
0.29061193 0.52996744 0.43497060 0.34562496 0.32318504
0.29061193 0.52996744 0.43497060 0.34562496 0.32318504
0.29061193 0.52996744 0.43497060 0.34562496 0.32318504
0.29061193 0.52996744 0.43497060 0.34562496 0.32318504
0.29061193 0.52996744 0.43497060 0.34562496 0.32318504
0.29061193 0.52996744 0.43497060 0.34562496 0.32318504
0.29061193 0.52996744 0.43497060 0.34562496 0.32318504
0.29061193 0.52996744 0.43497060 0.34562496 0.32318504
0.29061193 0.52996744 0.43497060 0.34562496 0.32318504
0.29061193 0.52996744 0.43497060 0.34562496 0.32318504
0.29061193 0.52996744 0.43497060 0.34562496 0.32318504
0.29061193 0.52996744 0.43497060 0.34562496 0.32318504
0.29061193 0.52996744 0.43497060 0.34562496 0.32318504
0.29061193 0.52996744 0.43497060 0.34562496 0.32318504
0.29061193 0.52996744 0.43497060 0.34562496 0.32318504
0.29061193 0.52996744 0.43497060 0.34562496 0.32318504
0.29061193 0.52996744 0.43497060 0.34562496 0.32318504
0.29061193 0.52996744 0.43497060 0.34562496 0.32318504
0.29061193 0.52996744 0.43497060 0.34562496 0.32318504
0.29061193 0.52996744 0.43497060 0.34562496 0.32318504
0.29061193 0.52996744 0.43497060 0.34562496 0.32318504
0.29061193 0.52996744 0.43497060 0.34562496 0.32318504
0.29061193 0.52996744 0.43497060 0.34562496 0.32318504
0.29061193 0.52996744 0.43497060 0.34562496 0.32318504
0.29061193 0.52996744 0.43497060 0.34562496 0.32318504
0.29061193 0.52996744 0.43497060 0.34562496 0.32318504
0.29061193 0.52996744 0.43497060 0.34562496 0.32318504
0.29061193 0.52996744 0.43497060 0.34562496 0.32318504
0.29061193 0.52996744 0.43497060 0.34562496 0.32318504
0.29061193 0.52996744 0.43497060 0.34562496 0.32318504
0.29061193 0.52996744 0.43497060 0.34562496 0.32318504
0.29061193 0.52996744 0.43497060 0.34562496 0.32318504
0.29061193 0.52996744 0.43497060 0.34562496 0.32318504
0.29061193 0.52996744 0.43497060 0.34562496 0.32318504
0.29061193 0.52996744 0.43497060 0.34562496 0.32318504
0.29061193 0.52996744 0.43497060 0.34562496 0.32318504
0.29061193 0.52996744 0.43497060 0.34562496 0.32318504
0.29061193 0.52996744 0.43497060 0.34562496 0.32318504
0.29061193 0.52996744 0.43497060 0.34562496 0.32318504
0.29061193 0.52996744 0.43497060 0.34562496 0.32318504
0.29061193 0.52996744 0.43497060 0.34562496 0.32318504
0.29061193 0.52996744 0.43497060 0.34562496 0.32318504
0.29061193 0.52996744 0.43497060 0.34562496 0.32318504
0.29061193 0.52996744 0.43497060 0.34562496 0.32318504
0.29061193 0.52996744 0.43497060 0.34562496 0.32318504
0.29061193 0.52996744 0.43497060 0.34562496 0.32318504
0.29061193 0.52996744 0.43497060 0.34562496 0.32318504
0.29061193 0.52996744 0.43497060 0.34562496 0.32318504
0.29061193 0.52996744 0.43497060 0.34562496 0.32318504
0.29061193 0.52996744 0.43497060 0.34562496 0.32318504
0.29061193 0.52996744 0.43497060 0.34562496 0.32318504
0.29061193 0.52996744 0.43497060 0.34562496 0.32318504
0.29061193 0.52996744 0.43497060 0.34562496 0.32318504
0.29061193 0.52996744 0.43497060 0.34562496 0.32318504
0.29061193 0.52996744 0.43497060 0.34562496 0.32318504
0.29061193 0.52996744 0.43497060 0.34562496 0.32318504
0.29061193 0.52996744 0.43497060 0.34562496 0.32318504
0.29061193 0.52996744 0.43497060 0.34562496 0.32318504
0.29061193 0.52996744 0.43497060 0.34562496 0.32318504
0.29061193 0.52996744 0.43497060 0.34562496 0.32318504
0.29061193 0.52996744 0.43497060 0.34562496 0.32318504
0.29061193 0.52996744 0.43497060 0.34562496 0.32318504
0.29061193 0.52996744 0.43497060 0.34562496 0.32318504
0.29061193 0.52996744 0.43497060 0.34562496 0.32318504
0.29061193 0.52996744 0.43497060 0.34562496 0.32318504
0.29061193 0.52996744 0.43497060 0.34562496 0.32318504
0.29061193 0.52996744 0.43497060 0.34562496 0.32318504
0.29061193 0.52996744 0.43497060 0.34562496 0.32318504
0.29061193 0.52996744 0.43497060 0.34562496 0.32318504
0.29061193 0.52996744 0.43497060 0.34562496 0.32318504
0.29061193 0.52996744 0.43497060 0.34562496 0.32318504
0.29061193 0.52996744 0.43497060 0.34562496 0.32318504
0.29061193 0.52996744 0.43497060 0.34562496 0.32318504
0.29061193 0.52996744 0.43497060 0.34562496 0.32318504
0.29061193 0.52996744 0.43497060 0.34562496 0.32318504
0.29061193 0.52996744 0.43497060 0.34562496 0.32318504
0.29061193 0.52996744 0.43497060 0.34562496 0.32318504
0.29061193 0.52996744 0.43497060 0.34562496 0.32318504
0.29061193 0.52996744 0.43497060 0.34562496 0.32318504
0.29061193 0.52996744 0.43497060 0.34562496 0.32318504
0.29061193 0.52996744 0.43497060 0.34562496 0.32318504
0.29061193 0.52996744 0.43497060 0.34562496 0.32318504
0.29061193 0.52996744 0.43497060 0.34562496 0.32318504
0.29061193 0.52996744 0.43497060 0.34562496 0.32318504
0.29061193 0.52996744 0.43497060 0.34562496 0.32318504
0.29061193 0.52996744 0.43497060 0.34562496 0.32318504
0.29061193 0.52996744 0.43497060 0.34562496 0.32318504
0.29061193 0.52996744 0.43497060 0.34562496 0.32318504
0.29061193 0.52996744 0.43497060 0.34562496 0.32318504
0.29061193 0.52996744 0.43497060 0.34562496 0.32318504
0.29061193 0.52996744 0.43497060 0.34562496 0.32318504
0.29061193 0.52996744 0.43497060 0.34562496 0.32318504
0.29061193 0.52996744 0.43497060 0.34562496 0.32318504
0.29061193 0.52996744 0.43497060 0.34562496 0.32318504
0.29061193 0.52996744 0.43497060 0.34562496 0.32318504
0.29061193 0.52996744 0.43497060 0.34562496 0.32318504
0.29061193 0.52996744 0.43497060 0.34562496 0.32318504
0.29061193 0.52996744 0.43497060 0.34562496 0.32318504
0.29061193 0.52996744 0.43497060 0.34562496 0.32318504
0.29061193 0.52996744 0.43497060 0.34562496 0.32318504
0.29061193 0.52996744 0.43497060 0.34562496 0.32318504
0.29061193 0.52996744 0.43497060 0.34562496 0.32318504
0.29061193 0.52996744 0.43497060 0.34562496 0.32318504
0.29061193 0.52996744 0.43497060 0.34562496 0.32318504
0.29061193 0.52996744 0.43497060 0.34562496 0.32318504
0.29061193 0.52996744 0.43497060 0.34562496 0.32318504
0.29061193 0.52996744 0.43497060 0.34562496 0.32318504
0.29061193 0.52996744 0.43497060 0.34562496 0.32318504
0.29061193 0.52996744 0.43497060 0.34562496 0.32318504
0.29061193 0.52996744 0.43497060 0.34562496 0.32318504
0.29061193 0.52996744 0.43497060 0.34562496 0.32318504
0.29061193 0.52996744 0.43497060 0.34562496 0.32318504
0.29061193 0.52996744 0.43497060 0.34562496 0.32318504
0.29061193 0.52996744 0.43497060 0.34562496 0.32318504
0.29061193 0.52996744 0.43497060 0.34562496 0.32318504
0.29061193 0.52996744 0.43497060 0.34562496 0.32318504
0.29061193 0.52996744 0.43497060 0.34562496 0.32318504
0.29061193 0.52996744 0.43497060 0.34562496 0.32318504
0.29061193 0.52996744 0.43497060 0.34562496 0.32318504
0.29061193 0.52996744 0.43497060 0.34562496 0.32318504
0.29061193 0.52996744 0.43497060 0.34562496 0.32318504
0.29061193 0.52996744 0.43497060 0.34562496 0.32318504
0.29061193 0.52996744 0.43497060 0.34562496 0.32318504
0.29061193 0.52996744 0.43497060 0.34562496 0.32318504
0.29061193 0.52996744 0.43497060 0.34562496 0.32318504
0.29061193 0.52996744 0.43497060 0.34562496 0.32318504
0.29061193 0.52996744 0.43497060 0.34562496 0.32318504
0.29061193 0.52996744 0.43497060 0.34562496 0.32318504
0.29061193 0.52996744 0.43497060 0.34562496 0.32318504
0.29061193 0.52996744 0.43497060 0.34562496 0.32318504
0.29061193 0.52996744 0.43497060 0.34562496 0.32318504
0.29061193 0.52996744 0.43497060 0.34562496 0.32318504
0.29061193 0.52996744 0.43497060 0.34562496 0.32318504
0.29061193 0.52996744 0.43497060 0.34562496 0.32318504
0.29061193 0.52996744 0.43497060 0.34562496 0.32318504
0.29061193 0.52996744 0.43497060 0.34562496 0.32318504
0.29061193 0.52996744 0.43497060 0.34562496 0.32318504
0.29061193 0.52996744 0.43497060 0.34562496 0.32318504
0.29061193 0.52996744 0.43497060 0.34562496 0.32318504
0.29061193 0.52996744 0.43497060 0.34562496 0.32318504
0.29061193 0.52996744 0.43497060 0.34562496 0.32318504
0.29061193 0.52996744 0.43497060 0.34562496 0.32318504
0.29061193 0.52996744 0.43497060 0.34562496 0.32318504
0.29061193 0.52996744 0.43497060 0.34562496 0.32318504
0.29061193 0.52996744 0.43497060 0.34562496 0.32318504
0.29061193 0.52996744 0.43497060 0.34562496 0.32318504
0.29061193 0.52996744 0.43497060 0.34562496 0.32318504
0.29061193 0.52996744 0.43497060 0.34562496 0.32318504
0.29061193 0.52996744 0.43497060 0.34562496 0.32318504
0.29061193 0.52996744 0.43497060 0.34562496 0.32318504
0.29061193 0.52996744 0.43497060 0.34562496 0.32318504
0.29061193 0.52996744 0.43497060 0.34562496 0.32318504
0.29061193 0.52996744 0.43497060 0.34562496 0.32318504
0.29061193 0.52996744 0.43497060 0.34562496 0.32318504
0.29061193 0.52996744 0.43497060 0.34562496 0.32318504
0.29061193 0.52996744 0.43497060 0.34562496 0.32318504
0.29061193 0.52996744 0.43497060 0.34562496 0.32318504
0.29061193 0.52996744 0.43497060 0.34562496 0.32318504
0.29061193 0.52996744 0.43497060 0.34562496 0.32318504
0.29061193 0.52996744 0.43497060 0.34562496 0.32318504
0.29061193 0.52996744 0.43497060 0.34562496 0.32318504
0.29061193 0.52996744 0.43497060 0.34562496 0.32318504
0.29061193 0.52996744 0.43497060 0.34562496 0.32318504
0.29061193 0.52996744 0.43497060 0.34562496 0.32318504
0.29061193 0.52996744 0.43497060 0.34562496 0.32318504
0.29061193 0.52996744 0.43497060 0.34562496 0.32318504
0.29061193 0.52996744 0.43497060 0.34562496 0.32318504
0.29061193 0.52996744 0.43497060 0.34562496 0.32318504
0.29061193 0.52996744 0.43497060 0.34562496 0.32318504
0.29061193 0.52996744 0.43497060 0.34562496 0.32318504
0.29061193 0.52996744 0.43497060 0.34562496 0.32318504
0.29061193 0.52996744 0.43497060 0.34562496 0.32318504
0.29061193 0.52996744 0.43497060 0.34562496 0.32318504
0.29061193 0.52996744 0.43497060 0.34562496 0.32318504
0.29061193 0.52996744 0.43497060 0.34562496 0.32318504
0.29061193 0.52996744 0.43497060 0.34562496 0.32318504
0.29061193 0.52996744 0.43497060 0.34562496 0.32318504
0.29061193 0.52996744 0.43497060 0.34562496 0.32318504
0.29061193 0.52996744 0.43497060 0.34562496 0.32318504
0.29061193 0.52996744 0.43497060 0.34562496 0.32318504
0.29061193 0.52996744 0.43497060 0.34562496 0.32318504
0.29061193 0.52996744 0.43497060 0.34562496 0.32318504
0.29061193 0.52996744 0.43497060 0.34562496 0.32318504
0.29061193 0.52996744 0.43497060 0.34562496 0.32318504
0.29061193 0.52996744 0.43497060 0.34562496 0.32318504
0.29061193 0.52996744 0.43497060 0.34562496 0.32318504
0.29061193 0.52996744 0.43497060 0.34562496 0.32318504
0.29061193 0.52996744 0.43497060 0.34562496 0.32318504
0.29061193 0.52996744 0.43497060 0.34562496 0.32318504
0.29061193 0.52996744 0.43497060 0.34562496 0.32318504
0.29061193 0.52996744 0.43497060 0.34562496 0.32318504
0.29061193 0.52996744 0.43497060 0.34562496 0.32318504
0.29061193 0.52996744 0.43497060 0.34562496 0.32318504
0.29061193 0.52996744 0.43497060 0.34562496 0.32318504
0.29061193 0.52996744 0.43497060 0.34562496 0.32318504
0.29061193 0.52996744 0.43497060 0.34562496 0.32318504
0.29061193 0.52996744 0.43497060 0.34562496 0.32318504
0.29061193 0.52996744 0.43497060 0.34562496 0.32318504
0.29061193 0.52996744 0.43497060 0.34562496 0.32318504
0.29061193 0.52996744 0.43497060 0.34562496 0.32318504
0.29061193 0.52996744 0.43497060 0.34562496 0.32318504
0.29061193 0.52996744 0.43497060 0.34562496 0.32318504
0.29061193 0.52996744 0.43497060 0.34562496 0.32318504
0.29061193 0.52996744 0.43497060 0.34562496 0.32318504
0.29061193 0.52996744 0.43497060 0.34562496 0.32318504
0.29061193 0.52996744 0.43497060 0.34562496 0.32318504
0.29061193 0.52996744 0.43497060 0.34562496 0.32318504
0.29061193 0.52996744 0.43497060 0.34562496 0.32318504
0.29061193 0.52996744 0.43497060 0.34562496 0.32318504
0.29061193 0.52996744 0.43497060 0.34562496 0.32318504
0.29061193 0.52996744 0.43497060 0.34562496 0.32318504
0.29061193 0.52996744 0.43497060 0.34562496 0.32318504
0.29061193 0.52996744 0.43497060 0.34562496 0.32318504
0.29061193 0.52996744 0.43497060 0.34562496 0.32318504
0.29061193 0.52996744 0.43497060 0.34562496 0.32318504
0.29061193 0.52996744 0.43497060 0.34562496 0.32318504
0.29061193 0.52996744 0.43497060 0.34562496 0.32318504
0.29061193 0.52996744 0.43497060 0.34562496 0.32318504
0.29061193 0.52996744 0.43497060 0.34562496 0.32318504
0.29061193 0.52996744 0.43497060 0.34562496 0.32318504
0.29061193 0.52996744 0.43497060 0.34562496 0.32318504
0.29061193 0.52996744 0.43497060 0.34562496 0.32318504
0.29061193 0.52996744 0.43497060 0.34562496 0.32318504
0.29061193 0.52996744 0.43497060 0.34562496 0.32318504
0.29061193 0.52996744 0.43497060 0.34562496 0.32318504
0.29061193 0.52996744 0.43497060 0.34562496 0.32318504
0.29061193 0.52996744 0.43497060 0.34562496 0.32318504
0.29061193 0.52996744 0.43497060 0.34562496 0.32318504
0.29061193 0.52996744 0.43497060 0.34562496 0.32318504
0.29061193 0.52996744 0.43497060 0.34562496 0.32318504
0.29061193 0.52996744 0.43497060 0.34562496 0.32318504
0.29061193 0.52996744 0.43497060 0.34562496 0.32318504
0.29061193 0.52996744 0.43497060 0.34562496 0.32318504
0.29061193 0.52996744 0.43497060 0.34562496 0.32318504
0.29061193 0.52996744 0.43497060 0.34562496 0.32318504
0.29061193 0.52996744 0.43497060 0.34562496 0.32318504
0.29061193 0.52996744 0.43497060 0.34562496 0.32318504
0.29061193 0.52996744 0.43497060 0.34562496 0.32318504
0.29061193 0.52996744 0.43497060 0.34562496 0.32318504
0.29061193 0.52996744 0.43497060 0.34562496 0.32318504
0.29061193 0.52996744 0.43497060 0.34562496 0.32318504
0.29061193 0.52996744 0.43497060 0.34562496 0.32318504
0.29061193 0.52996744 0.43497060 0.34562496 0.32318504
0.29061193 0.52996744 0.43497060 0.34562496 0.32318504
0.29061193 0.52996744 0.43497060 0.34562496 0.32318504
0.29061193 0.52996744 0.43497060 0.34562496 0.32318504
0.29061193 0.52996744 0.43497060 0.34562496 0.32318504
0.29061193 0.52996744 0.43497060 0.34562496 0.32318504
0.29061193 0.52996744 0.43497060 0.34562496 0.32318504
0.29061193 0.52996744 0.43497060 0.34562496 0.32318504
0.29061193 0.52996744 0.43497060 0.34562496 0.32318504
0.29061193 0.52996744 0.43497060 0.34562496 0.32318504
0.29061193 0.52996744 0.43497060 0.34562496 0.32318504
0.29061193 0.52996744 0.43497060 0.34562496 0.32318504
0.29061193 0.52996744 0.43497060 0.34562496 0.32318504
0.29061193 0.52996744 0.43497060 0.34562496 0.32318504
0.29061193 0.52996744 0.43497060 0.34562496 0.32318504
0.29061193 0.52996744 0.43497060 0.34562496 0.32318504
0.29061193 0.52996744 0.43497060 0.34562496 0.32318504
0.29061193 0.52996744 0.43497060 0.34562496 0.32318504
0.29061193 0.52996744 0.43497060 0.34562496 0.32318504
0.29061193 0.52996744 0.43497060 0.34562496 0.32318504
0.29061193 0.52996744 0.43497060 0.34562496 0.32318504
0.29061193 0.52996744 0.43497060 0.34562496 0.32318504
0.29061193 0.52996744 0.43497060 0.34562496 0.32318504
0.29061193 0.52996744 0.43497060 0.34562496 0.32318504
0.29061193 0.52996744 0.43497060 0.34562496 0.32318504
0.29061193 0.52996744 0.43497060 0.34562496 0.32318504
0.29061193 0.52996744 0.43497060 0.34562496 0.32318504
0.29061193 0.52996744 0.43497060 0.34562496 0.32318504
0.29061193 0.52996744 0.43497060 0.34562496 0.32318504
0.29061193 0.52996744 0.43497060 0.34562496 0.32318504
0.29061193 0.52996744 0.43497060 0.34562496 0.32318504
0.29061193 0.52996744 0.43497060 0.34562496 0.32318504
0.29061193 0.52996744 0.43497060 0.34562496 0.32318504
0.29061193 0.52996744 0.43497060 0.34562496 0.32318504
0.29061193 0.52996744 0.43497060 0.34562496 0.32318504
0.29061193 0.52996744 0.43497060 0.34562496 0.32318504
0.29061193 0.52996744 0.43497060 0.34562496 0.32318504
0.29061193 0.52996744 0.43497060 0.34562496 0.32318504
0.29061193 0.52996744 0.43497060 0.34562496 0.32318504
0.29061193 0.52996744 0.43497060 0.34562496 0.32318504
0.29061193 0.52996744 0.43497060 0.34562496 0.32318504
0.29061193 0.52996744 0.43497060 0.34562496 0.32318504
0.29061193 0.52996744 0.43497060 0.34562496 0.32318504
0.29061193 0.52996744 0.43497060 0.34562496 0.32318504
0.29061193 0.52996744 0.43497060 0.34562496 0.32318504
0.29061193 0.52996744 0.43497060 0.34562496 0.32318504
0.29061193 0.52996744 0.43497060 0.34562496 0.32318504
0.29061193 0.52996744 0.43497060 0.34562496 0.32318504
0.29061193 0.52996744 0.43497060 0.34562496 0.32318504
0.29061193 0.52996744 0.43497060 0.34562496 0.32318504
0.29061193 0.52996744 0.43497060 0.34562496 0.32318504
0.29061193 0.52996744 0.43497060 0.34562496 0.32318504
0.29061193 0.52996744 0.43497060 0.34562496 0.32318504
0.29061193 0.52996744 0.43497060 0.34562496 0.32318504
0.29061193 0.52996744 0.43497060 0.34562496 0.32318504
0.29061193 0.52996744 0.43497060 0.34562496 0.32318504
0.29061193 0.52996744 0.43497060 0.34562496 0.32318504
0.29061193 0.52996744 0.43497060 0.34562496 0.32318504
0.29061193 0.52996744 0.43497060 0.34562496 0.32318504
0.29061193 0.52996744 0.43497060 0.34562496 0.32318504
0.29061193 0.52996744 0.43497060 0.34562496 0.32318504
0.29061193 0.52996744 0.43497060 0.34562496 0.32318504
0.29061193 0.52996744 0.43497060 0.34562496 0.32318504
0.29061193 0.52996744 0.43497060 0.34562496 0.32318504
0.29061193 0.52996744 0.43497060 0.34562496 0.32318504
0.29061193 0.52996744 0.43497060 0.34562496 0.32318504
0.29061193 0.52996744 0.43497060 0.34562496 0.32318504
0.29061193 0.52996744 0.43497060 0.34562496 0.32318504
0.29061193 0.52996744 0.43497060 0.34562496 0.32318504
0.29061193 0.52996744 0.43497060 0.34562496 0.32318504
0.29061193 0.52996744 0.43497060 0.34562496 0.32318504
0.29061193 0.52996744 0.43497060 0.34562496 0.32318504
0.29061193 0.52996744 0.43497060 0.34562496 0.32318504
0.29061193 0.52996744 0.43497060 0.34562496 0.32318504
0.29061193 0.52996744 0.43497060 0.34562496 0.32318504
0.29061193 0.52996744 0.43497060 0.34562496 0.32318504
0.29061193 0.52996744 0.43497060 0.34562496 0.32318504
0.29061193 0.52996744 0.43497060 0.34562496 0.32318504
0.29061193 0.52996744 0.43497060 0.34562496 0.32318504
0.29061193 0.52996744 0.43497060 0.34562496 0.32318504
0.29061193 0.52996744 0.43497060 0.34562496 0.32318504
0.29061193 0.52996744 0.43497060 0.34562496 0.32318504
0.29061193 0.52996744 0.43497060 0.34562496 0.32318504
0.29061193 0.52996744 0.43497060 0.34562496 0.32318504
0.29061193 0.52996744 0.43497060 0.34562496 0.32318504
0.29061193 0.52996744 0.43497060 0.34562496 0.32318504
0.29061193 0.52996744 0.43497060 0.34562496 0.32318504
0.29061193 0.52996744 0.43497060 0.34562496 0.32318504
0.29061193 0.52996744 0.43497060 0.34562496 0.32318504
0.29061193 0.52996744 0.43497060 0.34562496 0.32318504
0.29061193 0.52996744 0.43497060 0.34562496 0.32318504
0.29061193 0.52996744 0.43497060 0.34562496 0.32318504
0.29061193 0.52996744 0.43497060 0.34562496 0.32318504
0.29061193 0.52996744 0.43497060 0.34562496 0.32318504
0.29061193 0.52996744 0.43497060 0.34562496 0.32318504
0.29061193 0.52996744 0.43497060 0.34562496 0.32318504
0.29061193 0.52996744 0.43497060 0.34562496 0.32318504
0.29061193 0.52996744 0.43497060 0.34562496 0.32318504
0.29061193 0.52996744 0.43497060 0.34562496 0.32318504
0.29061193 0.52996744 0.43497060 0.34562496 0.32318504
0.29061193 0.52996744 0.43497060 0.34562496 0.32318504
0.29061193 0.52996744 0.43497060 0.34562496 0.32318504
0.29061193 0.52996744 0.43497060 0.34562496 0.32318504
0.29061193 0.52996744 0.43497060 0.34562496 0.32318504
0.29061193 0.52996744 0.43497060 0.34562496 0.32318504
0.29061193 0.52996744 0.43497060 0.34562496 0.32318504
0.29061193 0.52996744 0.43497060 0.34562496 0.32318504
0.29061193 0.52996744 0.43497060 0.34562496 0.32318504
0.29061193 0.52996744 0.43497060 0.34562496 0.32318504
0.29061193 0.52996744 0.43497060 0.34562496 0.32318504
0.29061193 0.52996744 0.43497060 0.34562496 0.32318504
0.29061193 0.52996744 0.43497060 0.34562496 0.32318504
0.29061193 0.52996744 0.43497060 0.34562496 0.32318504
0.29061193 0.52996744 0.43497060 0.34562496 0.32318504
0.29061193 0.52996744 0.43497060 0.34562496 0.32318504
0.29061193 0.52996744 0.43497060 0.34562496 0.32318504
0.29061193 0.52996744 0.43497060 0.34562496 0.32318504
0.29061193 0.52996744 0.43497060 0.34562496 0.32318504
0.29061193 0.52996744 0.43497060 0.34562496 0.32318504
0.29061193 0.52996744 0.43497060 0.34562496 0.32318504
0.29061193 0.52996744 0.43497060 0.34562496 0.32318504
0.29061193 0.52996744 0.43497060 0.34562496 0.32318504
0.29061193 0.52996744 0.43497060 0.34562496 0.32318504
0.29061193 0.52996744 0.43497060 0.34562496 0.32318504
0.29061193 0.52996744 0.43497060 0.34562496 0.32318504
0.29061193 0.52996744 0.43497060 0.34562496 0.32318504
0.29061193 0.52996744 0.43497060 0.34562496 0.32318504
0.29061193 0.52996744 0.43497060 0.34562496 0.32318504
0.29061193 0.52996744 0.43497060 0.34562496 0.32318504
0.29061193 0.52996744 0.43497060 0.34562496 0.32318504
0.29061193 0.52996744 0.43497060 0.34562496 0.32318504
0.29061193 0.52996744 0.43497060 0.34562496 0.32318504
0.29061193 0.52996744 0.43497060 0.34562496 0.32318504
0.29061193 0.52996744 0.43497060 0.34562496 0.32318504
0.29061193 0.52996744 0.43497060 0.34562496 0.32318504
0.29061193 0.52996744 0.43497060 0.34562496 0.32318504
0.29061193 0.52996744 0.43497060 0.34562496 0.32318504
0.29061193 0.52996744 0.43497060 0.34562496 0.32318504
0.29061193 0.52996744 0.43497060 0.34562496 0.32318504
0.29061193 0.52996744 0.43497060 0.34562496 0.32318504
0.29061193 0.52996744 0.43497060 0.34562496 0.32318504
0.29061193 0.52996744 0.43497060 0.34562496 0.32318504
0.29061193 0.52996744 0.43497060 0.34562496 0.32318504
0.29061193 0.52996744 0.43497060 0.34562496 0.32318504
0.29061193 0.52996744 0.43497060 0.34562496 0.32318504
0.29061193 0.52996744 0.43497060 0.34562496 0.32318504
0.29061193 0.52996744 0.43497060 0.34562496 0.32318504
0.29061193 0.52996744 0.43497060 0.34562496 0.32318504
0.29061193 0.52996744 0.43497060 0.34562496 0.32318504
0.29061193 0.52996744 0.43497060 0.34562496 0.32318504
0.29061193 0.52996744 0.43497060 0.34562496 0.32318504
0.29061193 0.52996744 0.43497060 0.34562496 0.32318504
0.29061193 0.52996744 0.43497060 0.34562496 0.32318504
0.29061193 0.52996744 0.43497060 0.34562496 0.32318504
0.29061193 0.52996744 0.43497060 0.34562496 0.32318504
0.29061193 0.52996744 0.43497060 0.34562496 0.32318504
0.29061193 0.52996744 0.43497060 0.34562496 0.32318504
0.29061193 0.52996744 0.43497060 0.34562496 0.32318504
0.29061193 0.52996744 0.43497060 0.34562496 0.32318504
0.29061193 0.52996744 0.43497060 0.34562496 0.32318504
0.29061193 0.52996744 0.43497060 0.34562496 0.32318504
0.29061193 0.52996744 0.43497060 0.34562496 0.32318504
0.29061193 0.52996744 0.43497060 0.34562496 0.32318504
0.29061193 0.52996744 0.43497060 0.34562496 0.32318504
0.29061193 0.52996744 0.43497060 0.34562496 0.32318504
0.29061193 0.52996744 0.43497060 0.34562496 0.32318504
0.29061193 0.52996744 0.43497060 0.34562496 0.32318504
0.29061193 0.52996744 0.43497060 0.34562496 0.32318504
0.29061193 0.52996744 0.43497060 0.34562496 0.32318504
0.29061193 0.52996744 0.43497060 0.34562496 0.32318504
0.29061193 0.52996744 0.43497060 0.34562496 0.32318504
0.29061193 0.52996744 0.43497060 0.34562496 0.32318504
0.29061193 0.52996744 0.43497060 0.34562496 0.32318504
0.29061193 0.52996744 0.43497060 0.34562496 0.32318504
0.29061193 0.52996744 0.43497060 0.34562496 0.32318504
0.29061193 0.52996744 0.43497060 0.34562496 0.32318504
0.29061193 0.52996744 0.43497060 0.34562496 0.32318504
0.29061193 0.52996744 0.43497060 0.34562496 0.32318504
0.29061193 0.52996744 0.43497060 0.34562496 0.32318504
0.29061193 0.52996744 0.43497060 0.34562496 0.32318504
0.29061193 0.52996744 0.43497060 0.34562496 0.32318504
0.29061193 0.52996744 0.43497060 0.34562496 0.32318504
0.29061193 0.52996744 0.43497060 0.34562496 0.32318504
0.29061193 0.52996744 0.43497060 0.34562496 0.32318504
0.29061193 0.52996744 0.43497060 0.34562496 0.32318504
0.29061193 0.52996744 0.43497060 0.34562496 0.32318504
0.29061193 0.52996744 0.43497060 0.34562496 0.32318504
0.29061193 0.52996744 0.43497060 0.34562496 0.32318504
0.29061193 0.52996744 0.43497060 0.34562496 0.32318504
0.29061193 0.52996744 0.43497060 0.34562496 0.32318504
0.29061193 0.52996744 0.43497060 0.34562496 0.32318504
0.29061193 0.52996744 0.43497060 0.34562496 0.32318504
0.29061193 0.52996744 0.43497060 0.34562496 0.32318504
0.29061193 0.52996744 0.43497060 0.34562496 0.32318504
0.29061193 0.52996744 0.43497060 0.34562496 0.32318504
0.29061193 0.52996744 0.43497060 0.34562496 0.32318504
0.29061193 0.52996744 0.43497060 0.34562496 0.32318504
0.29061193 0.52996744 0.43497060 0.34562496 0.32318504
0.29061193 0.52996744 0.43497060 0.34562496 0.32318504
0.29061193 0.52996744 0.43497060 0.34562496 0.32318504
0.29061193 0.52996744 0.43497060 0.34562496 0.32318504
0.29061193 0.52996744 0.43497060 0.34562496 0.32318504
0.29061193 0.52996744 0.43497060 0.34562496 0.32318504
0.29061193 0.52996744 0.43497060 0.34562496 0.32318504
0.29061193 0.52996744 0.43497060 0.34562496 0.32318504
0.29061193 0.52996744 0.43497060 0.34562496 0.32318504
0.29061193 0.52996744 0.43497060 0.34562496 0.32318504
0.29061193 0.52996744 0.43497060 0.34562496 0.32318504
0.29061193 0.52996744 0.43497060 0.34562496 0.32318504
0.29061193 0.52996744 0.43497060 0.34562496 0.32318504
0.29061193 0.52996744 0.43497060 0.34562496 0.32318504
0.29061193 0.52996744 0.43497060 0.34562496 0.32318504
0.29061193 0.52996744 0.43497060 0.34562496 0.32318504
0.29061193 0.52996744 0.43497060 0.34562496 0.32318504
0.29061193 0.52996744 0.43497060 0.34562496 0.32318504
0.29061193 0.52996744 0.43497060 0.34562496 0.32318504
0.29061193 0.52996744 0.43497060 0.34562496 0.32318504
0.29061193 0.52996744 0.43497060 0.34562496 0.32318504
0.29061193 0.52996744 0.43497060 0.34562496 0.32318504
0.29061193 0.52996744 0.43497060 0.34562496 0.32318504
0.29061193 0.52996744 0.43497060 0.34562496 0.32318504
0.29061193 0.52996744 0.43497060 0.34562496 0.32318504
0.29061193 0.52996744 0.43497060 0.34562496 0.32318504
0.29061193 0.52996744 0.43497060 0.34562496 0.32318504
0.29061193 0.52996744 0.43497060 0.34562496 0.32318504
0.29061193 0.52996744 0.43497060 0.34562496 0.32318504
0.29061193 0.52996744 0.43497060 0.34562496 0.32318504
0.29061193 0.52996744 0.43497060 0.34562496 0.32318504
0.29061193 0.52996744 0.43497060 0.34562496 0.32318504
0.29061193 0.52996744 0.43497060 0.34562496 0.32318504
0.29061193 0.52996744 0.43497060 0.34562496 0.32318504
0.29061193 0.52996744 0.43497060 0.34562496 0.32318504
0.29061193 0.52996744 0.43497060 0.34562496 0.32318504
0.29061193 0.52996744 0.43497060 0.34562496 0.32318504
0.29061193 0.52996744 0.43497060 0.34562496 0.32318504
0.29061193 0.52996744 0.43497060 0.34562496 0.32318504
0.29061193 0.52996744 0.43497060 0.34562496 0.32318504
0.29061193 0.52996744 0.43497060 0.34562496 0.32318504
0.29061193 0.52996744 0.43497060 0.34562496 0.32318504
0.29061193 0.52996744 0.43497060 0.34562496 0.32318504
0.29061193 0.52996744 0.43497060 0.34562496 0.32318504
0.29061193 0.52996744 0.43497060 0.34562496 0.32318504
0.29061193 0.52996744 0.43497060 0.34562496 0.32318504
0.29061193 0.52996744 0.43497060 0.34562496 0.32318504
0.29061193 0.52996744 0.43497060 0.34562496 0.32318504
0.29061193 0.52996744 0.43497060 0.34562496 0.32318504
0.29061193 0.52996744 0.43497060 0.34562496 0.32318504
0.29061193 0.52996744 0.43497060 0.34562496 0.32318504
0.29061193 0.52996744 0.43497060 0.34562496 0.32318504
0.29061193 0.52996744 0.43497060 0.34562496 0.32318504
0.29061193 0.52996744 0.43497060 0.34562496 0.32318504
0.29061193 0.52996744 0.43497060 0.34562496 0.32318504
0.29061193 0.52996744 0.43497060 0.34562496 0.32318504
0.29061193 0.52996744 0.43497060 0.34562496 0.32318504
0.29061193 0.52996744 0.43497060 0.34562496 0.32318504
0.29061193 0.52996744 0.43497060 0.34562496 0.32318504
0.29061193 0.52996744 0.43497060 0.34562496 0.32318504
0.29061193 0.52996744 0.43497060 0.34562496 0.32318504
0.29061193 0.52996744 0.43497060 0.34562496 0.32318504
0.29061193 0.52996744 0.43497060 0.34562496 0.32318504
0.29061193 0.52996744 0.43497060 0.34562496 0.32318504
0.29061193 0.52996744 0.43497060 0.34562496 0.32318504
0.29061193 0.52996744 0.43497060 0.34562496 0.32318504
0.29061193 0.52996744 0.43497060 0.34562496 0.32318504
0.29061193 0.52996744 0.43497060 0.34562496 0.32318504
0.29061193 0.52996744 0.43497060 0.34562496 0.32318504
0.29061193 0.52996744 0.43497060 0.34562496 0.32318504
0.29061193 0.52996744 0.43497060 0.34562496 0.32318504
0.29061193 0.52996744 0.43497060 0.34562496 0.32318504
0.29061193 0.52996744 0.43497060 0.34562496 0.32318504
0.29061193 0.52996744 0.43497060 0.34562496 0.32318504
0.29061193 0.52996744 0.43497060 0.34562496 0.32318504
0.29061193 0.52996744 0.43497060 0.34562496 0.32318504
0.29061193 0.52996744 0.43497060 0.34562496 0.32318504
0.29061193 0.52996744 0.43497060 0.34562496 0.32318504
0.29061193 0.52996744 0.43497060 0.34562496 0.32318504
0.29061193 0.52996744 0.43497060 0.34562496 0.32318504
0.29061193 0.52996744 0.43497060 0.34562496 0.32318504
0.29061193 0.52996744 0.43497060 0.34562496 0.32318504
0.29061193 0.52996744 0.43497060 0.34562496 0.32318504
0.29061193 0.52996744 0.43497060 0.34562496 0.32318504
0.29061193 0.52996744 0.43497060 0.34562496 0.32318504
0.29061193 0.52996744 0.43497060 0.34562496 0.32318504
0.29061193 0.52996744 0.43497060 0.34562496 0.32318504
0.29061193 0.52996744 0.43497060 0.34562496 0.32318504
0.29061193 0.52996744 0.43497060 0.34562496 0.32318504
0.29061193 0.52996744 0.43497060 0.34562496 0.32318504
0.29061193 0.52996744 0.43497060 0.34562496 0.32318504
0.29061193 0.52996744 0.43497060 0.34562496 0.32318504
0.29061193 0.52996744 0.43497060 0.34562496 0.32318504
0.29061193 0.52996744 0.43497060 0.34562496 0.32318504
0.29061193 0.52996744 0.43497060 0.34562496 0.32318504
0.29061193 0.52996744 0.43497060 0.34562496 0.32318504
0.29061193 0.52996744 0.43497060 0.34562496 0.32318504
0.29061193 0.52996744 0.43497060 0.34562496 0.32318504
0.29061193 0.52996744 0.43497060 0.34562496 0.32318504
0.29061193 0.52996744 0.43497060 0.34562496 0.32318504
0.29061193 0.52996744 0.43497060 0.34562496 0.32318504
0.29061193 0.52996744 0.43497060 0.34562496 0.32318504
0.29061193 0.52996744 0.43497060 0.34562496 0.32318504
0.29061193 0.52996744 0.43497060 0.34562496 0.32318504
0.29061193 0.52996744 0.43497060 0.34562496 0.32318504
0.29061193 0.52996744 0.43497060 0.34562496 0.32318504
0.29061193 0.52996744 0.43497060 0.34562496 0.32318504
0.29061193 0.52996744 0.43497060 0.34562496 0.32318504
0.29061193 0.52996744 0.43497060 0.34562496 0.32318504
0.29061193 0.52996744 0.43497060 0.34562496 0.32318504
0.29061193 0.52996744 0.43497060 0.34562496 0.32318504
0.29061193 0.52996744 0.43497060 0.34562496 0.32318504
0.29061193 0.52996744 0.43497060 0.34562496 0.32318504
0.29061193 0.52996744 0.43497060 0.34562496 0.32318504
0.29061193 0.52996744 0.43497060 0.34562496 0.32318504
0.29061193 0.52996744 0.43497060 0.34562496 0.32318504
0.29061193 0.52996744 0.43497060 0.34562496 0.32318504
0.29061193 0.52996744 0.43497060 0.34562496 0.32318504
0.49877982 0.32106717 0.42364367 0.25497006 0.32872353
0.49877982 0.32106717 0.42364367 0.25497006 0.32872353
0.50435366 0.32091923 0.41924793 0.26098964 0.33299122
0.50435366 0.32091923 0.41924793 0.26098964 0.33299122
0.49493951 0.32002832 0.42684403 0.26402405 0.33041305
0.49493951 0.32002832 0.42684403 0.26402405 0.33041305
0.48516183 0.32050724 0.42232064 0.26099864 0.32594905
0.48385365 0.31943329 0.43317507 0.25895223 0.32110996
0.48385365 0.31943329 0.43317507 0.25895223 0.32110996
0.48065196 0.32223315 0.42672871 0.25484658 0.32222503
0.48065196 0.32223315 0.42672871 0.25484658 0.32222503
0.48065196 0.32223315 0.42672871 0.25484658 0.32222503
0.48670024 0.31990913 0.42633433 0.24959496 0.32474183
0.48670024 0.31990913 0.42633433 0.24959496 0.32474183
0.48670024 0.31990913 0.42633433 0.24959496 0.32474183
0.47913422 0.32236995 0.42371592 0.25619750 0.33156917
0.49133305 0.32406879 0.43440972 0.25561565 0.33274080
0.49520802 0.32523679 0.43881062 0.26163848 0.32424963
0.49165380 0.32746716 0.44137836 0.27018128 0.33010223
0.49059163 0.33247990 0.44135632 0.26887966 0.32702261
0.49059163 0.33247990 0.44135632 0.26887966 0.32702261
0.49059163 0.33247990 0.44135632 0.26887966 0.32702261
0.48519033 0.33599958 0.45675911 0.26738496 0.31864628
0.48519033 0.33599958 0.45675911 0.26738496 0.31864628
0.49104995 0.33499393 0.46566028 0.27684344 0.32916174
0.49104995 0.33499393 0.46566028 0.27684344 0.32916174
0.49104995 0.33499393 0.46566028 0.27684344 0.32916174
0.49353195 0.32911532 0.46095663 0.27889025 0.33073494
0.48880082 0.32838987 0.45686709 0.27210425 0.33469378
0.49054288 0.32467001 0.45399824 0.27354291 0.33231422
0.49296630 0.31986230 0.45075409 0.27785341 0.33795183
0.49943170 0.31927479 0.45269326 0.27656403 0.33836666
0.49943170 0.31927479 0.45269326 0.27656403 0.33836666
0.49943170 0.31927479 0.45269326 0.27656403 0.33836666
0.49943170 0.31927479 0.45269326 0.27656403 0.33836666
0.49943170 0.31927479 0.45269326 0.27656403 0.33836666
0.50181816 0.31883009 0.43738380 0.28005788 0.33644666
0.50181816 0.31883009 0.43738380 0.28005788 0.33644666
0.50181816 0.31883009 0.43738380 0.28005788 0.33644666
0.50181816 0.31883009 0.43738380 0.28005788 0.33644666
0.50181816 0.31883009 0.43738380 0.28005788 0.33644666
0.49962396 0.32139076 0.43933106 0.29571537 0.33387965
0.50357268 0.32021002 0.44267143 0.29922517 0.33372313
0.50357268 0.32021002 0.44267143 0.29922517 0.33372313
0.50357268 0.32021002 0.44267143 0.29922517 0.33372313
0.50357268 0.32021002 0.44267143 0.29922517 0.33372313
0.50357268 0.32021002 0.44267143 0.29922517 0.33372313
0.50492713 0.32143353 0.44142097 0.29087389 0.33616848
0.50492713 0.32143353 0.44142097 0.29087389 0.33616848
0.50120950 0.32048593 0.45108044 0.28785298 0.32882335
0.50120950 0.32048593 0.45108044 0.28785298 0.32882335
0.50704423 0.32259432 0.44576269 0.28299437 0.32786470
0.50593520 0.32057229 0.44978973 0.28380038 0.32797907
0.50593520 0.32057229 0.44978973 0.28380038 0.32797907
0.50593520 0.32057229 0.44978973 0.28380038 0.32797907
0.50593520 0.32057229 0.44978973 0.28380038 0.32797907
0.51020458 0.31809025 0.45530910 0.27872814 0.32833727
0.51020458 0.31809025 0.45530910 0.27872814 0.32833727
0.51020458 0.31809025 0.45530910 0.27872814 0.32833727
0.50246108 0.31554544 0.44639308 0.27532782 0.32829523
0.49933367 0.31332225 0.45080677 0.27148319 0.32720820
0.49933367 0.31332225 0.45080677 0.27148319 0.32720820
0.49168098 0.31257022 0.44228215 0.27248349 0.33177209
0.48916487 0.30834280 0.45895269 0.27037538 0.33385365
0.48916487 0.30834280 0.45895269 0.27037538 0.33385365
0.48916487 0.30834280 0.45895269 0.27037538 0.33385365
0.48916487 0.30834280 0.45895269 0.27037538 0.33385365
0.39512136 0.49099184 0.38466516 0.34890828 0.42516161
0.39512136 0.49099184 0.38466516 0.34890828 0.42516161
0.38583460 0.48279310 0.38993539 0.34678862 0.41954910
0.32206055 0.39513807 0.30513599 0.27741172 0.34159905
0.32206055 0.39513807 0.30513599 0.27741172 0.34159905
0.32206055 0.39513807 0.30513599 0.27741172 0.34159905
0.32633146 0.39770015 0.29948332 0.28180490 0.34381011
0.32633146 0.39770015 0.29948332 0.28180490 0.34381011
0.30727127 0.39472935 0.29314627 0.27213943 0.34306142
0.30719686 0.39615877 0.29116641 0.28238873 0.33549555
0.29640310 0.38851314 0.30116512 0.29818967 0.33097193
0.28149746 0.39924234 0.28461549 0.30386685 0.33807770
0.28149746 0.39924234 0.28461549 0.30386685 0.33807770
0.28379532 0.39454452 0.28657645 0.29871345 0.34776217
0.28814453 0.39232016 0.28651247 0.29250101 0.34989997
0.22125521 0.29006381 0.19171172 0.19036246 0.24841594
0.22218293 0.29111973 0.21136601 0.18518387 0.24822508
0.21414857 0.29430988 0.21935796 0.18830801 0.25851731
0.22245174 0.29907560 0.22708309 0.18572527 0.24319739
0.21464324 0.31910337 0.22383860 0.19399127 0.24871845
0.21394736 0.31484445 0.22759087 0.20543652 0.24150358
0.21416278 0.30988362 0.22028841 0.20635688 0.24682334
0.22256450 0.31788721 0.21620555 0.21308761 0.25933452
0.24202896 0.33062790 0.21655475 0.20173027 0.25354424
0.24202896 0.33062790 0.21655475 0.20173027 0.25354424
0.23734542 0.33137493 0.23022801 0.20211385 0.25913583
0.23734542 0.33137493 0.23022801 0.20211385 0.25913583
0.24017535 0.33545899 0.23785297 0.19742235 0.25428484
0.23907678 0.32975138 0.24450853 0.20283147 0.25130953
0.23907678 0.32975138 0.24450853 0.20283147 0.25130953
0.23907678 0.32975138 0.24450853 0.20283147 0.25130953
0.23907678 0.32975138 0.24450853 0.20283147 0.25130953
0.23907678 0.32975138 0.24450853 0.20283147 0.25130953
0.24737869 0.33072574 0.25480193 0.19214934 0.24499368
0.24737869 0.33072574 0.25480193 0.19214934 0.24499368
0.24737869 0.33072574 0.25480193 0.19214934 0.24499368
0.24391394 0.33967061 0.25042003 0.19293329 0.24554275
0.24391394 0.33967061 0.25042003 0.19293329 0.24554275
0.24391394 0.33967061 0.25042003 0.19293329 0.24554275
0.24391394 0.33967061 0.25042003 0.19293329 0.24554275
0.24391394 0.33967061 0.25042003 0.19293329 0.24554275
0.24391394 0.33967061 0.25042003 0.19293329 0.24554275
0.24149103 0.33711510 0.25803385 0.17821476 0.22660376
0.24318759 0.33034407 0.25555596 0.18487187 0.21325501
0.24491185 0.33511906 0.26529685 0.18560054 0.21083428
0.24491185 0.33511906 0.26529685 0.18560054 0.21083428
0.24491185 0.33511906 0.26529685 0.18560054 0.21083428
0.24911830 0.35599663 0.26923667 0.17787566 0.21782236
0.24911830 0.35599663 0.26923667 0.17787566 0.21782236
0.24911830 0.35599663 0.26923667 0.17787566 0.21782236
0.24911830 0.35599663 0.26923667 0.17787566 0.21782236
0.15118126 0.17326234 0.11764906 0.13681126 0.17067445
0.15118126 0.17326234 0.11764906 0.13681126 0.17067445
0.11495911 0.11722197 0.10135748 0.10505527 0.10947852
0.11495911 0.11722197 0.10135748 0.10505527 0.10947852
0.09982092 0.10550063 0.08948380 0.10536290 0.08482480
0.09982092 0.10550063 0.08948380 0.10536290 0.08482480
0.09390703 0.11460143 0.08354687 0.10467206 0.09284175
0.09390703 0.11460143 0.08354687 0.10467206 0.09284175
0.05314772 0.05767896 0.04489903 0.10290123 0.06064985
0.05314772 0.05767896 0.04489903 0.10290123 0.06064985
0.05441839 0.06807044 0.04235604 0.09911392 0.06110195
0.05303546 0.07066676 0.04223304 0.10945589 0.06004001
0.04737081 0.06215560 0.04310563 0.10763158 0.05984426
0.04737081 0.06215560 0.04310563 0.10763158 0.05984426
0.04737081 0.06215560 0.04310563 0.10763158 0.05984426
0.04737081 0.06215560 0.04310563 0.10763158 0.05984426
0.04737081 0.06215560 0.04310563 0.10763158 0.05984426
0.04737081 0.06215560 0.04310563 0.10763158 0.05984426
0.05573445 0.05726113 0.04403346 0.07412398 0.05152356
0.06510065 0.06311641 0.04779910 0.07908280 0.05322853
0.06860981 0.06052884 0.05494046 0.08184456 0.05508372
0.06860981 0.06052884 0.05494046 0.08184456 0.05508372
0.06860981 0.06052884 0.05494046 0.08184456 0.05508372
0.06860981 0.06052884 0.05494046 0.08184456 0.05508372
0.06860981 0.06052884 0.05494046 0.08184456 0.05508372
0.06860981 0.06052884 0.05494046 0.08184456 0.05508372
0.06860981 0.06052884 0.05494046 0.08184456 0.05508372
0.06860981 0.06052884 0.05494046 0.08184456 0.05508372
0.06936731 0.05784060 0.04455890 0.08835782 0.05975554
0.07798812 0.06109682 0.04374986 0.08765498 0.05930777
0.07798812 0.06109682 0.04374986 0.08765498 0.05930777
0.07302403 0.05763601 0.04277524 0.09697455 0.05993492
0.07235055 0.05297670 0.04324487 0.08129373 0.06126652
0.07235055 0.05297670 0.04324487 0.08129373 0.06126652
0.07235055 0.05297670 0.04324487 0.08129373 0.06126652
0.07235055 0.05297670 0.04324487 0.08129373 0.06126652
0.07235055 0.05297670 0.04324487 0.08129373 0.06126652
0.07235055 0.05297670 0.04324487 0.08129373 0.06126652
0.05186710 0.06993963 0.05363449 0.05729887 0.05501332
0.05186710 0.06993963 0.05363449 0.05729887 0.05501332
0.05350043 0.07400008 0.05581507 0.06009768 0.05714456
0.05350043 0.07400008 0.05581507 0.06009768 0.05714456
0.06491426 0.08115476 0.06038592 0.06671260 0.05633611
0.06491426 0.08115476 0.06038592 0.06671260 0.05633611
0.06491426 0.08115476 0.06038592 0.06671260 0.05633611
0.06491426 0.08115476 0.06038592 0.06671260 0.05633611
0.06491426 0.08115476 0.06038592 0.06671260 0.05633611
0.06491426 0.08115476 0.06038592 0.06671260 0.05633611
0.04285878 0.05610774 0.04255748 0.04567229 0.04459132
0.04285878 0.05610774 0.04255748 0.04567229 0.04459132
0.04532336 0.06108616 0.04439997 0.04886041 0.04473319
0.04532336 0.06108616 0.04439997 0.04886041 0.04473319
0.04211005 0.06671648 0.04469936 0.05355067 0.04375176
0.04211005 0.06671648 0.04469936 0.05355067 0.04375176
0.04211005 0.06671648 0.04469936 0.05355067 0.04375176
0.04211005 0.06671648 0.04469936 0.05355067 0.04375176
0.04211005 0.06671648 0.04469936 0.05355067 0.04375176
0.04211005 0.06671648 0.04469936 0.05355067 0.04375176
0.04889843 0.05866510 0.03811645 0.04853208 0.04224909
0.06083735 0.06622210 0.03855030 0.05919642 0.04977087
0.06690278 0.06627179 0.04327752 0.06170473 0.05169218
0.06690278 0.06627179 0.04327752 0.06170473 0.05169218
0.06690278 0.06627179 0.04327752 0.06170473 0.05169218
0.06690278 0.06627179 0.04327752 0.06170473 0.05169218
0.06690278 0.06627179 0.04327752 0.06170473 0.05169218
0.06690278 0.06627179 0.04327752 0.06170473 0.05169218
0.06690278 0.06627179 0.04327752 0.06170473 0.05169218
0.06690278 0.06627179 0.04327752 0.06170473 0.05169218
0.08563051 0.07758637 0.03763163 0.06324300 0.05825163
0.08563051 0.07758637 0.03763163 0.06324300 0.05825163
0.08563051 0.07758637 0.03763163 0.06324300 0.05825163
0.08703898 0.08575833 0.04000596 0.06232797 0.06861271
0.09384127 0.08963471 0.04123382 0.06471720 0.07120678
0.09384127 0.08963471 0.04123382 0.06471720 0.07120678
0.09384127 0.08963471 0.04123382 0.06471720 0.07120678
0.09384127 0.08963471 0.04123382 0.06471720 0.07120678
0.09384127 0.08963471 0.04123382 0.06471720 0.07120678
0.09384127 0.08963471 0.04123382 0.06471720 0.07120678
0.09776152 0.09216353 0.03986892 0.08777613 0.05320925
0.11152207 0.09069171 0.04114011 0.09095442 0.04889363
0.11163927 0.09424201 0.04265569 0.09649300 0.05075274
0.11163927 0.09424201 0.04265569 0.09649300 0.05075274
0.11163927 0.09424201 0.04265569 0.09649300 0.05075274
0.11163927 0.09424201 0.04265569 0.09649300 0.05075274
0.11163927 0.09424201 0.04265569 0.09649300 0.05075274
0.11163927 0.09424201 0.04265569 0.09649300 0.05075274
0.11163927 0.09424201 0.04265569 0.09649300 0.05075274
0.11163927 0.09424201 0.04265569 0.09649300 0.05075274
0.03894503 0.04604098 0.03652958 0.04047701 0.04047540
0.03894503 0.04604098 0.03652958 0.04047701 0.04047540
0.03958526 0.05982110 0.04181726 0.03867413 0.04061445
0.03958526 0.05982110 0.04181726 0.03867413 0.04061445
0.03828846 0.05965667 0.05548641 0.03885602 0.04239467
0.03828846 0.05965667 0.05548641 0.03885602 0.04239467
0.03828846 0.05965667 0.05548641 0.03885602 0.04239467
0.03828846 0.05965667 0.05548641 0.03885602 0.04239467
0.03828846 0.05965667 0.05548641 0.03885602 0.04239467
0.03828846 0.05965667 0.05548641 0.03885602 0.04239467
0.03767097 0.04791386 0.04014066 0.05279161 0.04037238
0.03767097 0.04791386 0.04014066 0.05279161 0.04037238
0.03767097 0.04791386 0.04014066 0.05279161 0.04037238
0.03767097 0.04791386 0.04014066 0.05279161 0.04037238
0.03767097 0.04791386 0.04014066 0.05279161 0.04037238
0.03767097 0.04791386 0.04014066 0.05279161 0.04037238
0.03767097 0.04791386 0.04014066 0.05279161 0.04037238
0.03767097 0.04791386 0.04014066 0.05279161 0.04037238
0.03767097 0.04791386 0.04014066 0.05279161 0.04037238
0.03767097 0.04791386 0.04014066 0.05279161 0.04037238
0.03767097 0.04791386 0.04014066 0.05279161 0.04037238
0.04298235 0.04827814 0.05089606 0.05455285 0.04018108
0.04018962 0.05082427 0.05284151 0.05323232 0.04479981
0.04018962 0.05082427 0.05284151 0.05323232 0.04479981
0.03686955 0.05895073 0.05867702 0.04495475 0.04313154
0.03686955 0.05895073 0.05867702 0.04495475 0.04313154
0.03686955 0.05895073 0.05867702 0.04495475 0.04313154
0.03686955 0.05895073 0.05867702 0.04495475 0.04313154
0.03686955 0.05895073 0.05867702 0.04495475 0.04313154
0.03686955 0.05895073 0.05867702 0.04495475 0.04313154
0.04824369 0.06715536 0.04082070 0.05365160 0.05140453
0.04345323 0.07076793 0.03704926 0.05055667 0.03855322
0.04345323 0.07076793 0.03704926 0.05055667 0.03855322
0.04307153 0.08601188 0.03684407 0.06512929 0.04282903
0.04307153 0.08601188 0.03684407 0.06512929 0.04282903
0.04307153 0.08601188 0.03684407 0.06512929 0.04282903
0.04307153 0.08601188 0.03684407 0.06512929 0.04282903
0.04307153 0.08601188 0.03684407 0.06512929 0.04282903
0.04307153 0.08601188 0.03684407 0.06512929 0.04282903
0.04307153 0.08601188 0.03684407 0.06512929 0.04282903
0.06288971 0.10402760 0.03675052 0.06429691 0.04602989
0.07626764 0.10570801 0.03888896 0.07199474 0.04055188
0.03820750 0.05594653 0.03478919 0.04068788 0.04109716
0.03820750 0.05594653 0.03478919 0.04068788 0.04109716
0.04402129 0.04973137 0.03498181 0.04051355 0.04030675
0.04402129 0.04973137 0.03498181 0.04051355 0.04030675
0.04402129 0.04973137 0.03498181 0.04051355 0.04030675
0.04402129 0.04973137 0.03498181 0.04051355 0.04030675
0.04402129 0.04973137 0.03498181 0.04051355 0.04030675
0.04402129 0.04973137 0.03498181 0.04051355 0.04030675
0.03479251 0.05130793 0.03533706 0.04027125 0.03721427
0.03506537 0.05472950 0.03650599 0.03856047 0.03724016
0.03436492 0.06569855 0.04087507 0.04007409 0.03724485
0.03549969 0.07224399 0.04922975 0.04162029 0.03686062
0.03549969 0.07224399 0.04922975 0.04162029 0.03686062
0.03549969 0.07224399 0.04922975 0.04162029 0.03686062
0.03549969 0.07224399 0.04922975 0.04162029 0.03686062
0.03549969 0.07224399 0.04922975 0.04162029 0.03686062
0.03549969 0.07224399 0.04922975 0.04162029 0.03686062
0.03549969 0.07224399 0.04922975 0.04162029 0.03686062
0.03321761 0.06130211 0.03578842 0.04747985 0.03963590
0.03321761 0.06130211 0.03578842 0.04747985 0.03963590
0.03379698 0.05391327 0.03579594 0.04185871 0.04419832
0.03379698 0.05391327 0.03579594 0.04185871 0.04419832
0.03488986 0.05834450 0.04112959 0.04045972 0.04549585
0.03488986 0.05834450 0.04112959 0.04045972 0.04549585
0.03488986 0.05834450 0.04112959 0.04045972 0.04549585
0.03488986 0.05834450 0.04112959 0.04045972 0.04549585
0.03488986 0.05834450 0.04112959 0.04045972 0.04549585
0.03488986 0.05834450 0.04112959 0.04045972 0.04549585
0.03653129 0.05543201 0.03640097 0.04113316 0.04059495
0.03328267 0.04250397 0.03470463 0.03756991 0.04203054
0.03316140 0.04157621 0.03530815 0.04301028 0.03851918
0.03316140 0.04157621 0.03530815 0.04301028 0.03851918
0.03586261 0.04043711 0.03737861 0.04892141 0.03800921
0.03586261 0.04043711 0.03737861 0.04892141 0.03800921
0.03586261 0.04043711 0.03737861 0.04892141 0.03800921
0.03586261 0.04043711 0.03737861 0.04892141 0.03800921
0.03586261 0.04043711 0.03737861 0.04892141 0.03800921
0.03586261 0.04043711 0.03737861 0.04892141 0.03800921
0.03394110 0.05246932 0.03566321 0.04371558 0.03968750
0.03394110 0.05246932 0.03566321 0.04371558 0.03968750
0.03387317 0.04987774 0.03609640 0.04636299 0.04370156
0.03256484 0.04963012 0.04121292 0.04085855 0.04259935
0.03256484 0.04963012 0.04121292 0.04085855 0.04259935
0.03256484 0.04963012 0.04121292 0.04085855 0.04259935
0.03256484 0.04963012 0.04121292 0.04085855 0.04259935
0.03256484 0.04963012 0.04121292 0.04085855 0.04259935
0.03256484 0.04963012 0.04121292 0.04085855 0.04259935
0.03256484 0.04963012 0.04121292 0.04085855 0.04259935
0.03376001 0.05911048 0.04624383 0.04011465 0.04082024
0.03461505 0.05901766 0.04616917 0.03642663 0.04502055
0.03461505 0.05901766 0.04616917 0.03642663 0.04502055
0.03461505 0.05901766 0.04616917 0.03642663 0.04502055
0.03396856 0.06812572 0.04890052 0.04118448 0.04646335
0.03396856 0.06812572 0.04890052 0.04118448 0.04646335
0.03396856 0.06812572 0.04890052 0.04118448 0.04646335
0.03396856 0.06812572 0.04890052 0.04118448 0.04646335
0.03396856 0.06812572 0.04890052 0.04118448 0.04646335
0.03396856 0.06812572 0.04890052 0.04118448 0.04646335
0.03509822 0.06932530 0.04679200 0.03669900 0.04645615
0.03396970 0.05947478 0.04369252 0.03736104 0.04799343
0.03396970 0.05947478 0.04369252 0.03736104 0.04799343
0.03396970 0.05947478 0.04369252 0.03736104 0.04799343
0.03396970 0.05947478 0.04369252 0.03736104 0.04799343
0.03396970 0.05947478 0.04369252 0.03736104 0.04799343
0.03396970 0.05947478 0.04369252 0.03736104 0.04799343
0.03396970 0.05947478 0.04369252 0.03736104 0.04799343
0.03396970 0.05947478 0.04369252 0.03736104 0.04799343
0.03396970 0.05947478 0.04369252 0.03736104 0.04799343
0.03472915 0.03509419 0.03556951 0.04284154 0.03645612
0.03472915 0.03509419 0.03556951 0.04284154 0.03645612
0.03249580 0.03416828 0.03543101 0.03769275 0.03645808
0.03249580 0.03416828 0.03543101 0.03769275 0.03645808
0.03242403 0.03609439 0.03567792 0.03617224 0.03673294
0.03242403 0.03609439 0.03567792 0.03617224 0.03673294
0.03242403 0.03609439 0.03567792 0.03617224 0.03673294
0.03242403 0.03609439 0.03567792 0.03617224 0.03673294
0.03242403 0.03609439 0.03567792 0.03617224 0.03673294
0.03242403 0.03609439 0.03567792 0.03617224 0.03673294
0.03252779 0.04180338 0.04483534 0.04118568 0.05540179
0.03252779 0.04180338 0.04483534 0.04118568 0.05540179
0.03252779 0.04180338 0.04483534 0.04118568 0.05540179
0.03417646 0.04360728 0.04364748 0.04580401 0.05359038
0.03526428 0.03773801 0.04585547 0.05094164 0.04468361
0.03526428 0.03773801 0.04585547 0.05094164 0.04468361
0.03526428 0.03773801 0.04585547 0.05094164 0.04468361
0.03526428 0.03773801 0.04585547 0.05094164 0.04468361
0.03526428 0.03773801 0.04585547 0.05094164 0.04468361
0.03526428 0.03773801 0.04585547 0.05094164 0.04468361
0.03526428 0.03773801 0.04585547 0.05094164 0.04468361
0.05221879 0.03601231 0.04864123 0.05961009 0.05419761
0.05321937 0.03510574 0.03717053 0.05884709 0.04914746
0.05405393 0.03800316 0.03761883 0.06377563 0.05290735
0.05405393 0.03800316 0.03761883 0.06377563 0.05290735
0.05405393 0.03800316 0.03761883 0.06377563 0.05290735
0.05405393 0.03800316 0.03761883 0.06377563 0.05290735
0.05405393 0.03800316 0.03761883 0.06377563 0.05290735
0.05405393 0.03800316 0.03761883 0.06377563 0.05290735
0.05405393 0.03800316 0.03761883 0.06377563 0.05290735
0.04240268 0.05348941 0.04207773 0.04679344 0.04320975
0.04240268 0.05348941 0.04207773 0.04679344 0.04320975
0.04240268 0.05348941 0.04207773 0.04679344 0.04320975
0.04240268 0.05348941 0.04207773 0.04679344 0.04320975
0.04010143 0.04908704 0.04480280 0.05275957 0.04326953
0.04010143 0.04908704 0.04480280 0.05275957 0.04326953
0.04010143 0.04908704 0.04480280 0.05275957 0.04326953
0.04010143 0.04908704 0.04480280 0.05275957 0.04326953
0.04010143 0.04908704 0.04480280 0.05275957 0.04326953
0.04010143 0.04908704 0.04480280 0.05275957 0.04326953
0.03767698 0.04026644 0.05714595 0.07131090 0.04314552
0.03216990 0.04124213 0.04616128 0.07805816 0.04180080
0.03416500 0.03569585 0.04724984 0.06926012 0.04484673
0.03784502 0.03566451 0.04346177 0.06403373 0.04254476
0.03743593 0.03517806 0.03672010 0.05865656 0.04098742
0.03743593 0.03517806 0.03672010 0.05865656 0.04098742
0.03743593 0.03517806 0.03672010 0.05865656 0.04098742
0.03743593 0.03517806 0.03672010 0.05865656 0.04098742
0.03743593 0.03517806 0.03672010 0.05865656 0.04098742
0.03743593 0.03517806 0.03672010 0.05865656 0.04098742
0.03409409 0.03678608 0.03750348 0.04254053 0.05236483
0.03409409 0.03678608 0.03750348 0.04254053 0.05236483
0.03409409 0.03678608 0.03750348 0.04254053 0.05236483
0.03774768 0.03638610 0.04268764 0.04711214 0.05612203
0.03774768 0.03638610 0.04268764 0.04711214 0.05612203
0.03774768 0.03638610 0.04268764 0.04711214 0.05612203
0.03774768 0.03638610 0.04268764 0.04711214 0.05612203
0.03774768 0.03638610 0.04268764 0.04711214 0.05612203
0.03774768 0.03638610 0.04268764 0.04711214 0.05612203
0.03774768 0.03638610 0.04268764 0.04711214 0.05612203
0.04275856 0.05689725 0.06245688 0.03914691 0.04405659
0.04275856 0.05689725 0.06245688 0.03914691 0.04405659
0.03478825 0.04037448 0.04755150 0.03589969 0.04465651
0.03369407 0.04042949 0.04337012 0.04029432 0.05497419
0.03369407 0.04042949 0.04337012 0.04029432 0.05497419
0.03369407 0.04042949 0.04337012 0.04029432 0.05497419
0.03369407 0.04042949 0.04337012 0.04029432 0.05497419
0.03369407 0.04042949 0.04337012 0.04029432 0.05497419
0.03369407 0.04042949 0.04337012 0.04029432 0.05497419
0.03369407 0.04042949 0.04337012 0.04029432 0.05497419
0.04817648 0.03558370 0.04053760 0.05734920 0.05112250
0.03969624 0.03739085 0.04419811 0.06625584 0.05133185
0.03969624 0.03739085 0.04419811 0.06625584 0.05133185
0.03934503 0.03660100 0.04413383 0.07051580 0.04796173
0.03722478 0.04147017 0.04353591 0.07946427 0.04292651
0.03722478 0.04147017 0.04353591 0.07946427 0.04292651
0.03722478 0.04147017 0.04353591 0.07946427 0.04292651
0.03722478 0.04147017 0.04353591 0.07946427 0.04292651
0.03722478 0.04147017 0.04353591 0.07946427 0.04292651
0.03722478 0.04147017 0.04353591 0.07946427 0.04292651
0.04685194 0.03845212 0.04437199 0.07287140 0.04317786
0.03479177 0.03846144 0.04471134 0.06207880 0.04658348
0.03212223 0.04526503 0.04667065 0.03672882 0.03855654
