0.00000000 0.00000000 0.00000000 0.00000000 0.00000000
0.00000000 0.00000000 0.00000000 0.00000000 0.00000000
0.00000000 0.00000000 0.00000000 0.00000000 0.00000000
0.25581683 0.30837780 0.32540157 0.24963162 0.25395834
0.25520997 0.30790422 0.32539069 0.25762470 0.24957086
0.25520997 0.30790422 0.32539069 0.25762470 0.24957086
0.25520997 0.30790422 0.32539069 0.25762470 0.24957086
0.25520997 0.30790422 0.32539069 0.25762470 0.24957086
0.25520997 0.30790422 0.32539069 0.25762470 0.24957086
0.25520997 0.30790422 0.32539069 0.25762470 0.24957086
0.25520997 0.30790422 0.32539069 0.25762470 0.24957086
0.25520997 0.30790422 0.32539069 0.25762470 0.24957086
0.25520997 0.30790422 0.32539069 0.25762470 0.24957086
0.25520997 0.30790422 0.32539069 0.25762470 0.24957086
0.25520997 0.30790422 0.32539069 0.25762470 0.24957086
0.25520997 0.30790422 0.32539069 0.25762470 0.24957086
0.25520997 0.30790422 0.32539069 0.25762470 0.24957086
0.26621844 0.26804847 0.35010703 0.35355012 0.27950352
0.26621844 0.26804847 0.35010703 0.35355012 0.27950352
0.26621844 0.26804847 0.35010703 0.35355012 0.27950352
0.26981301 0.26805398 0.35047557 0.34822535 0.28144457
0.26956646 0.26452023 0.35161461 0.34740207 0.28150217
0.26956646 0.26452023 0.35161461 0.34740207 0.28150217
0.26956646 0.26452023 0.35161461 0.34740207 0.28150217
0.26956646 0.26452023 0.35161461 0.34740207 0.28150217
0.26956646 0.26452023 0.35161461 0.34740207 0.28150217
0.26956646 0.26452023 0.35161461 0.34740207 0.28150217
0.24481902 0.42004037 0.35310594 0.32068378 0.22189196
0.24481902 0.42004037 0.35310594 0.32068378 0.22189196
0.24425793 0.42714965 0.34826868 0.31963628 0.21607191
0.24649891 0.42804728 0.35049256 0.32288642 0.21854484
0.24674806 0.43605476 0.35030661 0.31515174 0.21784273
0.24674806 0.43605476 0.35030661 0.31515174 0.21784273
0.27360585 0.26731938 0.37388581 0.36326490 0.27703130
0.27360585 0.26731938 0.37388581 0.36326490 0.27703130
0.43443793 0.39969218 0.35799010 0.35740570 0.45904466
0.43352550 0.40033479 0.35591207 0.36020699 0.46120441
0.43352550 0.40033479 0.35591207 0.36020699 0.46120441
0.43352550 0.40033479 0.35591207 0.36020699 0.46120441
0.44015711 0.39144021 0.34046686 0.37294172 0.45556822
0.44943738 0.39552671 0.35089962 0.38452568 0.45498111
0.44943738 0.39552671 0.35089962 0.38452568 0.45498111
0.44073255 0.38538795 0.34634823 0.37759514 0.45877150
0.44073255 0.38538795 0.34634823 0.37759514 0.45877150
0.44863404 0.37858411 0.35426370 0.37968472 0.45350988
0.44863404 0.37858411 0.35426370 0.37968472 0.45350988
0.44863404 0.37858411 0.35426370 0.37968472 0.45350988
0.44863404 0.37858411 0.35426370 0.37968472 0.45350988
0.44863404 0.37858411 0.35426370 0.37968472 0.45350988
0.44863404 0.37858411 0.35426370 0.37968472 0.45350988
0.45217739 0.38517249 0.36686642 0.39054567 0.45481465
0.45217739 0.38517249 0.36686642 0.39054567 0.45481465
0.46812371 0.38539409 0.37001040 0.40301691 0.45140229
0.46812371 0.38539409 0.37001040 0.40301691 0.45140229
0.46812371 0.38539409 0.37001040 0.40301691 0.45140229
0.46812371 0.38539409 0.37001040 0.40301691 0.45140229
0.46812371 0.38539409 0.37001040 0.40301691 0.45140229
0.46926893 0.39701724 0.37964519 0.39691941 0.44596875
0.41914430 0.33285698 0.29052633 0.30655064 0.44245496
0.41914430 0.33285698 0.29052633 0.30655064 0.44245496
0.41914430 0.33285698 0.29052633 0.30655064 0.44245496
0.41914430 0.33285698 0.29052633 0.30655064 0.44245496
0.41412220 0.32663516 0.27826749 0.30244770 0.44555808
0.41412220 0.32663516 0.27826749 0.30244770 0.44555808
0.42761055 0.33938741 0.27371322 0.30463716 0.43676249
0.42761055 0.33938741 0.27371322 0.30463716 0.43676249
0.42761055 0.33938741 0.27371322 0.30463716 0.43676249
0.33538847 0.28110026 0.23095137 0.22557549 0.41047946
0.33538847 0.28110026 0.23095137 0.22557549 0.41047946
0.33554957 0.29278644 0.23832676 0.22005902 0.40556957
0.33915146 0.28682848 0.24108481 0.21678068 0.39780809
0.33915146 0.28682848 0.24108481 0.21678068 0.39780809
0.33994982 0.27951677 0.24175055 0.20743571 0.39164121
0.33536485 0.28588894 0.24449900 0.20841719 0.40164594
0.33536485 0.28588894 0.24449900 0.20841719 0.40164594
0.35198308 0.28325107 0.23338586 0.19880104 0.39484571
0.35198308 0.28325107 0.23338586 0.19880104 0.39484571
0.36000738 0.26309070 0.22125971 0.21238588 0.38743170
0.34840019 0.26986041 0.21964394 0.20097307 0.39282918
0.34840019 0.26986041 0.21964394 0.20097307 0.39282918
0.34840019 0.26986041 0.21964394 0.20097307 0.39282918
0.27139572 0.20649328 0.16587177 0.16279974 0.33609466
0.27139572 0.20649328 0.16587177 0.16279974 0.33609466
0.27139572 0.20649328 0.16587177 0.16279974 0.33609466
0.27139572 0.20649328 0.16587177 0.16279974 0.33609466
0.27253145 0.21163253 0.18570623 0.15822334 0.33518725
0.27253145 0.21163253 0.18570623 0.15822334 0.33518725
0.27253145 0.21163253 0.18570623 0.15822334 0.33518725
0.27253145 0.21163253 0.18570623 0.15822334 0.33518725
0.26568253 0.23039083 0.17361327 0.17120415 0.31738995
0.26568253 0.23039083 0.17361327 0.17120415 0.31738995
0.26568253 0.23039083 0.17361327 0.17120415 0.31738995
0.26568253 0.23039083 0.17361327 0.17120415 0.31738995
0.25959759 0.23601644 0.15979207 0.16636874 0.32388964
0.25959759 0.23601644 0.15979207 0.16636874 0.32388964
0.26363733 0.24553481 0.15079636 0.15377842 0.31682846
0.27010002 0.23130407 0.14673733 0.16374608 0.33522788
0.27010002 0.23130407 0.14673733 0.16374608 0.33522788
0.27456442 0.23630022 0.14623150 0.17056629 0.32942253
0.27456442 0.23630022 0.14623150 0.17056629 0.32942253
0.27456442 0.23630022 0.14623150 0.17056629 0.32942253
0.27456442 0.23630022 0.14623150 0.17056629 0.32942253
0.27883993 0.23311993 0.14828853 0.17509830 0.32669649
0.19354893 0.12525738 0.10359281 0.10675882 0.24327272
0.19354893 0.12525738 0.10359281 0.10675882 0.24327272
0.19354893 0.12525738 0.10359281 0.10675882 0.24327272
0.19354893 0.12525738 0.10359281 0.10675882 0.24327272
0.19354893 0.12525738 0.10359281 0.10675882 0.24327272
0.19354893 0.12525738 0.10359281 0.10675882 0.24327272
0.19795800 0.10567719 0.10627529 0.11263403 0.24577003
0.19795800 0.10567719 0.10627529 0.11263403 0.24577003
0.19795800 0.10567719 0.10627529 0.11263403 0.24577003
0.19795800 0.10567719 0.10627529 0.11263403 0.24577003
0.21692144 0.11689523 0.11678017 0.10025321 0.24684870
0.21592339 0.12629105 0.12456006 0.10524209 0.25390507
0.21592339 0.12629105 0.12456006 0.10524209 0.25390507
0.21592339 0.12629105 0.12456006 0.10524209 0.25390507
0.21592339 0.12629105 0.12456006 0.10524209 0.25390507
0.21592339 0.12629105 0.12456006 0.10524209 0.25390507
0.21592339 0.12629105 0.12456006 0.10524209 0.25390507
0.21592339 0.12629105 0.12456006 0.10524209 0.25390507
0.21592339 0.12629105 0.12456006 0.10524209 0.25390507
0.19987716 0.12285970 0.10889758 0.10453325 0.25117644
0.11556732 0.08397500 0.07262916 0.08974948 0.17722203
0.11556732 0.08397500 0.07262916 0.08974948 0.17722203
0.11830116 0.09087153 0.07621995 0.09914962 0.17704265
0.11830116 0.09087153 0.07621995 0.09914962 0.17704265
0.11830116 0.09087153 0.07621995 0.09914962 0.17704265
0.11724503 0.10789829 0.08844807 0.12151497 0.17111631
0.11724503 0.10789829 0.08844807 0.12151497 0.17111631
0.11151445 0.11565320 0.10378739 0.12537768 0.18026335
0.11151445 0.11565320 0.10378739 0.12537768 0.18026335
0.11151445 0.11565320 0.10378739 0.12537768 0.18026335
0.11151445 0.11565320 0.10378739 0.12537768 0.18026335
0.11151445 0.11565320 0.10378739 0.12537768 0.18026335
0.08623852 0.06615312 0.05222144 0.07511153 0.13075937
0.09179612 0.06881080 0.05414790 0.08678044 0.12908548
0.08751385 0.07048715 0.05429253 0.09595832 0.12947277
0.08539912 0.07114308 0.05643949 0.09384328 0.12511309
0.08539912 0.07114308 0.05643949 0.09384328 0.12511309
0.09535360 0.07089289 0.05155410 0.09472997 0.11894999
0.09535360 0.07089289 0.05155410 0.09472997 0.11894999
0.09557797 0.07324061 0.05205234 0.10140230 0.11817730
0.09557797 0.07324061 0.05205234 0.10140230 0.11817730
0.09557797 0.07324061 0.05205234 0.10140230 0.11817730
0.09948028 0.06417782 0.04988043 0.09662481 0.10101301
0.09948028 0.06417782 0.04988043 0.09662481 0.10101301
0.09948028 0.06417782 0.04988043 0.09662481 0.10101301
0.09948028 0.06417782 0.04988043 0.09662481 0.10101301
0.09948028 0.06417782 0.04988043 0.09662481 0.10101301
0.07154248 0.04805553 0.04353568 0.04513504 0.07357764
0.07496198 0.05092143 0.04530608 0.04431079 0.07303119
0.07496198 0.05092143 0.04530608 0.04431079 0.07303119
0.07496198 0.05092143 0.04530608 0.04431079 0.07303119
0.07080021 0.04648891 0.04620629 0.04427210 0.07495929
0.07735312 0.04429148 0.04314904 0.04373186 0.06728023
0.05572595 0.04310775 0.04122326 0.04757516 0.06554671
0.05729547 0.04577609 0.04017842 0.04289681 0.06097069
0.06207490 0.04848985 0.04109845 0.04299045 0.06791128
0.07024809 0.04372492 0.04345382 0.04340762 0.06945785
0.07024809 0.04372492 0.04345382 0.04340762 0.06945785
0.06606328 0.04286671 0.03989830 0.04447968 0.06881322
0.06381808 0.04323010 0.03983922 0.04357556 0.05301580
0.06381808 0.04323010 0.03983922 0.04357556 0.05301580
0.06997319 0.04197468 0.03983953 0.04782265 0.04948539
0.07668382 0.04192371 0.04027906 0.04430738 0.05620194
0.06763866 0.04194533 0.04067279 0.04711657 0.06772648
0.06231217 0.04171391 0.04229204 0.05124743 0.06443573
0.05514531 0.04122306 0.04251178 0.05532332 0.06499452
0.05431961 0.04114497 0.04669369 0.05813251 0.06056725
0.05042715 0.04109531 0.05073153 0.05850907 0.05414112
0.05042715 0.04109531 0.05073153 0.05850907 0.05414112
0.05042715 0.04109531 0.05073153 0.05850907 0.05414112
0.05479584 0.04115773 0.06587257 0.06456559 0.05377702
0.05479584 0.04115773 0.06587257 0.06456559 0.05377702
0.04573884 0.04074025 0.04018385 0.04559694 0.04863931
0.04714916 0.04106496 0.03944803 0.04225158 0.04410397
0.04901972 0.04053823 0.03871228 0.04237968 0.04497272
0.05106450 0.04066307 0.03920881 0.05022676 0.04574671
0.04355051 0.04051747 0.04056839 0.04960805 0.06265462
0.04339361 0.04196411 0.04029389 0.04957808 0.06330314
0.03945815 0.04060401 0.03845524 0.04310512 0.04831534
0.03945815 0.04060401 0.03845524 0.04310512 0.04831534
0.03945815 0.04060401 0.03845524 0.04310512 0.04831534
0.03945815 0.04060401 0.03845524 0.04310512 0.04831534
0.04341079 0.04079803 0.03920166 0.04958517 0.05009306
0.04341079 0.04079803 0.03920166 0.04958517 0.05009306
0.04215291 0.03978714 0.03888316 0.05243582 0.05122953
0.04215291 0.03978714 0.03888316 0.05243582 0.05122953
0.04385365 0.03904749 0.03949326 0.05458722 0.05390332
0.04809759 0.03913128 0.03968360 0.05105759 0.05536907
0.04632261 0.04080514 0.03968955 0.05287067 0.06086193
0.04632261 0.04080514 0.03968955 0.05287067 0.06086193
0.04632261 0.04080514 0.03968955 0.05287067 0.06086193
0.04632261 0.04080514 0.03968955 0.05287067 0.06086193
0.04043464 0.04113692 0.03936153 0.04850323 0.07198139
0.04266436 0.04268319 0.04096347 0.04417036 0.06161804
0.04083048 0.04608781 0.03943289 0.04501398 0.05868242
0.04083048 0.04608781 0.03943289 0.04501398 0.05868242
0.04083048 0.04608781 0.03943289 0.04501398 0.05868242
0.04083048 0.04608781 0.03943289 0.04501398 0.05868242
0.04083048 0.04608781 0.03943289 0.04501398 0.05868242
0.04083048 0.04608781 0.03943289 0.04501398 0.05868242
0.04311707 0.04687810 0.04060298 0.04323148 0.05977644
0.04311707 0.04687810 0.04060298 0.04323148 0.05977644
0.04311707 0.04687810 0.04060298 0.04323148 0.05977644
0.04311707 0.04687810 0.04060298 0.04323148 0.05977644
0.03884859 0.04096795 0.04266867 0.04156797 0.06431902
0.03884859 0.04096795 0.04266867 0.04156797 0.06431902
0.03884859 0.04096795 0.04266867 0.04156797 0.06431902
0.03884859 0.04096795 0.04266867 0.04156797 0.06431902
0.03884859 0.04096795 0.04266867 0.04156797 0.06431902
0.03908716 0.04050770 0.04138375 0.04129293 0.06555915
0.03908716 0.04050770 0.04138375 0.04129293 0.06555915
0.03907881 0.04033077 0.03915587 0.04196303 0.05863286
0.03907881 0.04033077 0.03915587 0.04196303 0.05863286
0.03907881 0.04033077 0.03915587 0.04196303 0.05863286
0.03907881 0.04033077 0.03915587 0.04196303 0.05863286
0.04054088 0.04100303 0.04097094 0.04269672 0.06307440
0.04002668 0.04552087 0.03893662 0.04536972 0.06242448
0.04002668 0.04552087 0.03893662 0.04536972 0.06242448
0.04002668 0.04552087 0.03893662 0.04536972 0.06242448
0.04002668 0.04552087 0.03893662 0.04536972 0.06242448
0.03928426 0.04457175 0.03907938 0.04726142 0.06100357
0.04114187 0.04769101 0.03924084 0.04416422 0.06842651
0.04114187 0.04769101 0.03924084 0.04416422 0.06842651
0.04498766 0.04398491 0.03873410 0.04429982 0.04960096
0.04498766 0.04398491 0.03873410 0.04429982 0.04960096
0.04498766 0.04398491 0.03873410 0.04429982 0.04960096
0.04498766 0.04398491 0.03873410 0.04429982 0.04960096
0.04141639 0.04303014 0.04077920 0.04378196 0.04359345
0.04909348 0.04388348 0.03853456 0.05274545 0.05635335
0.05187672 0.04093771 0.03980332 0.05342916 0.06320277
0.05187672 0.04093771 0.03980332 0.05342916 0.06320277
0.05187672 0.04093771 0.03980332 0.05342916 0.06320277
0.05187672 0.04093771 0.03980332 0.05342916 0.06320277
0.05187672 0.04093771 0.03980332 0.05342916 0.06320277
0.05187672 0.04093771 0.03980332 0.05342916 0.06320277
0.06058229 0.04149959 0.03894506 0.05220018 0.07082591
0.05885806 0.04465387 0.04040602 0.05039487 0.06895913
0.05168420 0.04123425 0.03877777 0.04577295 0.05986762
0.05168420 0.04123425 0.03877777 0.04577295 0.05986762
0.05168420 0.04123425 0.03877777 0.04577295 0.05986762
0.04652986 0.04180431 0.04210035 0.04420480 0.05151732
0.05644142 0.04098089 0.03984709 0.04817849 0.05512004
0.05644142 0.04098089 0.03984709 0.04817849 0.05512004
0.04932475 0.04096499 0.04774584 0.05444649 0.04624140
0.05654115 0.04378339 0.03913158 0.06250983 0.04623824
0.04701249 0.04091728 0.04034047 0.05687307 0.04594427
0.04701249 0.04091728 0.04034047 0.05687307 0.04594427
0.04701249 0.04091728 0.04034047 0.05687307 0.04594427
0.04701249 0.04091728 0.04034047 0.05687307 0.04594427
0.05679259 0.04052850 0.03979870 0.06172167 0.04564662
0.05730124 0.04120243 0.04163980 0.06800378 0.04617854
0.05730124 0.04120243 0.04163980 0.06800378 0.04617854
0.05730124 0.04120243 0.04163980 0.06800378 0.04617854
0.06379101 0.04218581 0.04006545 0.08359252 0.05624089
0.06955417 0.04222052 0.03912384 0.08154582 0.05242652
0.06211256 0.04373529 0.03933819 0.07353277 0.04523602
0.05201538 0.04222105 0.04209172 0.06316047 0.04822897
0.05201538 0.04222105 0.04209172 0.06316047 0.04822897
0.05124341 0.04312710 0.04250622 0.06310039 0.04983570
0.05124341 0.04312710 0.04250622 0.06310039 0.04983570
0.05124341 0.04312710 0.04250622 0.06310039 0.04983570
0.03759235 0.04173657 0.03833745 0.04195041 0.05087655
0.03759235 0.04173657 0.03833745 0.04195041 0.05087655
0.03959023 0.04196745 0.03864358 0.04654197 0.05282543
0.03959023 0.04196745 0.03864358 0.04654197 0.05282543
0.03788812 0.04474922 0.04145319 0.05270752 0.06034655
0.03788812 0.04474922 0.04145319 0.05270752 0.06034655
0.03746432 0.04009445 0.04166231 0.04762553 0.05537823
0.04067576 0.04076834 0.04544425 0.04595460 0.04981840
0.03859021 0.04058880 0.04068587 0.04666368 0.05096402
0.03859021 0.04058880 0.04068587 0.04666368 0.05096402
0.03859021 0.04058880 0.04068587 0.04666368 0.05096402
0.03731874 0.04056912 0.03829513 0.04117014 0.04255365
0.03795948 0.04159707 0.04208450 0.04106641 0.04255447
0.03746762 0.04065862 0.04507534 0.04029492 0.04236232
0.03746762 0.04065862 0.04507534 0.04029492 0.04236232
0.03783635 0.04049080 0.04696661 0.04067278 0.04208880
0.03751739 0.04203518 0.04845397 0.03978069 0.04255275
0.03751739 0.04203518 0.04845397 0.03978069 0.04255275
0.03794897 0.04167105 0.05842265 0.04026243 0.04364991
0.03686838 0.04154136 0.05883986 0.04046103 0.04271688
0.03686838 0.04154136 0.05883986 0.04046103 0.04271688
0.03697123 0.04095780 0.06564429 0.04121922 0.04402799
0.03725312 0.04202208 0.06973595 0.04037004 0.04394386
0.03931466 0.04053869 0.06690754 0.04002288 0.04842618
0.03948056 0.04106748 0.05917721 0.04012492 0.05092715
0.03948056 0.04106748 0.05917721 0.04012492 0.05092715
0.03709423 0.04226219 0.05873484 0.03992987 0.05643653
0.03643084 0.05048992 0.04392401 0.03958935 0.04974846
0.03611886 0.05142507 0.04262944 0.04011046 0.04765950
0.03611886 0.05142507 0.04262944 0.04011046 0.04765950
0.03611886 0.05142507 0.04262944 0.04011046 0.04765950
0.03649378 0.05158724 0.04188661 0.04134358 0.04338459
0.03649378 0.05158724 0.04188661 0.04134358 0.04338459
0.03774206 0.04966119 0.04454404 0.04032799 0.04812103
0.04110958 0.05354661 0.05140972 0.04292660 0.04536599
0.04983703 0.04843893 0.04975994 0.04282454 0.04496687
0.04983703 0.04843893 0.04975994 0.04282454 0.04496687
0.04983703 0.04843893 0.04975994 0.04282454 0.04496687
0.04370507 0.04713946 0.05198779 0.04395238 0.04376255
0.04370507 0.04713946 0.05198779 0.04395238 0.04376255
0.04370507 0.04713946 0.05198779 0.04395238 0.04376255
0.04370507 0.04713946 0.05198779 0.04395238 0.04376255
0.04227793 0.04735754 0.05360010 0.04194069 0.04298721
0.04456191 0.05230422 0.05309232 0.04164302 0.04317157
0.04059056 0.04847825 0.04812430 0.04475213 0.04432345
0.04059056 0.04847825 0.04812430 0.04475213 0.04432345
0.04094769 0.05220747 0.05485197 0.04574652 0.04415215
0.03736713 0.05380331 0.05205010 0.04224272 0.04328492
0.03865399 0.05403030 0.05057649 0.04488487 0.04316862
0.03670389 0.05686538 0.05541468 0.04724299 0.04251076
0.03670389 0.05686538 0.05541468 0.04724299 0.04251076
0.03670389 0.05686538 0.05541468 0.04724299 0.04251076
0.03670389 0.05686538 0.05541468 0.04724299 0.04251076
0.03670389 0.05686538 0.05541468 0.04724299 0.04251076
0.03670389 0.05686538 0.05541468 0.04724299 0.04251076
0.04027839 0.04067411 0.03832684 0.04498833 0.04245071
0.04027839 0.04067411 0.03832684 0.04498833 0.04245071
0.04027839 0.04067411 0.03832684 0.04498833 0.04245071
0.03775133 0.03902200 0.03940205 0.04535775 0.04460435
0.03775133 0.03902200 0.03940205 0.04535775 0.04460435
0.03775133 0.03902200 0.03940205 0.04535775 0.04460435
0.03803685 0.03997587 0.03856311 0.04337361 0.04335407
0.03803685 0.03997587 0.03856311 0.04337361 0.04335407
0.03803685 0.03997587 0.03856311 0.04337361 0.04335407
0.03721074 0.03908158 0.03768831 0.04476710 0.04271467
0.03721074 0.03908158 0.03768831 0.04476710 0.04271467
0.03721074 0.03908158 0.03768831 0.04476710 0.04271467
0.03721074 0.03908158 0.03768831 0.04476710 0.04271467
0.03721074 0.03908158 0.03768831 0.04476710 0.04271467
0.04043644 0.03965387 0.03780127 0.04228501 0.04333522
0.04043644 0.03965387 0.03780127 0.04228501 0.04333522
0.04076897 0.03964923 0.04200215 0.04257257 0.04396423
0.04076897 0.03964923 0.04200215 0.04257257 0.04396423
0.04757378 0.04066826 0.04769971 0.04164929 0.04423063
0.04403856 0.04148218 0.04758802 0.04238150 0.04692015
0.04403856 0.04148218 0.04758802 0.04238150 0.04692015
0.04403856 0.04148218 0.04758802 0.04238150 0.04692015
0.04374599 0.04271776 0.05231964 0.04260347 0.04569485
0.04901449 0.04544769 0.04764239 0.04536000 0.04564301
0.04901449 0.04544769 0.04764239 0.04536000 0.04564301
0.05251786 0.04414046 0.04922676 0.04380292 0.04757079
0.05251786 0.04414046 0.04922676 0.04380292 0.04757079
0.05251786 0.04414046 0.04922676 0.04380292 0.04757079
0.05251786 0.04414046 0.04922676 0.04380292 0.04757079
0.05700266 0.04113893 0.05375139 0.04360732 0.04597643
0.06090759 0.04150229 0.05432169 0.04803543 0.04558980
0.03858819 0.04520343 0.04137510 0.04151890 0.04593391
0.03858819 0.04520343 0.04137510 0.04151890 0.04593391
0.03858819 0.04520343 0.04137510 0.04151890 0.04593391
0.03728671 0.04432506 0.03931918 0.04217554 0.04403985
0.03728671 0.04432506 0.03931918 0.04217554 0.04403985
0.03741388 0.04376396 0.03843293 0.04359598 0.04559267
0.03708450 0.04107772 0.03778172 0.04088782 0.05062957
0.03708450 0.04107772 0.03778172 0.04088782 0.05062957
0.03924217 0.04080780 0.03794959 0.04068398 0.05648732
0.03734955 0.04160168 0.03966124 0.04023672 0.05118807
0.03734955 0.04160168 0.03966124 0.04023672 0.05118807
0.03734955 0.04160168 0.03966124 0.04023672 0.05118807
0.03734955 0.04160168 0.03966124 0.04023672 0.05118807
0.03734955 0.04160168 0.03966124 0.04023672 0.05118807
0.03764948 0.04129102 0.03807182 0.04015042 0.06058261
0.03901456 0.04007434 0.03819242 0.04077364 0.06555923
0.03751681 0.04124142 0.03738299 0.04125928 0.06230741
0.03751681 0.04124142 0.03738299 0.04125928 0.06230741
0.03751681 0.04124142 0.03738299 0.04125928 0.06230741
0.03751681 0.04124142 0.03738299 0.04125928 0.06230741
0.03751681 0.04124142 0.03738299 0.04125928 0.06230741
0.03751681 0.04124142 0.03738299 0.04125928 0.06230741
0.03751681 0.04124142 0.03738299 0.04125928 0.06230741
0.03751681 0.04124142 0.03738299 0.04125928 0.06230741
0.03751681 0.04124142 0.03738299 0.04125928 0.06230741
0.03751681 0.04124142 0.03738299 0.04125928 0.06230741
0.03751681 0.04124142 0.03738299 0.04125928 0.06230741
0.03721332 0.04472590 0.03766694 0.04770833 0.06085515
0.03721332 0.04472590 0.03766694 0.04770833 0.06085515
0.03749426 0.04642292 0.04000899 0.04672856 0.05487838
0.03770817 0.05136387 0.03856511 0.04955898 0.04956743
0.03770817 0.05136387 0.03856511 0.04955898 0.04956743
0.03770817 0.05136387 0.03856511 0.04955898 0.04956743
0.03770817 0.05136387 0.03856511 0.04955898 0.04956743
0.03787319 0.05301367 0.03845582 0.04829903 0.04351759
0.03787319 0.05301367 0.03845582 0.04829903 0.04351759
0.03868503 0.05123173 0.03834547 0.04945324 0.04401401
0.03688591 0.04028307 0.04306798 0.04107866 0.04309468
0.03688591 0.04028307 0.04306798 0.04107866 0.04309468
0.03832999 0.04230936 0.04926711 0.04048410 0.04408169
0.03689470 0.04038652 0.04305439 0.03978379 0.04395366
0.03689470 0.04038652 0.04305439 0.03978379 0.04395366
0.03689470 0.04038652 0.04305439 0.03978379 0.04395366
0.03689470 0.04038652 0.04305439 0.03978379 0.04395366
0.03689470 0.04038652 0.04305439 0.03978379 0.04395366
0.03689470 0.04038652 0.04305439 0.03978379 0.04395366
0.03674457 0.04102098 0.04531132 0.04142354 0.04384096
0.03674457 0.04102098 0.04531132 0.04142354 0.04384096
0.03674457 0.04102098 0.04531132 0.04142354 0.04384096
0.03674457 0.04102098 0.04531132 0.04142354 0.04384096
0.03778669 0.04218479 0.04336888 0.04004118 0.04357226
0.03778669 0.04218479 0.04336888 0.04004118 0.04357226
0.03638850 0.04142437 0.04956185 0.04183741 0.04300584
0.03638850 0.04142437 0.04956185 0.04183741 0.04300584
0.03638850 0.04142437 0.04956185 0.04183741 0.04300584
0.03689919 0.03883186 0.05293268 0.04928306 0.04305042
0.03655462 0.04004284 0.05522050 0.04228138 0.04293439
0.03655462 0.04004284 0.05522050 0.04228138 0.04293439
0.03711018 0.03959248 0.04961140 0.05440013 0.04390795
0.03679633 0.03884172 0.04606782 0.05310376 0.04494433
0.03679633 0.03884172 0.04606782 0.05310376 0.04494433
0.03993536 0.03983111 0.04057609 0.05605314 0.05210669
0.03993536 0.03983111 0.04057609 0.05605314 0.05210669
0.04092441 0.03934727 0.03949867 0.04959692 0.04868990
0.04461894 0.03937161 0.03859067 0.04824287 0.04584223
0.04323949 0.03936003 0.03769843 0.05830250 0.04329070
0.04323949 0.03936003 0.03769843 0.05830250 0.04329070
0.04340882 0.03987972 0.03871192 0.05336436 0.04319368
0.04340882 0.03987972 0.03871192 0.05336436 0.04319368
0.04340882 0.03987972 0.03871192 0.05336436 0.04319368
0.04827126 0.04165233 0.03785111 0.05430326 0.04339509
0.04827126 0.04165233 0.03785111 0.05430326 0.04339509
0.04827126 0.04165233 0.03785111 0.05430326 0.04339509
0.04827126 0.04165233 0.03785111 0.05430326 0.04339509
0.04827126 0.04165233 0.03785111 0.05430326 0.04339509
0.04827126 0.04165233 0.03785111 0.05430326 0.04339509
0.03957955 0.04155708 0.03974417 0.04684434 0.04366665
0.03795178 0.03858638 0.04753225 0.04577553 0.04313770
0.03795178 0.03858638 0.04753225 0.04577553 0.04313770
0.03795178 0.03858638 0.04753225 0.04577553 0.04313770
0.03773996 0.03868855 0.04524059 0.04743179 0.04586658
0.03703609 0.04294974 0.05851962 0.04087897 0.04481883
0.03589037 0.03880549 0.04316430 0.04012796 0.04260980
0.03728309 0.03952987 0.04095999 0.04216223 0.04310068
0.03732967 0.04369143 0.04066583 0.04128820 0.04380394
0.03732967 0.04369143 0.04066583 0.04128820 0.04380394
0.04006366 0.04709192 0.03914526 0.04379882 0.04288432
0.04006366 0.04709192 0.03914526 0.04379882 0.04288432
0.03573196 0.03791643 0.03738459 0.04119725 0.04319214
0.04221389 0.03784798 0.03608310 0.03964005 0.04145887
0.04880961 0.04073355 0.03652877 0.03844107 0.04138291
0.04958149 0.03970544 0.03669296 0.03871719 0.04234732
0.04958149 0.03970544 0.03669296 0.03871719 0.04234732
0.03993639 0.04133823 0.03800102 0.03854483 0.04205719
0.03993639 0.04133823 0.03800102 0.03854483 0.04205719
0.03993639 0.04133823 0.03800102 0.03854483 0.04205719
0.03993639 0.04133823 0.03800102 0.03854483 0.04205719
0.03993639 0.04133823 0.03800102 0.03854483 0.04205719
0.04324358 0.04590626 0.04367210 0.03855144 0.04163303
0.04324358 0.04590626 0.04367210 0.03855144 0.04163303
0.04324358 0.04590626 0.04367210 0.03855144 0.04163303
0.04324358 0.04590626 0.04367210 0.03855144 0.04163303
0.03933399 0.04753046 0.04349479 0.04012858 0.04192622
0.03933399 0.04753046 0.04349479 0.04012858 0.04192622
0.03933399 0.04753046 0.04349479 0.04012858 0.04192622
0.03688465 0.04678405 0.04793079 0.03872101 0.04385947
0.03690478 0.04756890 0.04849257 0.03864948 0.04402031
0.03690478 0.04756890 0.04849257 0.03864948 0.04402031
0.03611321 0.04173217 0.05304654 0.03875888 0.04403639
0.03611321 0.04173217 0.05304654 0.03875888 0.04403639
0.03611321 0.04173217 0.05304654 0.03875888 0.04403639
0.03638734 0.04113516 0.06007273 0.03837101 0.04662070
0.03638734 0.04113516 0.06007273 0.03837101 0.04662070
0.03663647 0.04479288 0.05662263 0.03817875 0.04967729
0.03674509 0.05082453 0.05152849 0.03958900 0.05011941
0.03674509 0.05082453 0.05152849 0.03958900 0.05011941
0.03674509 0.05082453 0.05152849 0.03958900 0.05011941
0.03674509 0.05082453 0.05152849 0.03958900 0.05011941
0.03674509 0.05082453 0.05152849 0.03958900 0.05011941
0.03674509 0.05082453 0.05152849 0.03958900 0.05011941
0.03674509 0.05082453 0.05152849 0.03958900 0.05011941
0.03687829 0.04696920 0.05419256 0.03857313 0.04756477
0.03687829 0.04696920 0.05419256 0.03857313 0.04756477
0.03687829 0.04696920 0.05419256 0.03857313 0.04756477
0.03687829 0.04696920 0.05419256 0.03857313 0.04756477
0.03762723 0.04727674 0.05820202 0.03857641 0.04754989
0.03762723 0.04727674 0.05820202 0.03857641 0.04754989
0.03855878 0.04190925 0.05471581 0.04515916 0.04361871
0.03708697 0.04492963 0.06046300 0.04733370 0.04310407
0.03799126 0.04979738 0.06993508 0.04159074 0.04435385
0.03799126 0.04979738 0.06993508 0.04159074 0.04435385
0.04382747 0.04460077 0.06989653 0.04457795 0.04600953
0.04238967 0.04207403 0.07215322 0.04523691 0.04309352
0.04238967 0.04207403 0.07215322 0.04523691 0.04309352
0.04238967 0.04207403 0.07215322 0.04523691 0.04309352
0.04189989 0.03926473 0.08331440 0.04442365 0.04298740
0.04189989 0.03926473 0.08331440 0.04442365 0.04298740
0.04121987 0.03785450 0.07763709 0.05290768 0.04303038
0.04121987 0.03785450 0.07763709 0.05290768 0.04303038
0.04809814 0.03921371 0.08119784 0.04737185 0.04223688
0.04809814 0.03921371 0.08119784 0.04737185 0.04223688
0.04902144 0.03840753 0.09348297 0.04514653 0.04458660
0.06228754 0.03914521 0.10094944 0.04212981 0.04665650
0.06228754 0.03914521 0.10094944 0.04212981 0.04665650
0.06228754 0.03914521 0.10094944 0.04212981 0.04665650
0.05483238 0.03879060 0.08637005 0.03975277 0.04801126
0.05483238 0.03879060 0.08637005 0.03975277 0.04801126
0.05483238 0.03879060 0.08637005 0.03975277 0.04801126
0.06310617 0.04003849 0.09227821 0.04021285 0.05084317
0.04922542 0.04158913 0.09656193 0.03841471 0.05390758
0.04459597 0.04064676 0.08627804 0.04300330 0.05682529
0.04285155 0.03752620 0.03914408 0.03781999 0.04241959
0.04204440 0.03718081 0.03884071 0.03832943 0.04201025
0.03579210 0.03712514 0.03722529 0.03747702 0.04150208
0.03523445 0.03709026 0.03785786 0.03811243 0.04199996
0.03523445 0.03709026 0.03785786 0.03811243 0.04199996
0.03523445 0.03709026 0.03785786 0.03811243 0.04199996
0.03523445 0.03709026 0.03785786 0.03811243 0.04199996
0.03990726 0.04065372 0.03851323 0.03803176 0.04231512
0.03990726 0.04065372 0.03851323 0.03803176 0.04231512
0.03615650 0.03728134 0.03846926 0.03812842 0.04271008
0.03615650 0.03728134 0.03846926 0.03812842 0.04271008
0.03792926 0.03721398 0.03958815 0.03735474 0.04384292
0.03792926 0.03721398 0.03958815 0.03735474 0.04384292
0.03792926 0.03721398 0.03958815 0.03735474 0.04384292
0.04705334 0.04059348 0.04686497 0.03813310 0.04270261
0.05391563 0.04551432 0.05222517 0.03729107 0.04634684
0.05998732 0.04707336 0.05176491 0.04116384 0.04636469
0.06635102 0.04714646 0.05365909 0.04451707 0.04450480
0.06999808 0.04984792 0.05221315 0.04781553 0.04447732
0.06999808 0.04984792 0.05221315 0.04781553 0.04447732
0.03485700 0.03596503 0.04067438 0.03846773 0.04391533
0.03485700 0.03596503 0.04067438 0.03846773 0.04391533
0.03491990 0.03834271 0.03943328 0.04100961 0.04416738
0.03491990 0.03834271 0.03943328 0.04100961 0.04416738
0.03491990 0.03834271 0.03943328 0.04100961 0.04416738
0.03491990 0.03834271 0.03943328 0.04100961 0.04416738
0.03551101 0.04081105 0.03723040 0.03971979 0.04570963
0.03626095 0.04121106 0.03940437 0.04136431 0.04474849
0.03626095 0.04121106 0.03940437 0.04136431 0.04474849
0.03626095 0.04121106 0.03940437 0.04136431 0.04474849
0.03626095 0.04121106 0.03940437 0.04136431 0.04474849
0.03626095 0.04121106 0.03940437 0.04136431 0.04474849
0.03626095 0.04121106 0.03940437 0.04136431 0.04474849
0.03626095 0.04121106 0.03940437 0.04136431 0.04474849
0.03564089 0.04124771 0.03858949 0.03675932 0.04434543
0.03582094 0.03679895 0.03786254 0.03976346 0.04461580
0.03582094 0.03679895 0.03786254 0.03976346 0.04461580
0.03582094 0.03679895 0.03786254 0.03976346 0.04461580
0.03582094 0.03679895 0.03786254 0.03976346 0.04461580
0.03582094 0.03679895 0.03786254 0.03976346 0.04461580
0.03582094 0.03679895 0.03786254 0.03976346 0.04461580
0.03582094 0.03679895 0.03786254 0.03976346 0.04461580
0.03522780 0.03928949 0.03746761 0.03836518 0.04598328
0.03554704 0.04217711 0.03801153 0.03717117 0.04500795
0.03616643 0.04567184 0.03718868 0.03744050 0.04596191
0.03697004 0.04219821 0.03701472 0.03875376 0.04656495
0.03697004 0.04219821 0.03701472 0.03875376 0.04656495
0.03697004 0.04219821 0.03701472 0.03875376 0.04656495
0.03697004 0.04219821 0.03701472 0.03875376 0.04656495
0.03697004 0.04219821 0.03701472 0.03875376 0.04656495
0.03713576 0.03671493 0.03608844 0.03825254 0.04548923
0.03713576 0.03671493 0.03608844 0.03825254 0.04548923
0.03694156 0.03624535 0.03642278 0.03690441 0.04466855
0.03694156 0.03624535 0.03642278 0.03690441 0.04466855
0.04036336 0.03701346 0.03847974 0.04105611 0.04641907
0.04081874 0.03903975 0.03667914 0.04279472 0.04839551
0.03853222 0.03941536 0.03590853 0.04268554 0.04496764
0.03997241 0.03563380 0.03702068 0.03802841 0.04423298
0.03997241 0.03563380 0.03702068 0.03802841 0.04423298
0.03997241 0.03563380 0.03702068 0.03802841 0.04423298
0.03997241 0.03563380 0.03702068 0.03802841 0.04423298
0.03997241 0.03563380 0.03702068 0.03802841 0.04423298
0.03997241 0.03563380 0.03702068 0.03802841 0.04423298
0.03997241 0.03563380 0.03702068 0.03802841 0.04423298
0.03997241 0.03563380 0.03702068 0.03802841 0.04423298
0.03997241 0.03563380 0.03702068 0.03802841 0.04423298
0.04407959 0.03653397 0.03769573 0.03689228 0.04319290
0.04407959 0.03653397 0.03769573 0.03689228 0.04319290
0.04509542 0.03563316 0.04165075 0.03989960 0.04225275
0.04509542 0.03563316 0.04165075 0.03989960 0.04225275
0.04509542 0.03563316 0.04165075 0.03989960 0.04225275
0.04509542 0.03563316 0.04165075 0.03989960 0.04225275
0.04509542 0.03563316 0.04165075 0.03989960 0.04225275
0.03975871 0.03566649 0.03901881 0.04290601 0.04271254
0.03975871 0.03566649 0.03901881 0.04290601 0.04271254
0.03916246 0.03842625 0.04671086 0.03871313 0.04504924
0.04069594 0.03675417 0.04815515 0.04105281 0.04100039
0.04069594 0.03675417 0.04815515 0.04105281 0.04100039
0.04069594 0.03675417 0.04815515 0.04105281 0.04100039
0.04241380 0.03700687 0.04607231 0.04071279 0.04157629
0.05082664 0.03700843 0.04499065 0.04461050 0.04047734
0.05094374 0.03756140 0.04519363 0.04312981 0.04434261
0.05624218 0.03922288 0.05780933 0.04077815 0.04705184
0.05624218 0.03922288 0.05780933 0.04077815 0.04705184
0.05624218 0.03922288 0.05780933 0.04077815 0.04705184
0.05624218 0.03922288 0.05780933 0.04077815 0.04705184
0.05130748 0.04220710 0.05401747 0.03989917 0.04456676
0.04642554 0.04254955 0.04986568 0.04105983 0.04610895
0.04650648 0.04545272 0.04865171 0.05007804 0.04880145
0.04502348 0.04325930 0.05139986 0.05347804 0.04597836
0.04502348 0.04325930 0.05139986 0.05347804 0.04597836
0.04813897 0.04200634 0.04151887 0.05662618 0.04298972
0.04813897 0.04200634 0.04151887 0.05662618 0.04298972
0.05192326 0.05158637 0.03773345 0.05882261 0.04113769
0.05192326 0.05158637 0.03773345 0.05882261 0.04113769
0.05192326 0.05158637 0.03773345 0.05882261 0.04113769
0.05192326 0.05158637 0.03773345 0.05882261 0.04113769
0.03882082 0.03658395 0.03901419 0.04434423 0.04125324
0.03736310 0.03772643 0.04568061 0.04760824 0.04201373
0.03736310 0.03772643 0.04568061 0.04760824 0.04201373
0.03879710 0.03819791 0.05529320 0.04987421 0.04228133
0.03879710 0.03819791 0.05529320 0.04987421 0.04228133
0.03879710 0.03819791 0.05529320 0.04987421 0.04228133
0.03879710 0.03819791 0.05529320 0.04987421 0.04228133
0.03879710 0.03819791 0.05529320 0.04987421 0.04228133
0.03879710 0.03819791 0.05529320 0.04987421 0.04228133
0.03879710 0.03819791 0.05529320 0.04987421 0.04228133
0.03879710 0.03819791 0.05529320 0.04987421 0.04228133
0.03879710 0.03819791 0.05529320 0.04987421 0.04228133
0.03879710 0.03819791 0.05529320 0.04987421 0.04228133
0.03879710 0.03819791 0.05529320 0.04987421 0.04228133
0.03879710 0.03819791 0.05529320 0.04987421 0.04228133
0.03879710 0.03819791 0.05529320 0.04987421 0.04228133
0.03879710 0.03819791 0.05529320 0.04987421 0.04228133
0.03879710 0.03819791 0.05529320 0.04987421 0.04228133
0.03879710 0.03819791 0.05529320 0.04987421 0.04228133
0.05070034 0.04562869 0.05043467 0.04541307 0.04481586
0.03240389 0.03487863 0.03706596 0.05975299 0.05039730
0.03240389 0.03487863 0.03706596 0.05975299 0.05039730
0.03240389 0.03487863 0.03706596 0.05975299 0.05039730
0.03287931 0.03501374 0.03895992 0.05296604 0.04794462
0.03847126 0.04709411 0.04241812 0.04302591 0.04469717
0.04224591 0.05478738 0.04285179 0.05004170 0.04685451
0.04461579 0.05476472 0.04585195 0.05270424 0.04894784
0.04914625 0.05712565 0.04591152 0.05853583 0.04627766
0.04270405 0.05668034 0.04349143 0.04815956 0.04546908
0.06850790 0.05924940 0.03915724 0.08407212 0.05328266
0.06719282 0.05566787 0.03998893 0.07317628 0.05527749
0.06719282 0.05566787 0.03998893 0.07317628 0.05527749
0.06946629 0.05296116 0.03904273 0.07140715 0.05564687
0.04002034 0.03752520 0.04278599 0.04695554 0.04323016
0.04002034 0.03752520 0.04278599 0.04695554 0.04323016
0.04002034 0.03752520 0.04278599 0.04695554 0.04323016
0.04002034 0.03752520 0.04278599 0.04695554 0.04323016
0.04002034 0.03752520 0.04278599 0.04695554 0.04323016
0.04002034 0.03752520 0.04278599 0.04695554 0.04323016
0.04002034 0.03752520 0.04278599 0.04695554 0.04323016
0.04002034 0.03752520 0.04278599 0.04695554 0.04323016
0.04002034 0.03752520 0.04278599 0.04695554 0.04323016
0.04002034 0.03752520 0.04278599 0.04695554 0.04323016
0.04002034 0.03752520 0.04278599 0.04695554 0.04323016
0.04002034 0.03752520 0.04278599 0.04695554 0.04323016
0.04002034 0.03752520 0.04278599 0.04695554 0.04323016
0.04002034 0.03752520 0.04278599 0.04695554 0.04323016
0.04002034 0.03752520 0.04278599 0.04695554 0.04323016
0.04002034 0.03752520 0.04278599 0.04695554 0.04323016
0.04002034 0.03752520 0.04278599 0.04695554 0.04323016
0.04002034 0.03752520 0.04278599 0.04695554 0.04323016
0.04002034 0.03752520 0.04278599 0.04695554 0.04323016
0.04002034 0.03752520 0.04278599 0.04695554 0.04323016
0.04002034 0.03752520 0.04278599 0.04695554 0.04323016
0.03902225 0.03288169 0.04529414 0.04588003 0.03299503
0.03902225 0.03288169 0.04529414 0.04588003 0.03299503
0.03117174 0.03385555 0.05156637 0.04948771 0.03282798
0.03140909 0.03776540 0.06102528 0.06044737 0.03412374
0.03259229 0.03739434 0.05577789 0.05757439 0.03301005
0.03956390 0.04473192 0.04169036 0.04547031 0.04807715
0.03956390 0.04473192 0.04169036 0.04547031 0.04807715
0.03817472 0.03941834 0.04237525 0.05227367 0.04941870
0.04008910 0.04134811 0.04190564 0.05353910 0.05268489
0.03816865 0.03971413 0.04199889 0.04987064 0.04476137
0.05159341 0.03711859 0.05380433 0.03929145 0.04005563
0.05159341 0.03711859 0.05380433 0.03929145 0.04005563
0.05159341 0.03711859 0.05380433 0.03929145 0.04005563
0.05159341 0.03711859 0.05380433 0.03929145 0.04005563
0.05159341 0.03711859 0.05380433 0.03929145 0.04005563
0.05159341 0.03711859 0.05380433 0.03929145 0.04005563
0.05159341 0.03711859 0.05380433 0.03929145 0.04005563
0.05159341 0.03711859 0.05380433 0.03929145 0.04005563
0.05159341 0.03711859 0.05380433 0.03929145 0.04005563
0.05159341 0.03711859 0.05380433 0.03929145 0.04005563
0.05159341 0.03711859 0.05380433 0.03929145 0.04005563
0.05159341 0.03711859 0.05380433 0.03929145 0.04005563
0.05159341 0.03711859 0.05380433 0.03929145 0.04005563
0.05159341 0.03711859 0.05380433 0.03929145 0.04005563
0.05159341 0.03711859 0.05380433 0.03929145 0.04005563
0.05159341 0.03711859 0.05380433 0.03929145 0.04005563
0.05159341 0.03711859 0.05380433 0.03929145 0.04005563
0.05159341 0.03711859 0.05380433 0.03929145 0.04005563
0.05159341 0.03711859 0.05380433 0.03929145 0.04005563
0.05159341 0.03711859 0.05380433 0.03929145 0.04005563
0.05159341 0.03711859 0.05380433 0.03929145 0.04005563
0.05159341 0.03711859 0.05380433 0.03929145 0.04005563
0.05159341 0.03711859 0.05380433 0.03929145 0.04005563
0.05159341 0.03711859 0.05380433 0.03929145 0.04005563
0.05159341 0.03711859 0.05380433 0.03929145 0.04005563
0.05159341 0.03711859 0.05380433 0.03929145 0.04005563
0.05159341 0.03711859 0.05380433 0.03929145 0.04005563
0.05159341 0.03711859 0.05380433 0.03929145 0.04005563
0.05159341 0.03711859 0.05380433 0.03929145 0.04005563
0.03211991 0.03383662 0.03070502 0.05261395 0.03995196
0.04305614 0.06561862 0.05149199 0.04045660 0.06813174
0.04253194 0.05997716 0.04873911 0.04558999 0.05895646
0.04253194 0.05997716 0.04873911 0.04558999 0.05895646
0.04521051 0.06024112 0.04677136 0.04556136 0.06287548
0.04600724 0.05990158 0.04484140 0.04562416 0.06678489
0.06707631 0.07189620 0.04805955 0.05034814 0.04510175
0.06707631 0.07189620 0.04805955 0.05034814 0.04510175
0.06707631 0.07189620 0.04805955 0.05034814 0.04510175
0.06707631 0.07189620 0.04805955 0.05034814 0.04510175
0.04193487 0.03810152 0.04680753 0.04411048 0.04993476
0.04193487 0.03810152 0.04680753 0.04411048 0.04993476
0.04193487 0.03810152 0.04680753 0.04411048 0.04993476
0.04193487 0.03810152 0.04680753 0.04411048 0.04993476
0.04193487 0.03810152 0.04680753 0.04411048 0.04993476
0.04193487 0.03810152 0.04680753 0.04411048 0.04993476
0.04193487 0.03810152 0.04680753 0.04411048 0.04993476
0.04193487 0.03810152 0.04680753 0.04411048 0.04993476
0.04193487 0.03810152 0.04680753 0.04411048 0.04993476
0.04193487 0.03810152 0.04680753 0.04411048 0.04993476
0.04193487 0.03810152 0.04680753 0.04411048 0.04993476
0.04193487 0.03810152 0.04680753 0.04411048 0.04993476
0.04193487 0.03810152 0.04680753 0.04411048 0.04993476
0.04193487 0.03810152 0.04680753 0.04411048 0.04993476
0.04193487 0.03810152 0.04680753 0.04411048 0.04993476
0.04193487 0.03810152 0.04680753 0.04411048 0.04993476
0.04193487 0.03810152 0.04680753 0.04411048 0.04993476
0.04193487 0.03810152 0.04680753 0.04411048 0.04993476
0.04193487 0.03810152 0.04680753 0.04411048 0.04993476
0.04193487 0.03810152 0.04680753 0.04411048 0.04993476
0.04193487 0.03810152 0.04680753 0.04411048 0.04993476
0.03365382 0.03143486 0.02839443 0.04675561 0.03398585
0.03580781 0.03250331 0.02745078 0.04782552 0.03475426
0.03529619 0.03193744 0.02845461 0.05640737 0.03508064
0.03529619 0.03193744 0.02845461 0.05640737 0.03508064
0.03529619 0.03193744 0.02845461 0.05640737 0.03508064
0.03762230 0.03744902 0.04341133 0.04191157 0.04083015
0.03762230 0.03744902 0.04341133 0.04191157 0.04083015
0.03722129 0.03740372 0.04149343 0.04832143 0.04189390
0.03722129 0.03740372 0.04149343 0.04832143 0.04189390
0.03879453 0.03776490 0.04140538 0.04596732 0.04156711
0.04129007 0.04086154 0.04012537 0.05972621 0.05535094
0.04129007 0.04086154 0.04012537 0.05972621 0.05535094
0.04451186 0.03882998 0.03859338 0.05103728 0.05838815
0.04451186 0.03882998 0.03859338 0.05103728 0.05838815
0.04367877 0.03948176 0.03848039 0.05804074 0.05208322
0.04367877 0.03948176 0.03848039 0.05804074 0.05208322
0.04367877 0.03948176 0.03848039 0.05804074 0.05208322
0.04367877 0.03948176 0.03848039 0.05804074 0.05208322
0.04367877 0.03948176 0.03848039 0.05804074 0.05208322
0.04367877 0.03948176 0.03848039 0.05804074 0.05208322
0.04367877 0.03948176 0.03848039 0.05804074 0.05208322
0.04367877 0.03948176 0.03848039 0.05804074 0.05208322
0.04367877 0.03948176 0.03848039 0.05804074 0.05208322
0.04367877 0.03948176 0.03848039 0.05804074 0.05208322
0.04367877 0.03948176 0.03848039 0.05804074 0.05208322
0.04367877 0.03948176 0.03848039 0.05804074 0.05208322
0.04367877 0.03948176 0.03848039 0.05804074 0.05208322
0.04367877 0.03948176 0.03848039 0.05804074 0.05208322
0.04367877 0.03948176 0.03848039 0.05804074 0.05208322
0.04367877 0.03948176 0.03848039 0.05804074 0.05208322
0.04367877 0.03948176 0.03848039 0.05804074 0.05208322
0.04367877 0.03948176 0.03848039 0.05804074 0.05208322
0.04367877 0.03948176 0.03848039 0.05804074 0.05208322
0.04367877 0.03948176 0.03848039 0.05804074 0.05208322
0.04367877 0.03948176 0.03848039 0.05804074 0.05208322
0.04367877 0.03948176 0.03848039 0.05804074 0.05208322
0.04367877 0.03948176 0.03848039 0.05804074 0.05208322
0.04367877 0.03948176 0.03848039 0.05804074 0.05208322
0.04367877 0.03948176 0.03848039 0.05804074 0.05208322
0.04367877 0.03948176 0.03848039 0.05804074 0.05208322
0.03731126 0.03722908 0.04202185 0.03788560 0.04903140
0.03653726 0.03718204 0.04134757 0.03982271 0.05825521
0.03581346 0.03682053 0.04189560 0.04040112 0.04896177
0.03581346 0.03682053 0.04189560 0.04040112 0.04896177
0.03581346 0.03682053 0.04189560 0.04040112 0.04896177
0.03581346 0.03682053 0.04189560 0.04040112 0.04896177
0.03880961 0.03736725 0.04248692 0.03636968 0.03957401
0.05037027 0.04399711 0.03705864 0.03624051 0.04004385
0.04468450 0.04332125 0.03792446 0.03726616 0.03971117
0.04075724 0.04765054 0.03884889 0.03968257 0.04057666
0.04075724 0.04765054 0.03884889 0.03968257 0.04057666
0.04075724 0.04765054 0.03884889 0.03968257 0.04057666
0.04075724 0.04765054 0.03884889 0.03968257 0.04057666
0.04075724 0.04765054 0.03884889 0.03968257 0.04057666
0.04075724 0.04765054 0.03884889 0.03968257 0.04057666
0.04075724 0.04765054 0.03884889 0.03968257 0.04057666
0.04075724 0.04765054 0.03884889 0.03968257 0.04057666
0.04075724 0.04765054 0.03884889 0.03968257 0.04057666
0.04075724 0.04765054 0.03884889 0.03968257 0.04057666
0.04075724 0.04765054 0.03884889 0.03968257 0.04057666
0.04075724 0.04765054 0.03884889 0.03968257 0.04057666
0.04075724 0.04765054 0.03884889 0.03968257 0.04057666
0.04075724 0.04765054 0.03884889 0.03968257 0.04057666
0.04075724 0.04765054 0.03884889 0.03968257 0.04057666
0.04075724 0.04765054 0.03884889 0.03968257 0.04057666
0.04075724 0.04765054 0.03884889 0.03968257 0.04057666
0.04075724 0.04765054 0.03884889 0.03968257 0.04057666
0.04075724 0.04765054 0.03884889 0.03968257 0.04057666
0.04075724 0.04765054 0.03884889 0.03968257 0.04057666
0.04075724 0.04765054 0.03884889 0.03968257 0.04057666
0.04075724 0.04765054 0.03884889 0.03968257 0.04057666
0.04075724 0.04765054 0.03884889 0.03968257 0.04057666
0.04075724 0.04765054 0.03884889 0.03968257 0.04057666
0.04075724 0.04765054 0.03884889 0.03968257 0.04057666
0.04075724 0.04765054 0.03884889 0.03968257 0.04057666
0.04075724 0.04765054 0.03884889 0.03968257 0.04057666
0.04075724 0.04765054 0.03884889 0.03968257 0.04057666
0.04075724 0.04765054 0.03884889 0.03968257 0.04057666
0.04075724 0.04765054 0.03884889 0.03968257 0.04057666
0.04075724 0.04765054 0.03884889 0.03968257 0.04057666
0.03870728 0.03710315 0.03704211 0.03650840 0.03845422
0.03870728 0.03710315 0.03704211 0.03650840 0.03845422
0.03762204 0.03721994 0.04229769 0.03708668 0.04067397
0.03910193 0.03797032 0.03730502 0.03671458 0.03870799
0.03910193 0.03797032 0.03730502 0.03671458 0.03870799
0.03910193 0.03797032 0.03730502 0.03671458 0.03870799
0.03910193 0.03797032 0.03730502 0.03671458 0.03870799
0.03910193 0.03797032 0.03730502 0.03671458 0.03870799
0.03910193 0.03797032 0.03730502 0.03671458 0.03870799
0.03910193 0.03797032 0.03730502 0.03671458 0.03870799
0.03910193 0.03797032 0.03730502 0.03671458 0.03870799
0.03910193 0.03797032 0.03730502 0.03671458 0.03870799
0.03910193 0.03797032 0.03730502 0.03671458 0.03870799
0.03910193 0.03797032 0.03730502 0.03671458 0.03870799
0.03910193 0.03797032 0.03730502 0.03671458 0.03870799
0.03910193 0.03797032 0.03730502 0.03671458 0.03870799
0.03910193 0.03797032 0.03730502 0.03671458 0.03870799
0.03910193 0.03797032 0.03730502 0.03671458 0.03870799
0.03910193 0.03797032 0.03730502 0.03671458 0.03870799
0.03910193 0.03797032 0.03730502 0.03671458 0.03870799
0.03910193 0.03797032 0.03730502 0.03671458 0.03870799
0.03910193 0.03797032 0.03730502 0.03671458 0.03870799
0.03910193 0.03797032 0.03730502 0.03671458 0.03870799
0.03910193 0.03797032 0.03730502 0.03671458 0.03870799
0.03910193 0.03797032 0.03730502 0.03671458 0.03870799
0.03910193 0.03797032 0.03730502 0.03671458 0.03870799
0.03910193 0.03797032 0.03730502 0.03671458 0.03870799
0.03910193 0.03797032 0.03730502 0.03671458 0.03870799
0.03910193 0.03797032 0.03730502 0.03671458 0.03870799
0.03910193 0.03797032 0.03730502 0.03671458 0.03870799
0.03910193 0.03797032 0.03730502 0.03671458 0.03870799
0.04806835 0.03998365 0.04238405 0.04254719 0.05507638
0.04806835 0.03998365 0.04238405 0.04254719 0.05507638
0.04806835 0.03998365 0.04238405 0.04254719 0.05507638
0.04807512 0.03816809 0.04355263 0.04654488 0.05725530
0.03872202 0.03924061 0.04252670 0.04239289 0.04526490
0.04280326 0.03958494 0.04066972 0.03887698 0.04367248
0.04206793 0.04061725 0.03643378 0.03756556 0.04241747
0.04325552 0.03955493 0.03727171 0.03779121 0.04590303
0.04518110 0.04038038 0.03730699 0.03804775 0.04944847
0.04518110 0.04038038 0.03730699 0.03804775 0.04944847
0.04518110 0.04038038 0.03730699 0.03804775 0.04944847
0.04518110 0.04038038 0.03730699 0.03804775 0.04944847
0.04518110 0.04038038 0.03730699 0.03804775 0.04944847
0.04518110 0.04038038 0.03730699 0.03804775 0.04944847
0.04518110 0.04038038 0.03730699 0.03804775 0.04944847
0.04518110 0.04038038 0.03730699 0.03804775 0.04944847
0.04518110 0.04038038 0.03730699 0.03804775 0.04944847
0.04518110 0.04038038 0.03730699 0.03804775 0.04944847
0.04518110 0.04038038 0.03730699 0.03804775 0.04944847
0.04518110 0.04038038 0.03730699 0.03804775 0.04944847
0.04518110 0.04038038 0.03730699 0.03804775 0.04944847
0.04518110 0.04038038 0.03730699 0.03804775 0.04944847
0.04518110 0.04038038 0.03730699 0.03804775 0.04944847
0.04518110 0.04038038 0.03730699 0.03804775 0.04944847
0.04518110 0.04038038 0.03730699 0.03804775 0.04944847
0.04518110 0.04038038 0.03730699 0.03804775 0.04944847
0.04518110 0.04038038 0.03730699 0.03804775 0.04944847
0.04518110 0.04038038 0.03730699 0.03804775 0.04944847
0.04518110 0.04038038 0.03730699 0.03804775 0.04944847
0.04518110 0.04038038 0.03730699 0.03804775 0.04944847
0.04518110 0.04038038 0.03730699 0.03804775 0.04944847
0.04518110 0.04038038 0.03730699 0.03804775 0.04944847
0.04518110 0.04038038 0.03730699 0.03804775 0.04944847
0.04518110 0.04038038 0.03730699 0.03804775 0.04944847
0.04845066 0.04009102 0.04059772 0.03889292 0.04652685
0.05247123 0.03944617 0.04081749 0.03867933 0.04768228
0.05247123 0.03944617 0.04081749 0.03867933 0.04768228
0.05247123 0.03944617 0.04081749 0.03867933 0.04768228
0.05511908 0.04041645 0.04198921 0.03851634 0.04697828
0.05363448 0.04487271 0.03844115 0.04181683 0.04083261
0.03789976 0.04795120 0.03845207 0.04135037 0.04034156
0.03789976 0.04795120 0.03845207 0.04135037 0.04034156
0.04407592 0.04471081 0.04997332 0.04021864 0.04061109
0.04407592 0.04471081 0.04997332 0.04021864 0.04061109
0.04407592 0.04471081 0.04997332 0.04021864 0.04061109
0.04407592 0.04471081 0.04997332 0.04021864 0.04061109
0.04407592 0.04471081 0.04997332 0.04021864 0.04061109
0.04407592 0.04471081 0.04997332 0.04021864 0.04061109
0.04407592 0.04471081 0.04997332 0.04021864 0.04061109
0.04407592 0.04471081 0.04997332 0.04021864 0.04061109
0.04407592 0.04471081 0.04997332 0.04021864 0.04061109
0.04407592 0.04471081 0.04997332 0.04021864 0.04061109
0.04407592 0.04471081 0.04997332 0.04021864 0.04061109
0.04407592 0.04471081 0.04997332 0.04021864 0.04061109
0.04407592 0.04471081 0.04997332 0.04021864 0.04061109
0.04407592 0.04471081 0.04997332 0.04021864 0.04061109
0.04407592 0.04471081 0.04997332 0.04021864 0.04061109
0.04407592 0.04471081 0.04997332 0.04021864 0.04061109
0.04407592 0.04471081 0.04997332 0.04021864 0.04061109
0.04407592 0.04471081 0.04997332 0.04021864 0.04061109
0.04407592 0.04471081 0.04997332 0.04021864 0.04061109
0.04407592 0.04471081 0.04997332 0.04021864 0.04061109
0.04407592 0.04471081 0.04997332 0.04021864 0.04061109
0.04407592 0.04471081 0.04997332 0.04021864 0.04061109
0.04407592 0.04471081 0.04997332 0.04021864 0.04061109
0.04407592 0.04471081 0.04997332 0.04021864 0.04061109
0.04407592 0.04471081 0.04997332 0.04021864 0.04061109
0.04407592 0.04471081 0.04997332 0.04021864 0.04061109
0.04407592 0.04471081 0.04997332 0.04021864 0.04061109
0.04003986 0.04094562 0.04529097 0.03737302 0.04920983
0.04215184 0.04218042 0.03947693 0.03853960 0.04606751
0.04215184 0.04218042 0.03947693 0.03853960 0.04606751
0.03727447 0.04826017 0.04009619 0.03836456 0.04660493
0.03727447 0.04826017 0.04009619 0.03836456 0.04660493
0.03593545 0.05616878 0.03831168 0.04664392 0.04468942
0.03593545 0.05616878 0.03831168 0.04664392 0.04468942
0.03593545 0.05616878 0.03831168 0.04664392 0.04468942
0.03593545 0.05616878 0.03831168 0.04664392 0.04468942
0.03593545 0.05616878 0.03831168 0.04664392 0.04468942
0.03593545 0.05616878 0.03831168 0.04664392 0.04468942
0.03593545 0.05616878 0.03831168 0.04664392 0.04468942
0.03593545 0.05616878 0.03831168 0.04664392 0.04468942
0.03593545 0.05616878 0.03831168 0.04664392 0.04468942
0.03593545 0.05616878 0.03831168 0.04664392 0.04468942
0.03593545 0.05616878 0.03831168 0.04664392 0.04468942
0.03593545 0.05616878 0.03831168 0.04664392 0.04468942
0.03593545 0.05616878 0.03831168 0.04664392 0.04468942
0.03593545 0.05616878 0.03831168 0.04664392 0.04468942
0.03593545 0.05616878 0.03831168 0.04664392 0.04468942
0.03593545 0.05616878 0.03831168 0.04664392 0.04468942
0.03593545 0.05616878 0.03831168 0.04664392 0.04468942
0.03593545 0.05616878 0.03831168 0.04664392 0.04468942
0.03593545 0.05616878 0.03831168 0.04664392 0.04468942
0.03593545 0.05616878 0.03831168 0.04664392 0.04468942
0.03593545 0.05616878 0.03831168 0.04664392 0.04468942
0.03593545 0.05616878 0.03831168 0.04664392 0.04468942
0.03593545 0.05616878 0.03831168 0.04664392 0.04468942
0.03593545 0.05616878 0.03831168 0.04664392 0.04468942
0.03593545 0.05616878 0.03831168 0.04664392 0.04468942
0.03593545 0.05616878 0.03831168 0.04664392 0.04468942
0.03593545 0.05616878 0.03831168 0.04664392 0.04468942
0.03593545 0.05616878 0.03831168 0.04664392 0.04468942
0.03593545 0.05616878 0.03831168 0.04664392 0.04468942
0.03593545 0.05616878 0.03831168 0.04664392 0.04468942
0.03725062 0.04156612 0.04063527 0.03937761 0.04413042
0.03725062 0.04156612 0.04063527 0.03937761 0.04413042
0.03725062 0.04156612 0.04063527 0.03937761 0.04413042
0.03892357 0.04469135 0.04262662 0.04176137 0.04483095
0.03935875 0.04124900 0.04145487 0.04416209 0.04473994
0.05520582 0.05064080 0.04021283 0.04034265 0.04204287
0.04336438 0.05133284 0.04254685 0.04240752 0.04331071
0.04253859 0.05700234 0.04188692 0.04240215 0.04313471
0.06005352 0.05149233 0.04331033 0.05179963 0.04385341
0.06005352 0.05149233 0.04331033 0.05179963 0.04385341
0.06005352 0.05149233 0.04331033 0.05179963 0.04385341
0.06005352 0.05149233 0.04331033 0.05179963 0.04385341
0.06005352 0.05149233 0.04331033 0.05179963 0.04385341
0.06005352 0.05149233 0.04331033 0.05179963 0.04385341
0.06005352 0.05149233 0.04331033 0.05179963 0.04385341
0.06005352 0.05149233 0.04331033 0.05179963 0.04385341
0.06005352 0.05149233 0.04331033 0.05179963 0.04385341
0.06005352 0.05149233 0.04331033 0.05179963 0.04385341
0.06005352 0.05149233 0.04331033 0.05179963 0.04385341
0.06005352 0.05149233 0.04331033 0.05179963 0.04385341
0.06005352 0.05149233 0.04331033 0.05179963 0.04385341
0.06005352 0.05149233 0.04331033 0.05179963 0.04385341
0.06005352 0.05149233 0.04331033 0.05179963 0.04385341
0.06005352 0.05149233 0.04331033 0.05179963 0.04385341
0.06005352 0.05149233 0.04331033 0.05179963 0.04385341
0.06005352 0.05149233 0.04331033 0.05179963 0.04385341
0.06005352 0.05149233 0.04331033 0.05179963 0.04385341
0.06005352 0.05149233 0.04331033 0.05179963 0.04385341
0.06005352 0.05149233 0.04331033 0.05179963 0.04385341
0.06005352 0.05149233 0.04331033 0.05179963 0.04385341
0.06005352 0.05149233 0.04331033 0.05179963 0.04385341
0.06005352 0.05149233 0.04331033 0.05179963 0.04385341
0.06005352 0.05149233 0.04331033 0.05179963 0.04385341
0.06005352 0.05149233 0.04331033 0.05179963 0.04385341
0.06005352 0.05149233 0.04331033 0.05179963 0.04385341
0.03687803 0.03833610 0.04136651 0.05161951 0.07034247
0.03744531 0.04030526 0.04202209 0.04746389 0.07998799
0.03744531 0.04030526 0.04202209 0.04746389 0.07998799
0.03450021 0.03906047 0.04614038 0.03924045 0.04482123
0.03450021 0.03906047 0.04614038 0.03924045 0.04482123
0.03450021 0.03906047 0.04614038 0.03924045 0.04482123
0.03802157 0.04368851 0.03950971 0.04258945 0.04198595
0.03802157 0.04368851 0.03950971 0.04258945 0.04198595
0.03993873 0.04655082 0.04158645 0.05163039 0.05305608
0.03661472 0.03794611 0.03812021 0.04255200 0.04522217
0.03661472 0.03794611 0.03812021 0.04255200 0.04522217
0.03661472 0.03794611 0.03812021 0.04255200 0.04522217
0.03661472 0.03794611 0.03812021 0.04255200 0.04522217
0.03661472 0.03794611 0.03812021 0.04255200 0.04522217
0.03661472 0.03794611 0.03812021 0.04255200 0.04522217
0.03661472 0.03794611 0.03812021 0.04255200 0.04522217
0.03661472 0.03794611 0.03812021 0.04255200 0.04522217
0.03661472 0.03794611 0.03812021 0.04255200 0.04522217
0.03661472 0.03794611 0.03812021 0.04255200 0.04522217
0.03661472 0.03794611 0.03812021 0.04255200 0.04522217
0.03661472 0.03794611 0.03812021 0.04255200 0.04522217
0.03661472 0.03794611 0.03812021 0.04255200 0.04522217
0.03661472 0.03794611 0.03812021 0.04255200 0.04522217
0.03661472 0.03794611 0.03812021 0.04255200 0.04522217
0.03661472 0.03794611 0.03812021 0.04255200 0.04522217
0.03661472 0.03794611 0.03812021 0.04255200 0.04522217
0.03661472 0.03794611 0.03812021 0.04255200 0.04522217
0.03661472 0.03794611 0.03812021 0.04255200 0.04522217
