0.00000000 0.00000000 0.00000000 0.00000000 0.00000000
0.41988788 0.25361453 0.44570980 0.24863070 0.23432460
0.41988788 0.25361453 0.44570980 0.24863070 0.23432460
0.42332785 0.25529897 0.43724099 0.24739907 0.23144787
0.42136018 0.24873271 0.44232352 0.25015150 0.23054161
0.42136018 0.24873271 0.44232352 0.25015150 0.23054161
0.42136018 0.24873271 0.44232352 0.25015150 0.23054161
0.42136018 0.24873271 0.44232352 0.25015150 0.23054161
0.42136018 0.24873271 0.44232352 0.25015150 0.23054161
0.42136018 0.24873271 0.44232352 0.25015150 0.23054161
0.42136018 0.24873271 0.44232352 0.25015150 0.23054161
0.42136018 0.24873271 0.44232352 0.25015150 0.23054161
0.42136018 0.24873271 0.44232352 0.25015150 0.23054161
0.42136018 0.24873271 0.44232352 0.25015150 0.23054161
0.48248017 0.31718800 0.38320777 0.40095645 0.40469897
0.48248017 0.31718800 0.38320777 0.40095645 0.40469897
0.47515152 0.31707270 0.38047726 0.39795699 0.40361398
0.47515152 0.31707270 0.38047726 0.39795699 0.40361398
0.47141590 0.32327365 0.38237094 0.40244552 0.40393623
0.47141590 0.32327365 0.38237094 0.40244552 0.40393623
0.47141590 0.32327365 0.38237094 0.40244552 0.40393623
0.46753300 0.32096919 0.38360023 0.40289999 0.40719616
0.46753300 0.32096919 0.38360023 0.40289999 0.40719616
0.46753300 0.32096919 0.38360023 0.40289999 0.40719616
0.46753300 0.32096919 0.38360023 0.40289999 0.40719616
0.46753300 0.32096919 0.38360023 0.40289999 0.40719616
0.46753300 0.32096919 0.38360023 0.40289999 0.40719616
0.46753300 0.32096919 0.38360023 0.40289999 0.40719616
0.46753300 0.32096919 0.38360023 0.40289999 0.40719616
0.46753300 0.32096919 0.38360023 0.40289999 0.40719616
0.46753300 0.32096919 0.38360023 0.40289999 0.40719616
0.46753300 0.32096919 0.38360023 0.40289999 0.40719616
0.46753300 0.32096919 0.38360023 0.40289999 0.40719616
0.46753300 0.32096919 0.38360023 0.40289999 0.40719616
0.46753300 0.32096919 0.38360023 0.40289999 0.40719616
0.46753300 0.32096919 0.38360023 0.40289999 0.40719616
0.46753300 0.32096919 0.38360023 0.40289999 0.40719616
0.29098233 0.52354524 0.43586256 0.34448643 0.32979956
0.29098233 0.52354524 0.43586256 0.34448643 0.32979956
0.29271483 0.53609416 0.43529037 0.33995983 0.32527501
0.29366230 0.53422532 0.43650453 0.34097209 0.31711959
0.29366230 0.53422532 0.43650453 0.34097209 0.31711959
0.29366230 0.53422532 0.43650453 0.34097209 0.31711959
0.29366230 0.53422532 0.43650453 0.34097209 0.31711959
0.29366230 0.53422532 0.43650453 0.34097209 0.31711959
0.29366230 0.53422532 0.43650453 0.34097209 0.31711959
0.29366230 0.53422532 0.43650453 0.34097209 0.31711959
0.29366230 0.53422532 0.43650453 0.34097209 0.31711959
0.29366230 0.53422532 0.43650453 0.34097209 0.31711959
0.29366230 0.53422532 0.43650453 0.34097209 0.31711959
0.29366230 0.53422532 0.43650453 0.34097209 0.31711959
0.29366230 0.53422532 0.43650453 0.34097209 0.31711959
0.29366230 0.53422532 0.43650453 0.34097209 0.31711959
0.29366230 0.53422532 0.43650453 0.34097209 0.31711959
0.29366230 0.53422532 0.43650453 0.34097209 0.31711959
0.29366230 0.53422532 0.43650453 0.34097209 0.31711959
0.29366230 0.53422532 0.43650453 0.34097209 0.31711959
0.29366230 0.53422532 0.43650453 0.34097209 0.31711959
0.29366230 0.53422532 0.43650453 0.34097209 0.31711959
0.29366230 0.53422532 0.43650453 0.34097209 0.31711959
0.29366230 0.53422532 0.43650453 0.34097209 0.31711959
0.29366230 0.53422532 0.43650453 0.34097209 0.31711959
0.29366230 0.53422532 0.43650453 0.34097209 0.31711959
0.29366230 0.53422532 0.43650453 0.34097209 0.31711959
0.29366230 0.53422532 0.43650453 0.34097209 0.31711959
0.29366230 0.53422532 0.43650453 0.34097209 0.31711959
0.29366230 0.53422532 0.43650453 0.34097209 0.31711959
0.29366230 0.53422532 0.43650453 0.34097209 0.31711959
0.29366230 0.53422532 0.43650453 0.34097209 0.31711959
0.29366230 0.53422532 0.43650453 0.34097209 0.31711959
0.29366230 0.53422532 0.43650453 0.34097209 0.31711959
0.29366230 0.53422532 0.43650453 0.34097209 0.31711959
0.29366230 0.53422532 0.43650453 0.34097209 0.31711959
0.29366230 0.53422532 0.43650453 0.34097209 0.31711959
0.29366230 0.53422532 0.43650453 0.34097209 0.31711959
0.29366230 0.53422532 0.43650453 0.34097209 0.31711959
0.29366230 0.53422532 0.43650453 0.34097209 0.31711959
0.29366230 0.53422532 0.43650453 0.34097209 0.31711959
0.29366230 0.53422532 0.43650453 0.34097209 0.31711959
0.29366230 0.53422532 0.43650453 0.34097209 0.31711959
0.29366230 0.53422532 0.43650453 0.34097209 0.31711959
0.29366230 0.53422532 0.43650453 0.34097209 0.31711959
0.29366230 0.53422532 0.43650453 0.34097209 0.31711959
0.29366230 0.53422532 0.43650453 0.34097209 0.31711959
0.29366230 0.53422532 0.43650453 0.34097209 0.31711959
0.29366230 0.53422532 0.43650453 0.34097209 0.31711959
0.29366230 0.53422532 0.43650453 0.34097209 0.31711959
0.29366230 0.53422532 0.43650453 0.34097209 0.31711959
0.29366230 0.53422532 0.43650453 0.34097209 0.31711959
0.29366230 0.53422532 0.43650453 0.34097209 0.31711959
0.29366230 0.53422532 0.43650453 0.34097209 0.31711959
0.29366230 0.53422532 0.43650453 0.34097209 0.31711959
0.29366230 0.53422532 0.43650453 0.34097209 0.31711959
0.29366230 0.53422532 0.43650453 0.34097209 0.31711959
0.29366230 0.53422532 0.43650453 0.34097209 0.31711959
0.29366230 0.53422532 0.43650453 0.34097209 0.31711959
0.29366230 0.53422532 0.43650453 0.34097209 0.31711959
0.29366230 0.53422532 0.43650453 0.34097209 0.31711959
0.29366230 0.53422532 0.43650453 0.34097209 0.31711959
0.29366230 0.53422532 0.43650453 0.34097209 0.31711959
0.29366230 0.53422532 0.43650453 0.34097209 0.31711959
0.29366230 0.53422532 0.43650453 0.34097209 0.31711959
0.29366230 0.53422532 0.43650453 0.34097209 0.31711959
0.29366230 0.53422532 0.43650453 0.34097209 0.31711959
0.29366230 0.53422532 0.43650453 0.34097209 0.31711959
0.29366230 0.53422532 0.43650453 0.34097209 0.31711959
0.29366230 0.53422532 0.43650453 0.34097209 0.31711959
0.29366230 0.53422532 0.43650453 0.34097209 0.31711959
0.29366230 0.53422532 0.43650453 0.34097209 0.31711959
0.29366230 0.53422532 0.43650453 0.34097209 0.31711959
0.29366230 0.53422532 0.43650453 0.34097209 0.31711959
0.29366230 0.53422532 0.43650453 0.34097209 0.31711959
0.29366230 0.53422532 0.43650453 0.34097209 0.31711959
0.29366230 0.53422532 0.43650453 0.34097209 0.31711959
0.29366230 0.53422532 0.43650453 0.34097209 0.31711959
0.29366230 0.53422532 0.43650453 0.34097209 0.31711959
0.29366230 0.53422532 0.43650453 0.34097209 0.31711959
0.29366230 0.53422532 0.43650453 0.34097209 0.31711959
0.29366230 0.53422532 0.43650453 0.34097209 0.31711959
0.29366230 0.53422532 0.43650453 0.34097209 0.31711959
0.29366230 0.53422532 0.43650453 0.34097209 0.31711959
0.29366230 0.53422532 0.43650453 0.34097209 0.31711959
0.29366230 0.53422532 0.43650453 0.34097209 0.31711959
0.29366230 0.53422532 0.43650453 0.34097209 0.31711959
0.29366230 0.53422532 0.43650453 0.34097209 0.31711959
0.29366230 0.53422532 0.43650453 0.34097209 0.31711959
0.29366230 0.53422532 0.43650453 0.34097209 0.31711959
0.29366230 0.53422532 0.43650453 0.34097209 0.31711959
0.29366230 0.53422532 0.43650453 0.34097209 0.31711959
0.29366230 0.53422532 0.43650453 0.34097209 0.31711959
0.29366230 0.53422532 0.43650453 0.34097209 0.31711959
0.29366230 0.53422532 0.43650453 0.34097209 0.31711959
0.29366230 0.53422532 0.43650453 0.34097209 0.31711959
0.29366230 0.53422532 0.43650453 0.34097209 0.31711959
0.29366230 0.53422532 0.43650453 0.34097209 0.31711959
0.29366230 0.53422532 0.43650453 0.34097209 0.31711959
0.29366230 0.53422532 0.43650453 0.34097209 0.31711959
0.29366230 0.53422532 0.43650453 0.34097209 0.31711959
0.29366230 0.53422532 0.43650453 0.34097209 0.31711959
0.29366230 0.53422532 0.43650453 0.34097209 0.31711959
0.29366230 0.53422532 0.43650453 0.34097209 0.31711959
0.29366230 0.53422532 0.43650453 0.34097209 0.31711959
0.29366230 0.53422532 0.43650453 0.34097209 0.31711959
0.29366230 0.53422532 0.43650453 0.34097209 0.31711959
0.29366230 0.53422532 0.43650453 0.34097209 0.31711959
0.29366230 0.53422532 0.43650453 0.34097209 0.31711959
0.29366230 0.53422532 0.43650453 0.34097209 0.31711959
0.29366230 0.53422532 0.43650453 0.34097209 0.31711959
0.29366230 0.53422532 0.43650453 0.34097209 0.31711959
0.29366230 0.53422532 0.43650453 0.34097209 0.31711959
0.29366230 0.53422532 0.43650453 0.34097209 0.31711959
0.29366230 0.53422532 0.43650453 0.34097209 0.31711959
0.29366230 0.53422532 0.43650453 0.34097209 0.31711959
0.29366230 0.53422532 0.43650453 0.34097209 0.31711959
0.29366230 0.53422532 0.43650453 0.34097209 0.31711959
0.29366230 0.53422532 0.43650453 0.34097209 0.31711959
0.29366230 0.53422532 0.43650453 0.34097209 0.31711959
0.29366230 0.53422532 0.43650453 0.34097209 0.31711959
0.29366230 0.53422532 0.43650453 0.34097209 0.31711959
0.29366230 0.53422532 0.43650453 0.34097209 0.31711959
0.29366230 0.53422532 0.43650453 0.34097209 0.31711959
0.29366230 0.53422532 0.43650453 0.34097209 0.31711959
0.29366230 0.53422532 0.43650453 0.34097209 0.31711959
0.29366230 0.53422532 0.43650453 0.34097209 0.31711959
0.29366230 0.53422532 0.43650453 0.34097209 0.31711959
0.29366230 0.53422532 0.43650453 0.34097209 0.31711959
0.29366230 0.53422532 0.43650453 0.34097209 0.31711959
0.29366230 0.53422532 0.43650453 0.34097209 0.31711959
0.29366230 0.53422532 0.43650453 0.34097209 0.31711959
0.29366230 0.53422532 0.43650453 0.34097209 0.31711959
0.29366230 0.53422532 0.43650453 0.34097209 0.31711959
0.29366230 0.53422532 0.43650453 0.34097209 0.31711959
0.29366230 0.53422532 0.43650453 0.34097209 0.31711959
0.29366230 0.53422532 0.43650453 0.34097209 0.31711959
0.29366230 0.53422532 0.43650453 0.34097209 0.31711959
0.29366230 0.53422532 0.43650453 0.34097209 0.31711959
0.29366230 0.53422532 0.43650453 0.34097209 0.31711959
0.29366230 0.53422532 0.43650453 0.34097209 0.31711959
0.29366230 0.53422532 0.43650453 0.34097209 0.31711959
0.29366230 0.53422532 0.43650453 0.34097209 0.31711959
0.29366230 0.53422532 0.43650453 0.34097209 0.31711959
0.29366230 0.53422532 0.43650453 0.34097209 0.31711959
0.29366230 0.53422532 0.43650453 0.34097209 0.31711959
0.29366230 0.53422532 0.43650453 0.34097209 0.31711959
0.29366230 0.53422532 0.43650453 0.34097209 0.31711959
0.29366230 0.53422532 0.43650453 0.34097209 0.31711959
0.29366230 0.53422532 0.43650453 0.34097209 0.31711959
0.29366230 0.53422532 0.43650453 0.34097209 0.31711959
0.29366230 0.53422532 0.43650453 0.34097209 0.31711959
0.29366230 0.53422532 0.43650453 0.34097209 0.31711959
0.29366230 0.53422532 0.43650453 0.34097209 0.31711959
0.29366230 0.53422532 0.43650453 0.34097209 0.31711959
0.29366230 0.53422532 0.43650453 0.34097209 0.31711959
0.29366230 0.53422532 0.43650453 0.34097209 0.31711959
0.29366230 0.53422532 0.43650453 0.34097209 0.31711959
0.29366230 0.53422532 0.43650453 0.34097209 0.31711959
0.29366230 0.53422532 0.43650453 0.34097209 0.31711959
0.29366230 0.53422532 0.43650453 0.34097209 0.31711959
0.29366230 0.53422532 0.43650453 0.34097209 0.31711959
0.29366230 0.53422532 0.43650453 0.34097209 0.31711959
0.29366230 0.53422532 0.43650453 0.34097209 0.31711959
0.29366230 0.53422532 0.43650453 0.34097209 0.31711959
0.29366230 0.53422532 0.43650453 0.34097209 0.31711959
0.29366230 0.53422532 0.43650453 0.34097209 0.31711959
0.29366230 0.53422532 0.43650453 0.34097209 0.31711959
0.29366230 0.53422532 0.43650453 0.34097209 0.31711959
0.29366230 0.53422532 0.43650453 0.34097209 0.31711959
0.29366230 0.53422532 0.43650453 0.34097209 0.31711959
0.29366230 0.53422532 0.43650453 0.34097209 0.31711959
0.29366230 0.53422532 0.43650453 0.34097209 0.31711959
0.29366230 0.53422532 0.43650453 0.34097209 0.31711959
0.29366230 0.53422532 0.43650453 0.34097209 0.31711959
0.29366230 0.53422532 0.43650453 0.34097209 0.31711959
0.29366230 0.53422532 0.43650453 0.34097209 0.31711959
0.29366230 0.53422532 0.43650453 0.34097209 0.31711959
0.29366230 0.53422532 0.43650453 0.34097209 0.31711959
0.29366230 0.53422532 0.43650453 0.34097209 0.31711959
0.29366230 0.53422532 0.43650453 0.34097209 0.31711959
0.29366230 0.53422532 0.43650453 0.34097209 0.31711959
0.29366230 0.53422532 0.43650453 0.34097209 0.31711959
0.29366230 0.53422532 0.43650453 0.34097209 0.31711959
0.29366230 0.53422532 0.43650453 0.34097209 0.31711959
0.29366230 0.53422532 0.43650453 0.34097209 0.31711959
0.29366230 0.53422532 0.43650453 0.34097209 0.31711959
0.29366230 0.53422532 0.43650453 0.34097209 0.31711959
0.29366230 0.53422532 0.43650453 0.34097209 0.31711959
0.29366230 0.53422532 0.43650453 0.34097209 0.31711959
0.29366230 0.53422532 0.43650453 0.34097209 0.31711959
0.29366230 0.53422532 0.43650453 0.34097209 0.31711959
0.29366230 0.53422532 0.43650453 0.34097209 0.31711959
0.29366230 0.53422532 0.43650453 0.34097209 0.31711959
0.29366230 0.53422532 0.43650453 0.34097209 0.31711959
0.29366230 0.53422532 0.43650453 0.34097209 0.31711959
0.29366230 0.53422532 0.43650453 0.34097209 0.31711959
0.29366230 0.53422532 0.43650453 0.34097209 0.31711959
0.29366230 0.53422532 0.43650453 0.34097209 0.31711959
0.29366230 0.53422532 0.43650453 0.34097209 0.31711959
0.29366230 0.53422532 0.43650453 0.34097209 0.31711959
0.29366230 0.53422532 0.43650453 0.34097209 0.31711959
0.29366230 0.53422532 0.43650453 0.34097209 0.31711959
0.29366230 0.53422532 0.43650453 0.34097209 0.31711959
0.29366230 0.53422532 0.43650453 0.34097209 0.31711959
0.29366230 0.53422532 0.43650453 0.34097209 0.31711959
0.29366230 0.53422532 0.43650453 0.34097209 0.31711959
0.29366230 0.53422532 0.43650453 0.34097209 0.31711959
0.29366230 0.53422532 0.43650453 0.34097209 0.31711959
0.29366230 0.53422532 0.43650453 0.34097209 0.31711959
0.49759091 0.32332886 0.53842892 0.32870418 0.45045981
0.49759091 0.32332886 0.53842892 0.32870418 0.45045981
0.50276772 0.32378306 0.54505616 0.33355936 0.45139211
0.50276772 0.32378306 0.54505616 0.33355936 0.45139211
0.50194518 0.32082697 0.53736379 0.32830992 0.45200149
0.50194518 0.32082697 0.53736379 0.32830992 0.45200149
0.50305266 0.32308577 0.53938211 0.33264937 0.44401377
0.50305266 0.32308577 0.53938211 0.33264937 0.44401377
0.50305266 0.32308577 0.53938211 0.33264937 0.44401377
0.50305266 0.32308577 0.53938211 0.33264937 0.44401377
0.50305266 0.32308577 0.53938211 0.33264937 0.44401377
0.50305266 0.32308577 0.53938211 0.33264937 0.44401377
0.50305266 0.32308577 0.53938211 0.33264937 0.44401377
0.50305266 0.32308577 0.53938211 0.33264937 0.44401377
0.50305266 0.32308577 0.53938211 0.33264937 0.44401377
0.50305266 0.32308577 0.53938211 0.33264937 0.44401377
0.50305266 0.32308577 0.53938211 0.33264937 0.44401377
0.50305266 0.32308577 0.53938211 0.33264937 0.44401377
0.50305266 0.32308577 0.53938211 0.33264937 0.44401377
0.50305266 0.32308577 0.53938211 0.33264937 0.44401377
0.50305266 0.32308577 0.53938211 0.33264937 0.44401377
0.50305266 0.32308577 0.53938211 0.33264937 0.44401377
0.50305266 0.32308577 0.53938211 0.33264937 0.44401377
0.50305266 0.32308577 0.53938211 0.33264937 0.44401377
0.50305266 0.32308577 0.53938211 0.33264937 0.44401377
0.50305266 0.32308577 0.53938211 0.33264937 0.44401377
0.50305266 0.32308577 0.53938211 0.33264937 0.44401377
0.50305266 0.32308577 0.53938211 0.33264937 0.44401377
0.50305266 0.32308577 0.53938211 0.33264937 0.44401377
0.50305266 0.32308577 0.53938211 0.33264937 0.44401377
0.50305266 0.32308577 0.53938211 0.33264937 0.44401377
0.50305266 0.32308577 0.53938211 0.33264937 0.44401377
0.50305266 0.32308577 0.53938211 0.33264937 0.44401377
0.50305266 0.32308577 0.53938211 0.33264937 0.44401377
0.50305266 0.32308577 0.53938211 0.33264937 0.44401377
0.50305266 0.32308577 0.53938211 0.33264937 0.44401377
0.50305266 0.32308577 0.53938211 0.33264937 0.44401377
0.50305266 0.32308577 0.53938211 0.33264937 0.44401377
0.50305266 0.32308577 0.53938211 0.33264937 0.44401377
0.50305266 0.32308577 0.53938211 0.33264937 0.44401377
0.50305266 0.32308577 0.53938211 0.33264937 0.44401377
0.50305266 0.32308577 0.53938211 0.33264937 0.44401377
0.50305266 0.32308577 0.53938211 0.33264937 0.44401377
0.50305266 0.32308577 0.53938211 0.33264937 0.44401377
0.50305266 0.32308577 0.53938211 0.33264937 0.44401377
0.50305266 0.32308577 0.53938211 0.33264937 0.44401377
0.50305266 0.32308577 0.53938211 0.33264937 0.44401377
0.50305266 0.32308577 0.53938211 0.33264937 0.44401377
0.50305266 0.32308577 0.53938211 0.33264937 0.44401377
0.50305266 0.32308577 0.53938211 0.33264937 0.44401377
0.50305266 0.32308577 0.53938211 0.33264937 0.44401377
0.50305266 0.32308577 0.53938211 0.33264937 0.44401377
0.50305266 0.32308577 0.53938211 0.33264937 0.44401377
0.50305266 0.32308577 0.53938211 0.33264937 0.44401377
0.50305266 0.32308577 0.53938211 0.33264937 0.44401377
0.50305266 0.32308577 0.53938211 0.33264937 0.44401377
0.50305266 0.32308577 0.53938211 0.33264937 0.44401377
0.50305266 0.32308577 0.53938211 0.33264937 0.44401377
0.50305266 0.32308577 0.53938211 0.33264937 0.44401377
0.50305266 0.32308577 0.53938211 0.33264937 0.44401377
0.50305266 0.32308577 0.53938211 0.33264937 0.44401377
0.50305266 0.32308577 0.53938211 0.33264937 0.44401377
0.50305266 0.32308577 0.53938211 0.33264937 0.44401377
0.50305266 0.32308577 0.53938211 0.33264937 0.44401377
0.50305266 0.32308577 0.53938211 0.33264937 0.44401377
0.50305266 0.32308577 0.53938211 0.33264937 0.44401377
0.50305266 0.32308577 0.53938211 0.33264937 0.44401377
0.50305266 0.32308577 0.53938211 0.33264937 0.44401377
0.50305266 0.32308577 0.53938211 0.33264937 0.44401377
0.50305266 0.32308577 0.53938211 0.33264937 0.44401377
0.50305266 0.32308577 0.53938211 0.33264937 0.44401377
0.50305266 0.32308577 0.53938211 0.33264937 0.44401377
0.50305266 0.32308577 0.53938211 0.33264937 0.44401377
0.50305266 0.32308577 0.53938211 0.33264937 0.44401377
0.50305266 0.32308577 0.53938211 0.33264937 0.44401377
0.50305266 0.32308577 0.53938211 0.33264937 0.44401377
0.50305266 0.32308577 0.53938211 0.33264937 0.44401377
0.50305266 0.32308577 0.53938211 0.33264937 0.44401377
0.50305266 0.32308577 0.53938211 0.33264937 0.44401377
0.50305266 0.32308577 0.53938211 0.33264937 0.44401377
0.50305266 0.32308577 0.53938211 0.33264937 0.44401377
0.50305266 0.32308577 0.53938211 0.33264937 0.44401377
0.50305266 0.32308577 0.53938211 0.33264937 0.44401377
0.50305266 0.32308577 0.53938211 0.33264937 0.44401377
0.50305266 0.32308577 0.53938211 0.33264937 0.44401377
0.50305266 0.32308577 0.53938211 0.33264937 0.44401377
0.50305266 0.32308577 0.53938211 0.33264937 0.44401377
0.50305266 0.32308577 0.53938211 0.33264937 0.44401377
0.50305266 0.32308577 0.53938211 0.33264937 0.44401377
0.50305266 0.32308577 0.53938211 0.33264937 0.44401377
0.50305266 0.32308577 0.53938211 0.33264937 0.44401377
0.50305266 0.32308577 0.53938211 0.33264937 0.44401377
0.50305266 0.32308577 0.53938211 0.33264937 0.44401377
0.50305266 0.32308577 0.53938211 0.33264937 0.44401377
0.50305266 0.32308577 0.53938211 0.33264937 0.44401377
0.50305266 0.32308577 0.53938211 0.33264937 0.44401377
0.50305266 0.32308577 0.53938211 0.33264937 0.44401377
0.50305266 0.32308577 0.53938211 0.33264937 0.44401377
0.50305266 0.32308577 0.53938211 0.33264937 0.44401377
0.50305266 0.32308577 0.53938211 0.33264937 0.44401377
0.50305266 0.32308577 0.53938211 0.33264937 0.44401377
0.50305266 0.32308577 0.53938211 0.33264937 0.44401377
0.50305266 0.32308577 0.53938211 0.33264937 0.44401377
0.50305266 0.32308577 0.53938211 0.33264937 0.44401377
0.50305266 0.32308577 0.53938211 0.33264937 0.44401377
0.50305266 0.32308577 0.53938211 0.33264937 0.44401377
0.50305266 0.32308577 0.53938211 0.33264937 0.44401377
0.50305266 0.32308577 0.53938211 0.33264937 0.44401377
0.50305266 0.32308577 0.53938211 0.33264937 0.44401377
0.50305266 0.32308577 0.53938211 0.33264937 0.44401377
0.50305266 0.32308577 0.53938211 0.33264937 0.44401377
0.50305266 0.32308577 0.53938211 0.33264937 0.44401377
0.50305266 0.32308577 0.53938211 0.33264937 0.44401377
0.50305266 0.32308577 0.53938211 0.33264937 0.44401377
0.50305266 0.32308577 0.53938211 0.33264937 0.44401377
0.50305266 0.32308577 0.53938211 0.33264937 0.44401377
0.50305266 0.32308577 0.53938211 0.33264937 0.44401377
0.50305266 0.32308577 0.53938211 0.33264937 0.44401377
0.50305266 0.32308577 0.53938211 0.33264937 0.44401377
0.50305266 0.32308577 0.53938211 0.33264937 0.44401377
0.50305266 0.32308577 0.53938211 0.33264937 0.44401377
0.50305266 0.32308577 0.53938211 0.33264937 0.44401377
0.50305266 0.32308577 0.53938211 0.33264937 0.44401377
0.50305266 0.32308577 0.53938211 0.33264937 0.44401377
0.50305266 0.32308577 0.53938211 0.33264937 0.44401377
0.50305266 0.32308577 0.53938211 0.33264937 0.44401377
0.50305266 0.32308577 0.53938211 0.33264937 0.44401377
0.50305266 0.32308577 0.53938211 0.33264937 0.44401377
0.50305266 0.32308577 0.53938211 0.33264937 0.44401377
0.50305266 0.32308577 0.53938211 0.33264937 0.44401377
0.50305266 0.32308577 0.53938211 0.33264937 0.44401377
0.50305266 0.32308577 0.53938211 0.33264937 0.44401377
0.50305266 0.32308577 0.53938211 0.33264937 0.44401377
0.50305266 0.32308577 0.53938211 0.33264937 0.44401377
0.50305266 0.32308577 0.53938211 0.33264937 0.44401377
0.50305266 0.32308577 0.53938211 0.33264937 0.44401377
0.50305266 0.32308577 0.53938211 0.33264937 0.44401377
0.50305266 0.32308577 0.53938211 0.33264937 0.44401377
0.50305266 0.32308577 0.53938211 0.33264937 0.44401377
0.50305266 0.32308577 0.53938211 0.33264937 0.44401377
0.50305266 0.32308577 0.53938211 0.33264937 0.44401377
0.50305266 0.32308577 0.53938211 0.33264937 0.44401377
0.50305266 0.32308577 0.53938211 0.33264937 0.44401377
0.50305266 0.32308577 0.53938211 0.33264937 0.44401377
0.50305266 0.32308577 0.53938211 0.33264937 0.44401377
0.50305266 0.32308577 0.53938211 0.33264937 0.44401377
0.50305266 0.32308577 0.53938211 0.33264937 0.44401377
0.50305266 0.32308577 0.53938211 0.33264937 0.44401377
0.50305266 0.32308577 0.53938211 0.33264937 0.44401377
0.50305266 0.32308577 0.53938211 0.33264937 0.44401377
0.50305266 0.32308577 0.53938211 0.33264937 0.44401377
0.50305266 0.32308577 0.53938211 0.33264937 0.44401377
0.50305266 0.32308577 0.53938211 0.33264937 0.44401377
0.50305266 0.32308577 0.53938211 0.33264937 0.44401377
0.50305266 0.32308577 0.53938211 0.33264937 0.44401377
0.50305266 0.32308577 0.53938211 0.33264937 0.44401377
0.50305266 0.32308577 0.53938211 0.33264937 0.44401377
0.50305266 0.32308577 0.53938211 0.33264937 0.44401377
0.50305266 0.32308577 0.53938211 0.33264937 0.44401377
0.50305266 0.32308577 0.53938211 0.33264937 0.44401377
0.50305266 0.32308577 0.53938211 0.33264937 0.44401377
0.50305266 0.32308577 0.53938211 0.33264937 0.44401377
0.50305266 0.32308577 0.53938211 0.33264937 0.44401377
0.50305266 0.32308577 0.53938211 0.33264937 0.44401377
0.50305266 0.32308577 0.53938211 0.33264937 0.44401377
0.50305266 0.32308577 0.53938211 0.33264937 0.44401377
0.50305266 0.32308577 0.53938211 0.33264937 0.44401377
0.50305266 0.32308577 0.53938211 0.33264937 0.44401377
0.50305266 0.32308577 0.53938211 0.33264937 0.44401377
0.50305266 0.32308577 0.53938211 0.33264937 0.44401377
0.50305266 0.32308577 0.53938211 0.33264937 0.44401377
0.50305266 0.32308577 0.53938211 0.33264937 0.44401377
0.50305266 0.32308577 0.53938211 0.33264937 0.44401377
0.50305266 0.32308577 0.53938211 0.33264937 0.44401377
0.50305266 0.32308577 0.53938211 0.33264937 0.44401377
0.50305266 0.32308577 0.53938211 0.33264937 0.44401377
0.50305266 0.32308577 0.53938211 0.33264937 0.44401377
0.50305266 0.32308577 0.53938211 0.33264937 0.44401377
0.50305266 0.32308577 0.53938211 0.33264937 0.44401377
0.50305266 0.32308577 0.53938211 0.33264937 0.44401377
0.50305266 0.32308577 0.53938211 0.33264937 0.44401377
0.50305266 0.32308577 0.53938211 0.33264937 0.44401377
0.50305266 0.32308577 0.53938211 0.33264937 0.44401377
0.50305266 0.32308577 0.53938211 0.33264937 0.44401377
0.50305266 0.32308577 0.53938211 0.33264937 0.44401377
0.50305266 0.32308577 0.53938211 0.33264937 0.44401377
0.50305266 0.32308577 0.53938211 0.33264937 0.44401377
0.50305266 0.32308577 0.53938211 0.33264937 0.44401377
0.50305266 0.32308577 0.53938211 0.33264937 0.44401377
0.50305266 0.32308577 0.53938211 0.33264937 0.44401377
0.50305266 0.32308577 0.53938211 0.33264937 0.44401377
0.50305266 0.32308577 0.53938211 0.33264937 0.44401377
0.50305266 0.32308577 0.53938211 0.33264937 0.44401377
0.50305266 0.32308577 0.53938211 0.33264937 0.44401377
0.50305266 0.32308577 0.53938211 0.33264937 0.44401377
0.50305266 0.32308577 0.53938211 0.33264937 0.44401377
0.50305266 0.32308577 0.53938211 0.33264937 0.44401377
0.50305266 0.32308577 0.53938211 0.33264937 0.44401377
0.50305266 0.32308577 0.53938211 0.33264937 0.44401377
0.50305266 0.32308577 0.53938211 0.33264937 0.44401377
0.50305266 0.32308577 0.53938211 0.33264937 0.44401377
0.50305266 0.32308577 0.53938211 0.33264937 0.44401377
0.50305266 0.32308577 0.53938211 0.33264937 0.44401377
0.50305266 0.32308577 0.53938211 0.33264937 0.44401377
0.50305266 0.32308577 0.53938211 0.33264937 0.44401377
0.50305266 0.32308577 0.53938211 0.33264937 0.44401377
0.50305266 0.32308577 0.53938211 0.33264937 0.44401377
0.50305266 0.32308577 0.53938211 0.33264937 0.44401377
0.50305266 0.32308577 0.53938211 0.33264937 0.44401377
0.50305266 0.32308577 0.53938211 0.33264937 0.44401377
0.50305266 0.32308577 0.53938211 0.33264937 0.44401377
0.50305266 0.32308577 0.53938211 0.33264937 0.44401377
0.50305266 0.32308577 0.53938211 0.33264937 0.44401377
0.50305266 0.32308577 0.53938211 0.33264937 0.44401377
0.50305266 0.32308577 0.53938211 0.33264937 0.44401377
0.50305266 0.32308577 0.53938211 0.33264937 0.44401377
0.50305266 0.32308577 0.53938211 0.33264937 0.44401377
0.50305266 0.32308577 0.53938211 0.33264937 0.44401377
0.50305266 0.32308577 0.53938211 0.33264937 0.44401377
0.50305266 0.32308577 0.53938211 0.33264937 0.44401377
0.50305266 0.32308577 0.53938211 0.33264937 0.44401377
0.50305266 0.32308577 0.53938211 0.33264937 0.44401377
0.50305266 0.32308577 0.53938211 0.33264937 0.44401377
0.50305266 0.32308577 0.53938211 0.33264937 0.44401377
0.50305266 0.32308577 0.53938211 0.33264937 0.44401377
0.50305266 0.32308577 0.53938211 0.33264937 0.44401377
0.50305266 0.32308577 0.53938211 0.33264937 0.44401377
0.50305266 0.32308577 0.53938211 0.33264937 0.44401377
0.50305266 0.32308577 0.53938211 0.33264937 0.44401377
0.50305266 0.32308577 0.53938211 0.33264937 0.44401377
0.50305266 0.32308577 0.53938211 0.33264937 0.44401377
0.50305266 0.32308577 0.53938211 0.33264937 0.44401377
0.50305266 0.32308577 0.53938211 0.33264937 0.44401377
0.50305266 0.32308577 0.53938211 0.33264937 0.44401377
0.50305266 0.32308577 0.53938211 0.33264937 0.44401377
0.50305266 0.32308577 0.53938211 0.33264937 0.44401377
0.50305266 0.32308577 0.53938211 0.33264937 0.44401377
0.50305266 0.32308577 0.53938211 0.33264937 0.44401377
0.50305266 0.32308577 0.53938211 0.33264937 0.44401377
0.50305266 0.32308577 0.53938211 0.33264937 0.44401377
0.50305266 0.32308577 0.53938211 0.33264937 0.44401377
0.50305266 0.32308577 0.53938211 0.33264937 0.44401377
0.50305266 0.32308577 0.53938211 0.33264937 0.44401377
0.50305266 0.32308577 0.53938211 0.33264937 0.44401377
0.50305266 0.32308577 0.53938211 0.33264937 0.44401377
0.50305266 0.32308577 0.53938211 0.33264937 0.44401377
0.50305266 0.32308577 0.53938211 0.33264937 0.44401377
0.50305266 0.32308577 0.53938211 0.33264937 0.44401377
0.50305266 0.32308577 0.53938211 0.33264937 0.44401377
0.50305266 0.32308577 0.53938211 0.33264937 0.44401377
0.50305266 0.32308577 0.53938211 0.33264937 0.44401377
0.50305266 0.32308577 0.53938211 0.33264937 0.44401377
0.50305266 0.32308577 0.53938211 0.33264937 0.44401377
0.50305266 0.32308577 0.53938211 0.33264937 0.44401377
0.50305266 0.32308577 0.53938211 0.33264937 0.44401377
0.50305266 0.32308577 0.53938211 0.33264937 0.44401377
0.50305266 0.32308577 0.53938211 0.33264937 0.44401377
0.50305266 0.32308577 0.53938211 0.33264937 0.44401377
0.50305266 0.32308577 0.53938211 0.33264937 0.44401377
0.50305266 0.32308577 0.53938211 0.33264937 0.44401377
0.50305266 0.32308577 0.53938211 0.33264937 0.44401377
0.50305266 0.32308577 0.53938211 0.33264937 0.44401377
0.50305266 0.32308577 0.53938211 0.33264937 0.44401377
0.50305266 0.32308577 0.53938211 0.33264937 0.44401377
0.50305266 0.32308577 0.53938211 0.33264937 0.44401377
0.50305266 0.32308577 0.53938211 0.33264937 0.44401377
0.50305266 0.32308577 0.53938211 0.33264937 0.44401377
0.50305266 0.32308577 0.53938211 0.33264937 0.44401377
0.50305266 0.32308577 0.53938211 0.33264937 0.44401377
0.50305266 0.32308577 0.53938211 0.33264937 0.44401377
0.50305266 0.32308577 0.53938211 0.33264937 0.44401377
0.50305266 0.32308577 0.53938211 0.33264937 0.44401377
0.50305266 0.32308577 0.53938211 0.33264937 0.44401377
0.50305266 0.32308577 0.53938211 0.33264937 0.44401377
0.50305266 0.32308577 0.53938211 0.33264937 0.44401377
0.50305266 0.32308577 0.53938211 0.33264937 0.44401377
0.50305266 0.32308577 0.53938211 0.33264937 0.44401377
0.50305266 0.32308577 0.53938211 0.33264937 0.44401377
0.50305266 0.32308577 0.53938211 0.33264937 0.44401377
0.50305266 0.32308577 0.53938211 0.33264937 0.44401377
0.50305266 0.32308577 0.53938211 0.33264937 0.44401377
0.50305266 0.32308577 0.53938211 0.33264937 0.44401377
0.50305266 0.32308577 0.53938211 0.33264937 0.44401377
0.50305266 0.32308577 0.53938211 0.33264937 0.44401377
0.50305266 0.32308577 0.53938211 0.33264937 0.44401377
0.50305266 0.32308577 0.53938211 0.33264937 0.44401377
0.50305266 0.32308577 0.53938211 0.33264937 0.44401377
0.50305266 0.32308577 0.53938211 0.33264937 0.44401377
0.50305266 0.32308577 0.53938211 0.33264937 0.44401377
0.50305266 0.32308577 0.53938211 0.33264937 0.44401377
0.50305266 0.32308577 0.53938211 0.33264937 0.44401377
0.50305266 0.32308577 0.53938211 0.33264937 0.44401377
0.50305266 0.32308577 0.53938211 0.33264937 0.44401377
0.50305266 0.32308577 0.53938211 0.33264937 0.44401377
0.50305266 0.32308577 0.53938211 0.33264937 0.44401377
0.50305266 0.32308577 0.53938211 0.33264937 0.44401377
0.50305266 0.32308577 0.53938211 0.33264937 0.44401377
0.50305266 0.32308577 0.53938211 0.33264937 0.44401377
0.50305266 0.32308577 0.53938211 0.33264937 0.44401377
0.50305266 0.32308577 0.53938211 0.33264937 0.44401377
0.50305266 0.32308577 0.53938211 0.33264937 0.44401377
0.50305266 0.32308577 0.53938211 0.33264937 0.44401377
0.50305266 0.32308577 0.53938211 0.33264937 0.44401377
0.50305266 0.32308577 0.53938211 0.33264937 0.44401377
0.50305266 0.32308577 0.53938211 0.33264937 0.44401377
0.50305266 0.32308577 0.53938211 0.33264937 0.44401377
0.50305266 0.32308577 0.53938211 0.33264937 0.44401377
0.50305266 0.32308577 0.53938211 0.33264937 0.44401377
0.50305266 0.32308577 0.53938211 0.33264937 0.44401377
0.50305266 0.32308577 0.53938211 0.33264937 0.44401377
0.50305266 0.32308577 0.53938211 0.33264937 0.44401377
0.50305266 0.32308577 0.53938211 0.33264937 0.44401377
0.50305266 0.32308577 0.53938211 0.33264937 0.44401377
0.50305266 0.32308577 0.53938211 0.33264937 0.44401377
0.50305266 0.32308577 0.53938211 0.33264937 0.44401377
0.50305266 0.32308577 0.53938211 0.33264937 0.44401377
0.50305266 0.32308577 0.53938211 0.33264937 0.44401377
0.50305266 0.32308577 0.53938211 0.33264937 0.44401377
0.50305266 0.32308577 0.53938211 0.33264937 0.44401377
0.50305266 0.32308577 0.53938211 0.33264937 0.44401377
0.50305266 0.32308577 0.53938211 0.33264937 0.44401377
0.50305266 0.32308577 0.53938211 0.33264937 0.44401377
0.50305266 0.32308577 0.53938211 0.33264937 0.44401377
0.50305266 0.32308577 0.53938211 0.33264937 0.44401377
0.50305266 0.32308577 0.53938211 0.33264937 0.44401377
0.50305266 0.32308577 0.53938211 0.33264937 0.44401377
0.50305266 0.32308577 0.53938211 0.33264937 0.44401377
0.50305266 0.32308577 0.53938211 0.33264937 0.44401377
0.50305266 0.32308577 0.53938211 0.33264937 0.44401377
0.50305266 0.32308577 0.53938211 0.33264937 0.44401377
0.50305266 0.32308577 0.53938211 0.33264937 0.44401377
0.50305266 0.32308577 0.53938211 0.33264937 0.44401377
0.50305266 0.32308577 0.53938211 0.33264937 0.44401377
0.50305266 0.32308577 0.53938211 0.33264937 0.44401377
0.50305266 0.32308577 0.53938211 0.33264937 0.44401377
0.50305266 0.32308577 0.53938211 0.33264937 0.44401377
0.50305266 0.32308577 0.53938211 0.33264937 0.44401377
0.50305266 0.32308577 0.53938211 0.33264937 0.44401377
0.50305266 0.32308577 0.53938211 0.33264937 0.44401377
0.50305266 0.32308577 0.53938211 0.33264937 0.44401377
0.50305266 0.32308577 0.53938211 0.33264937 0.44401377
0.50305266 0.32308577 0.53938211 0.33264937 0.44401377
0.50305266 0.32308577 0.53938211 0.33264937 0.44401377
0.50305266 0.32308577 0.53938211 0.33264937 0.44401377
0.50305266 0.32308577 0.53938211 0.33264937 0.44401377
0.50305266 0.32308577 0.53938211 0.33264937 0.44401377
0.50305266 0.32308577 0.53938211 0.33264937 0.44401377
0.50305266 0.32308577 0.53938211 0.33264937 0.44401377
0.50305266 0.32308577 0.53938211 0.33264937 0.44401377
0.50305266 0.32308577 0.53938211 0.33264937 0.44401377
0.50305266 0.32308577 0.53938211 0.33264937 0.44401377
0.50305266 0.32308577 0.53938211 0.33264937 0.44401377
0.50305266 0.32308577 0.53938211 0.33264937 0.44401377
0.50305266 0.32308577 0.53938211 0.33264937 0.44401377
0.58983036 0.64904334 0.48532320 0.36004602 0.38118823
0.58983036 0.64904334 0.48532320 0.36004602 0.38118823
0.59366246 0.64945036 0.48408738 0.35129035 0.37066778
0.59366246 0.64945036 0.48408738 0.35129035 0.37066778
0.59153981 0.65027400 0.48991565 0.34440387 0.37006631
0.59153981 0.65027400 0.48991565 0.34440387 0.37006631
0.58731142 0.65001909 0.48632386 0.35297623 0.37981255
0.58865095 0.65034602 0.49374622 0.35215632 0.38125403
0.58865095 0.65034602 0.49374622 0.35215632 0.38125403
0.58743393 0.65091938 0.48466134 0.35385746 0.38259438
0.58743393 0.65091938 0.48466134 0.35385746 0.38259438
0.58743393 0.65091938 0.48466134 0.35385746 0.38259438
0.59061242 0.65049220 0.48513569 0.35781863 0.37748296
0.43308188 0.28258191 0.44270175 0.41854963 0.43886019
0.43308188 0.28258191 0.44270175 0.41854963 0.43886019
0.42596740 0.28870464 0.43862251 0.41403643 0.42598539
0.43982456 0.29939334 0.45056899 0.41766361 0.42261309
0.44717412 0.30140215 0.45206094 0.40710146 0.43262282
0.44544805 0.30405265 0.45466768 0.39238165 0.43102815
0.44252029 0.31372564 0.45480299 0.39438896 0.44038106
0.44252029 0.31372564 0.45480299 0.39438896 0.44038106
0.44252029 0.31372564 0.45480299 0.39438896 0.44038106
0.43771738 0.31466480 0.46792948 0.39481892 0.44285250
0.43771738 0.31466480 0.46792948 0.39481892 0.44285250
0.43932454 0.32558849 0.47277825 0.38567213 0.42648378
0.43932454 0.32558849 0.47277825 0.38567213 0.42648378
0.43932454 0.32558849 0.47277825 0.38567213 0.42648378
0.44045553 0.30634560 0.46949491 0.38749132 0.43095982
0.43040151 0.30559585 0.46768385 0.39632097 0.41978803
0.43254329 0.28989796 0.46584878 0.39506507 0.42629542
0.43035083 0.28325477 0.46291488 0.39068820 0.42177250
0.43677566 0.27980616 0.46617025 0.39704141 0.43047841
0.43677566 0.27980616 0.46617025 0.39704141 0.43047841
0.43677566 0.27980616 0.46617025 0.39704141 0.43047841
0.43677566 0.27980616 0.46617025 0.39704141 0.43047841
0.43677566 0.27980616 0.46617025 0.39704141 0.43047841
0.43741233 0.26732045 0.45523947 0.40139892 0.44154860
0.43741233 0.26732045 0.45523947 0.40139892 0.44154860
0.43741233 0.26732045 0.45523947 0.40139892 0.44154860
0.43741233 0.26732045 0.45523947 0.40139892 0.44154860
0.43741233 0.26732045 0.45523947 0.40139892 0.44154860
0.43714841 0.26222245 0.45657361 0.38206775 0.44696331
0.43947982 0.26029403 0.46386215 0.38223563 0.45193215
0.43947982 0.26029403 0.46386215 0.38223563 0.45193215
0.43947982 0.26029403 0.46386215 0.38223563 0.45193215
0.43947982 0.26029403 0.46386215 0.38223563 0.45193215
0.43947982 0.26029403 0.46386215 0.38223563 0.45193215
0.44523386 0.25535191 0.46394514 0.39244581 0.45256669
0.44523386 0.25535191 0.46394514 0.39244581 0.45256669
0.44239905 0.24491958 0.47712106 0.39255250 0.46170182
0.44239905 0.24491958 0.47712106 0.39255250 0.46170182
0.44662077 0.26375903 0.46932355 0.40127518 0.45801732
0.44604980 0.26443262 0.46913593 0.41141340 0.44595536
0.40798462 0.26001471 0.39273697 0.39553974 0.39929135
0.40798462 0.26001471 0.39273697 0.39553974 0.39929135
0.40798462 0.26001471 0.39273697 0.39553974 0.39929135
0.41339664 0.25027309 0.39933419 0.40414476 0.40053375
0.41339664 0.25027309 0.39933419 0.40414476 0.40053375
0.41339664 0.25027309 0.39933419 0.40414476 0.40053375
0.40678487 0.23435708 0.38559610 0.40271769 0.39299674
0.40209509 0.22064999 0.38939721 0.41005193 0.38950115
0.40209509 0.22064999 0.38939721 0.41005193 0.38950115
0.39499488 0.21529814 0.37717340 0.41078882 0.37573577
0.39021060 0.21097848 0.39528586 0.41604991 0.36949658
0.39021060 0.21097848 0.39528586 0.41604991 0.36949658
0.39021060 0.21097848 0.39528586 0.41604991 0.36949658
0.36453289 0.21275971 0.34532734 0.33510278 0.36105757
0.31502012 0.18134256 0.28925147 0.27505039 0.30556414
0.31502012 0.18134256 0.28925147 0.27505039 0.30556414
0.30575278 0.17524751 0.29708748 0.26879819 0.30405890
0.25774016 0.15891000 0.23783375 0.23611758 0.24518510
0.25774016 0.15891000 0.23783375 0.23611758 0.24518510
0.25774016 0.15891000 0.23783375 0.23611758 0.24518510
0.25999395 0.16090923 0.22586036 0.23946348 0.24966856
0.25999395 0.16090923 0.22586036 0.23946348 0.24966856
0.24189378 0.15501683 0.21564684 0.23412132 0.24965546
0.23886463 0.15428166 0.21361373 0.24245352 0.24117286
0.22829752 0.14440929 0.21860169 0.25745457 0.23785066
0.20947105 0.15692673 0.20270683 0.26844337 0.24683066
0.20947105 0.15692673 0.20270683 0.26844337 0.24683066
0.21310449 0.15133584 0.20232191 0.25724248 0.25666948
0.20902970 0.15509131 0.20169765 0.25091465 0.25808759
0.18294932 0.10646003 0.13172916 0.17398169 0.17468035
0.18345675 0.10614592 0.14992412 0.17414502 0.17379481
0.17619289 0.10308455 0.15965517 0.16993170 0.18520972
0.19014738 0.10618309 0.16849589 0.16744691 0.17211584
0.18073759 0.12469839 0.16400776 0.17674149 0.17518835
0.17925806 0.11998238 0.16605157 0.18318079 0.16944376
0.18048002 0.11888668 0.15633125 0.18436816 0.17528789
0.19123401 0.13433492 0.15268854 0.18808875 0.19435188
0.20717709 0.15452823 0.15705097 0.18060034 0.18865824
0.20717709 0.15452823 0.15705097 0.18060034 0.18865824
0.19372227 0.16928128 0.18169907 0.18290481 0.19648607
0.19372227 0.16928128 0.18169907 0.18290481 0.19648607
0.18997401 0.16818960 0.19340475 0.18560698 0.19008468
0.18886901 0.16440626 0.20448648 0.19670544 0.18685417
0.18886901 0.16440626 0.20448648 0.19670544 0.18685417
0.12012913 0.08475356 0.09602774 0.13241784 0.11129945
0.12012913 0.08475356 0.09602774 0.13241784 0.11129945
0.12012913 0.08475356 0.09602774 0.13241784 0.11129945
0.12774757 0.08632275 0.10554795 0.11915008 0.11019088
0.12774757 0.08632275 0.10554795 0.11915008 0.11019088
0.12774757 0.08632275 0.10554795 0.11915008 0.11019088
0.11969993 0.09090943 0.10042407 0.11643561 0.11022771
0.11969993 0.09090943 0.10042407 0.11643561 0.11022771
0.11969993 0.09090943 0.10042407 0.11643561 0.11022771
0.11969993 0.09090943 0.10042407 0.11643561 0.11022771
0.11969993 0.09090943 0.10042407 0.11643561 0.11022771
0.11969993 0.09090943 0.10042407 0.11643561 0.11022771
0.11177763 0.09482200 0.10857817 0.11141715 0.09757467
0.11281675 0.09195372 0.11048106 0.11928404 0.09276805
0.11828968 0.08823943 0.12060413 0.11056947 0.09913365
0.11828968 0.08823943 0.12060413 0.11056947 0.09913365
0.11828968 0.08823943 0.12060413 0.11056947 0.09913365
0.12595356 0.10982929 0.12775089 0.10466116 0.10546939
0.12595356 0.10982929 0.12775089 0.10466116 0.10546939
0.12595356 0.10982929 0.12775089 0.10466116 0.10546939
0.12595356 0.10982929 0.12775089 0.10466116 0.10546939
0.08091743 0.05982109 0.05522053 0.10928633 0.09873568
0.08091743 0.05982109 0.05522053 0.10928633 0.09873568
0.06682474 0.05561621 0.05271068 0.09219813 0.07004779
0.06682474 0.05561621 0.05271068 0.09219813 0.07004779
0.05924236 0.05323976 0.04903235 0.10810270 0.06441117
0.05924236 0.05323976 0.04903235 0.10810270 0.06441117
0.05253693 0.06049169 0.04687343 0.10823800 0.06043667
0.05253693 0.06049169 0.04687343 0.10823800 0.06043667
0.05253693 0.06049169 0.04687343 0.10823800 0.06043667
0.05253693 0.06049169 0.04687343 0.10823800 0.06043667
0.05253693 0.06049169 0.04687343 0.10823800 0.06043667
0.05253693 0.06049169 0.04687343 0.10823800 0.06043667
0.05253693 0.06049169 0.04687343 0.10823800 0.06043667
0.04697760 0.05382332 0.04672010 0.09871315 0.06488195
0.04697760 0.05382332 0.04672010 0.09871315 0.06488195
0.04697760 0.05382332 0.04672010 0.09871315 0.06488195
0.04659830 0.05382578 0.04676975 0.09163645 0.06095198
0.04837457 0.05055215 0.04818343 0.07820642 0.05832854
0.04837457 0.05055215 0.04818343 0.07820642 0.05832854
0.04837457 0.05055215 0.04818343 0.07820642 0.05832854
0.04837457 0.05055215 0.04818343 0.07820642 0.05832854
0.04837457 0.05055215 0.04818343 0.07820642 0.05832854
0.04837457 0.05055215 0.04818343 0.07820642 0.05832854
0.04837457 0.05055215 0.04818343 0.07820642 0.05832854
0.06641321 0.05955392 0.04645803 0.09385787 0.05541919
0.06762549 0.06264593 0.04866748 0.08224474 0.05537421
0.06891896 0.06157644 0.04606126 0.09578207 0.05543050
0.06891896 0.06157644 0.04606126 0.09578207 0.05543050
0.06891896 0.06157644 0.04606126 0.09578207 0.05543050
0.06891896 0.06157644 0.04606126 0.09578207 0.05543050
0.06891896 0.06157644 0.04606126 0.09578207 0.05543050
0.06891896 0.06157644 0.04606126 0.09578207 0.05543050
0.06891896 0.06157644 0.04606126 0.09578207 0.05543050
0.07093911 0.05723812 0.04492823 0.09098007 0.06407015
0.07764787 0.06430060 0.04731042 0.08980616 0.06446023
0.05319513 0.06393075 0.04365074 0.05667215 0.06357270
0.05319513 0.06393075 0.04365074 0.05667215 0.06357270
0.05319513 0.06393075 0.04365074 0.05667215 0.06357270
0.05319513 0.06393075 0.04365074 0.05667215 0.06357270
0.05319513 0.06393075 0.04365074 0.05667215 0.06357270
0.05319513 0.06393075 0.04365074 0.05667215 0.06357270
0.05319513 0.06393075 0.04365074 0.05667215 0.06357270
0.05319513 0.06393075 0.04365074 0.05667215 0.06357270
0.06212999 0.07236325 0.05469644 0.07471548 0.05132668
0.06212999 0.07236325 0.05469644 0.07471548 0.05132668
0.06212999 0.07236325 0.05469644 0.07471548 0.05132668
0.04277519 0.05489879 0.04089782 0.04485733 0.04287494
0.04277519 0.05489879 0.04089782 0.04485733 0.04287494
0.04277519 0.05489879 0.04089782 0.04485733 0.04287494
0.04277519 0.05489879 0.04089782 0.04485733 0.04287494
0.04277519 0.05489879 0.04089782 0.04485733 0.04287494
0.04277519 0.05489879 0.04089782 0.04485733 0.04287494
0.04277519 0.05489879 0.04089782 0.04485733 0.04287494
0.04210626 0.06004796 0.03958621 0.04687662 0.04363045
0.04376243 0.05996416 0.03971754 0.04515167 0.04283201
0.04376243 0.05996416 0.03971754 0.04515167 0.04283201
0.04589556 0.05652779 0.04007734 0.04811851 0.04236390
0.04589556 0.05652779 0.04007734 0.04811851 0.04236390
0.04589556 0.05652779 0.04007734 0.04811851 0.04236390
0.04589556 0.05652779 0.04007734 0.04811851 0.04236390
0.04589556 0.05652779 0.04007734 0.04811851 0.04236390
0.04589556 0.05652779 0.04007734 0.04811851 0.04236390
0.04589556 0.05652779 0.04007734 0.04811851 0.04236390
0.07363268 0.06591429 0.04106160 0.06658246 0.05445117
0.07699827 0.07610953 0.04016715 0.07397531 0.05125314
0.07699827 0.07610953 0.04016715 0.07397531 0.05125314
0.07699827 0.07610953 0.04016715 0.07397531 0.05125314
0.07699827 0.07610953 0.04016715 0.07397531 0.05125314
0.07699827 0.07610953 0.04016715 0.07397531 0.05125314
0.07699827 0.07610953 0.04016715 0.07397531 0.05125314
0.07699827 0.07610953 0.04016715 0.07397531 0.05125314
0.07699827 0.07610953 0.04016715 0.07397531 0.05125314
0.07699827 0.07610953 0.04016715 0.07397531 0.05125314
0.09271438 0.08831850 0.04109644 0.06972032 0.06048572
0.09271438 0.08831850 0.04109644 0.06972032 0.06048572
0.09271438 0.08831850 0.04109644 0.06972032 0.06048572
0.09271438 0.08831850 0.04109644 0.06972032 0.06048572
0.09226729 0.08879371 0.04059923 0.07963019 0.06093546
0.09226729 0.08879371 0.04059923 0.07963019 0.06093546
0.09226729 0.08879371 0.04059923 0.07963019 0.06093546
0.09226729 0.08879371 0.04059923 0.07963019 0.06093546
0.09226729 0.08879371 0.04059923 0.07963019 0.06093546
0.09226729 0.08879371 0.04059923 0.07963019 0.06093546
0.12319272 0.11046702 0.04826687 0.11945243 0.05879016
0.12319272 0.11046702 0.04826687 0.11945243 0.05879016
0.11509761 0.11460603 0.06492591 0.12649629 0.06775396
0.03993638 0.04643059 0.03694742 0.04078426 0.04045999
0.03993638 0.04643059 0.03694742 0.04078426 0.04045999
0.03993638 0.04643059 0.03694742 0.04078426 0.04045999
0.03993638 0.04643059 0.03694742 0.04078426 0.04045999
0.03993638 0.04643059 0.03694742 0.04078426 0.04045999
0.03993638 0.04643059 0.03694742 0.04078426 0.04045999
0.03993638 0.04643059 0.03694742 0.04078426 0.04045999
0.03834847 0.05424077 0.05382320 0.03923787 0.04333386
0.03798172 0.04359324 0.03757641 0.03873131 0.04055693
0.03798172 0.04359324 0.03757641 0.03873131 0.04055693
0.04021795 0.04515441 0.03758695 0.04162237 0.03953364
0.03758794 0.04642112 0.04180802 0.04540630 0.04209100
0.03758794 0.04642112 0.04180802 0.04540630 0.04209100
0.03758794 0.04642112 0.04180802 0.04540630 0.04209100
0.03758794 0.04642112 0.04180802 0.04540630 0.04209100
0.03758794 0.04642112 0.04180802 0.04540630 0.04209100
0.03758794 0.04642112 0.04180802 0.04540630 0.04209100
0.03698884 0.05029437 0.04281333 0.05124665 0.04023579
0.03675789 0.04476694 0.04427409 0.04894779 0.03817326
0.03675789 0.04476694 0.04427409 0.04894779 0.03817326
0.03675789 0.04476694 0.04427409 0.04894779 0.03817326
0.03709219 0.04362689 0.04430776 0.05406551 0.03937744
0.03709219 0.04362689 0.04430776 0.05406551 0.03937744
0.03709219 0.04362689 0.04430776 0.05406551 0.03937744
0.03709219 0.04362689 0.04430776 0.05406551 0.03937744
0.03709219 0.04362689 0.04430776 0.05406551 0.03937744
0.03709219 0.04362689 0.04430776 0.05406551 0.03937744
0.03684492 0.06679388 0.06085376 0.04852848 0.04219416
0.03941137 0.06789299 0.05731586 0.05028801 0.04263719
0.04253814 0.06788628 0.05114515 0.05404726 0.04501655
0.04253814 0.06788628 0.05114515 0.05404726 0.04501655
0.04303362 0.07391430 0.04410157 0.04448446 0.05195057
0.04303362 0.07391430 0.04410157 0.04448446 0.05195057
0.04303362 0.07391430 0.04410157 0.04448446 0.05195057
0.04303362 0.07391430 0.04410157 0.04448446 0.05195057
0.04303362 0.07391430 0.04410157 0.04448446 0.05195057
0.04303362 0.07391430 0.04410157 0.04448446 0.05195057
0.05786691 0.08566952 0.03867854 0.06944302 0.04874299
0.05786691 0.08566952 0.03867854 0.06944302 0.04874299
0.05836633 0.09085652 0.03596836 0.06335883 0.04659700
0.05836633 0.09085652 0.03596836 0.06335883 0.04659700
0.05879569 0.09502202 0.03621806 0.06171697 0.05116787
0.05879569 0.09502202 0.03621806 0.06171697 0.05116787
0.05879569 0.09502202 0.03621806 0.06171697 0.05116787
0.05879569 0.09502202 0.03621806 0.06171697 0.05116787
0.05879569 0.09502202 0.03621806 0.06171697 0.05116787
0.05879569 0.09502202 0.03621806 0.06171697 0.05116787
0.05513822 0.04692982 0.03402470 0.03837039 0.03959587
0.05513822 0.04692982 0.03402470 0.03837039 0.03959587
0.05513822 0.04692982 0.03402470 0.03837039 0.03959587
0.04952182 0.04621869 0.03503798 0.03911412 0.04576752
0.05406306 0.04207549 0.03946125 0.04345086 0.05134982
0.05406306 0.04207549 0.03946125 0.04345086 0.05134982
0.05406306 0.04207549 0.03946125 0.04345086 0.05134982
0.05406306 0.04207549 0.03946125 0.04345086 0.05134982
0.05406306 0.04207549 0.03946125 0.04345086 0.05134982
0.05406306 0.04207549 0.03946125 0.04345086 0.05134982
0.03606485 0.06105017 0.04994782 0.04140431 0.03673664
0.03395261 0.05212956 0.04044183 0.04417868 0.03892283
0.03443936 0.06041162 0.03424709 0.04524553 0.04048942
0.03810257 0.06326836 0.03928585 0.04326613 0.04428751
0.03810257 0.06326836 0.03928585 0.04326613 0.04428751
0.03810257 0.06326836 0.03928585 0.04326613 0.04428751
0.03810257 0.06326836 0.03928585 0.04326613 0.04428751
0.03810257 0.06326836 0.03928585 0.04326613 0.04428751
0.03810257 0.06326836 0.03928585 0.04326613 0.04428751
0.03810257 0.06326836 0.03928585 0.04326613 0.04428751
0.03375075 0.04470322 0.03550872 0.04097899 0.04050198
0.03375075 0.04470322 0.03550872 0.04097899 0.04050198
0.03375075 0.04470322 0.03550872 0.04097899 0.04050198
0.03375075 0.04470322 0.03550872 0.04097899 0.04050198
0.03375075 0.04470322 0.03550872 0.04097899 0.04050198
0.03375075 0.04470322 0.03550872 0.04097899 0.04050198
0.03375075 0.04470322 0.03550872 0.04097899 0.04050198
0.03375075 0.04470322 0.03550872 0.04097899 0.04050198
0.03375075 0.04470322 0.03550872 0.04097899 0.04050198
0.03375075 0.04470322 0.03550872 0.04097899 0.04050198
0.03354858 0.04460765 0.03494555 0.05236074 0.03689053
0.03354858 0.04460765 0.03494555 0.05236074 0.03689053
0.03354858 0.04460765 0.03494555 0.05236074 0.03689053
0.03392141 0.04810284 0.03585070 0.04466207 0.03900255
0.03392141 0.04810284 0.03585070 0.04466207 0.03900255
0.03392141 0.04810284 0.03585070 0.04466207 0.03900255
0.03392141 0.04810284 0.03585070 0.04466207 0.03900255
0.03392141 0.04810284 0.03585070 0.04466207 0.03900255
0.03392141 0.04810284 0.03585070 0.04466207 0.03900255
0.03392141 0.04810284 0.03585070 0.04466207 0.03900255
0.03512601 0.05660753 0.04699787 0.03839800 0.04182760
0.03628235 0.05281399 0.04264032 0.03591750 0.04371267
0.04097045 0.05489819 0.04045206 0.03745154 0.04275774
0.03395113 0.05497204 0.04407372 0.04108065 0.03734323
0.03356090 0.04959477 0.04234674 0.03665489 0.03685536
0.03356090 0.04959477 0.04234674 0.03665489 0.03685536
0.03356090 0.04959477 0.04234674 0.03665489 0.03685536
0.03356090 0.04959477 0.04234674 0.03665489 0.03685536
0.03356090 0.04959477 0.04234674 0.03665489 0.03685536
0.03356090 0.04959477 0.04234674 0.03665489 0.03685536
0.03370174 0.06675234 0.05051649 0.03941680 0.04612343
0.03370174 0.06675234 0.05051649 0.03941680 0.04612343
0.03370174 0.06675234 0.05051649 0.03941680 0.04612343
0.03370174 0.06675234 0.05051649 0.03941680 0.04612343
0.03310358 0.06966009 0.04415862 0.03715432 0.04571682
0.03310358 0.06966009 0.04415862 0.03715432 0.04571682
0.03310358 0.06966009 0.04415862 0.03715432 0.04571682
0.03310358 0.06966009 0.04415862 0.03715432 0.04571682
0.03310358 0.06966009 0.04415862 0.03715432 0.04571682
0.03310358 0.06966009 0.04415862 0.03715432 0.04571682
0.03410989 0.06763527 0.04586250 0.03795608 0.04107301
0.03410989 0.06763527 0.04586250 0.03795608 0.04107301
0.03440603 0.06898809 0.05720798 0.03729816 0.04094293
0.03440603 0.06898809 0.05720798 0.03729816 0.04094293
0.03440603 0.06898809 0.05720798 0.03729816 0.04094293
0.03440603 0.06898809 0.05720798 0.03729816 0.04094293
0.03440603 0.06898809 0.05720798 0.03729816 0.04094293
0.03440603 0.06898809 0.05720798 0.03729816 0.04094293
0.03440603 0.06898809 0.05720798 0.03729816 0.04094293
0.03440603 0.06898809 0.05720798 0.03729816 0.04094293
0.03405822 0.04552172 0.04442615 0.03701737 0.03800035
0.03509038 0.03930296 0.04748641 0.04210082 0.04193432
0.03509038 0.03930296 0.04748641 0.04210082 0.04193432
0.03509038 0.03930296 0.04748641 0.04210082 0.04193432
0.03358565 0.04649449 0.04913220 0.04539201 0.04216899
0.03358565 0.04649449 0.04913220 0.04539201 0.04216899
0.03358565 0.04649449 0.04913220 0.04539201 0.04216899
0.03358565 0.04649449 0.04913220 0.04539201 0.04216899
0.03358565 0.04649449 0.04913220 0.04539201 0.04216899
0.03358565 0.04649449 0.04913220 0.04539201 0.04216899
0.03642374 0.04172356 0.04778765 0.05541714 0.04046400
0.03642374 0.04172356 0.04778765 0.05541714 0.04046400
0.04059621 0.03639273 0.05358935 0.05976465 0.03869930
0.04059621 0.03639273 0.05358935 0.05976465 0.03869930
0.04582319 0.03803168 0.05291687 0.06339900 0.05501520
0.04582319 0.03803168 0.05291687 0.06339900 0.05501520
0.04582319 0.03803168 0.05291687 0.06339900 0.05501520
0.04582319 0.03803168 0.05291687 0.06339900 0.05501520
0.04582319 0.03803168 0.05291687 0.06339900 0.05501520
0.04582319 0.03803168 0.05291687 0.06339900 0.05501520
0.04104715 0.04202966 0.03800720 0.05605739 0.04845581
0.03850155 0.03731568 0.04010955 0.05588234 0.04375250
0.03850155 0.03731568 0.04010955 0.05588234 0.04375250
0.03553282 0.04897119 0.03954330 0.05380201 0.04371810
0.03536130 0.05107340 0.04030117 0.04635080 0.04187803
0.03536130 0.05107340 0.04030117 0.04635080 0.04187803
0.03536130 0.05107340 0.04030117 0.04635080 0.04187803
0.03536130 0.05107340 0.04030117 0.04635080 0.04187803
0.03536130 0.05107340 0.04030117 0.04635080 0.04187803
0.03536130 0.05107340 0.04030117 0.04635080 0.04187803
0.03773358 0.04303464 0.04794325 0.06008010 0.04458889
0.03548034 0.03947056 0.05216364 0.07757233 0.04173452
0.03447609 0.03786196 0.04953750 0.08330500 0.04246048
0.04005033 0.03714771 0.05852005 0.08276686 0.04169406
0.04005033 0.03714771 0.05852005 0.08276686 0.04169406
0.04005033 0.03714771 0.05852005 0.08276686 0.04169406
0.04005033 0.03714771 0.05852005 0.08276686 0.04169406
0.04005033 0.03714771 0.05852005 0.08276686 0.04169406
0.04005033 0.03714771 0.05852005 0.08276686 0.04169406
0.04005033 0.03714771 0.05852005 0.08276686 0.04169406
0.04431408 0.04384966 0.03779653 0.03840257 0.04094147
0.04431408 0.04384966 0.03779653 0.03840257 0.04094147
0.04591740 0.04677582 0.03694791 0.03875389 0.04249424
0.04591740 0.04677582 0.03694791 0.03875389 0.04249424
0.03996465 0.03686262 0.03622824 0.04207378 0.04264958
0.03996465 0.03686262 0.03622824 0.04207378 0.04264958
0.03996465 0.03686262 0.03622824 0.04207378 0.04264958
0.03996465 0.03686262 0.03622824 0.04207378 0.04264958
0.03996465 0.03686262 0.03622824 0.04207378 0.04264958
0.03996465 0.03686262 0.03622824 0.04207378 0.04264958
0.03646851 0.03577327 0.04525675 0.04509169 0.04959628
0.03646851 0.03577327 0.04525675 0.04509169 0.04959628
0.03646851 0.03577327 0.04525675 0.04509169 0.04959628
0.03646851 0.03577327 0.04525675 0.04509169 0.04959628
0.03885921 0.04826370 0.06405560 0.03896154 0.04646238
0.03885921 0.04826370 0.06405560 0.03896154 0.04646238
0.03885921 0.04826370 0.06405560 0.03896154 0.04646238
0.03885921 0.04826370 0.06405560 0.03896154 0.04646238
0.03885921 0.04826370 0.06405560 0.03896154 0.04646238
0.03885921 0.04826370 0.06405560 0.03896154 0.04646238
0.03814052 0.03755118 0.03498442 0.04917758 0.05300737
0.03838791 0.03500674 0.03432307 0.04702299 0.04929871
0.04303641 0.03527322 0.03443511 0.05163250 0.04412595
0.04303641 0.03527322 0.03443511 0.05163250 0.04412595
0.04303641 0.03527322 0.03443511 0.05163250 0.04412595
0.04303641 0.03527322 0.03443511 0.05163250 0.04412595
0.04303641 0.03527322 0.03443511 0.05163250 0.04412595
0.04303641 0.03527322 0.03443511 0.05163250 0.04412595
0.04303641 0.03527322 0.03443511 0.05163250 0.04412595
0.04303641 0.03527322 0.03443511 0.05163250 0.04412595
0.03867225 0.04161049 0.05186429 0.06910281 0.04616713
0.03956927 0.03922662 0.04410522 0.06009763 0.04164260
0.03956927 0.03922662 0.04410522 0.06009763 0.04164260
0.03555672 0.03740631 0.04137632 0.06540917 0.04398826
0.03555672 0.03740631 0.04137632 0.06540917 0.04398826
0.03555672 0.03740631 0.04137632 0.06540917 0.04398826
0.03555672 0.03740631 0.04137632 0.06540917 0.04398826
0.03555672 0.03740631 0.04137632 0.06540917 0.04398826
