0.00000000
0.00000000
0.00000000
0.33665798
0.33257622
0.33257622
0.33257622
0.24298771
0.24464279
0.24556541
0.24501559
0.24541871
0.24541871
0.24541871
0.24541871
0.24541871
0.24541871
0.26359452
0.26359452
0.26359452
0.26609332
0.26594673
0.26594673
0.26594673
0.26594673
0.26594673
0.26594673
0.26594673
0.26594673
0.26594673
0.26594673
0.26594673
0.26594673
0.26594673
0.26594673
0.26594673
0.26594673
0.26594673
0.26594673
0.26594673
0.26594673
0.26594673
0.26594673
0.26594673
0.26594673
0.26594673
0.26594673
0.26594673
0.26594673
0.26594673
0.26594673
0.26594673
0.26594673
0.26594673
0.26594673
0.26594673
0.26594673
0.26594673
0.26594673
0.26594673
0.26594673
0.26594673
0.21085237
0.21085237
0.20967888
0.20967888
0.20967888
0.35198868
0.35198868
0.35176240
0.34686163
0.34686163
0.34558783
0.34982306
0.34982306
0.34677204
0.34677204
0.34284099
0.34405025
0.34405025
0.34405025
0.32581980
0.32581980
0.32581980
0.32581980
0.32417573
0.32417573
0.32417573
0.32417573
0.32420704
0.32420704
0.32420704
0.32420704
0.32176275
0.32176275
0.31973455
0.32355816
0.32355816
0.32604568
0.32604568
0.32604568
0.32604568
0.32347164
0.32347164
0.32347164
0.32347164
0.32347164
0.32347164
0.32347164
0.32452260
0.32452260
0.32452260
0.32452260
0.33013927
0.33794153
0.33794153
0.33794153
0.33794153
0.33794153
0.33794153
0.33794153
0.33794153
0.33126516
0.28360720
0.28360720
0.28576696
0.28576696
0.28576696
0.28990809
0.28990809
0.29482277
0.29482277
0.29482277
0.29482277
0.29482277
0.29482277
0.29792543
0.30046515
0.29889316
0.29889316
0.29708651
0.29708651
0.29646580
0.29646580
0.29646580
0.28964990
0.28964990
0.28964990
0.28964990
0.28964990
0.23573733
0.23825818
0.23825818
0.23825818
0.23581218
0.23310090
0.19631607
0.19591623
0.19944113
0.19869042
0.19869042
0.19703989
0.18827200
0.18827200
0.18623531
0.19577802
0.19782944
0.19630934
0.19667539
0.19492894
0.19400872
0.19400872
0.19400872
0.19642495
0.19642495
0.16337163
0.16048659
0.15578884
0.15637167
0.13513632
0.13689597
0.10666413
0.10666413
0.10666413
0.10666413
0.10479593
0.10479593
0.10679599
0.10679599
0.10829631
0.10964580
0.10628826
0.10628826
0.10628826
0.10628826
0.10555580
0.09986314
0.10334370
0.10334370
0.10334370
0.10334370
0.10334370
0.10334370
0.09858532
0.09858532
0.09858532
0.09858532
0.09678009
0.09678009
0.09678009
0.09678009
0.09678009
0.09991314
0.09991314
0.09824068
0.09824068
0.09824068
0.09824068
0.09840288
0.09697695
0.09697695
0.09697695
0.09697695
0.09506778
0.09987751
0.09987751
0.08703028
0.08703028
0.08703028
0.08703028
0.08175395
0.08982374
0.09162856
0.09162856
0.09162856
0.09162856
0.09162856
0.09162856
0.10175313
0.10055104
0.09680313
0.09680313
0.09680313
0.09110847
0.09341952
0.09341952
0.08734681
0.09136456
0.09174287
0.09174287
0.09174287
0.09174287
0.09526456
0.09929659
0.09929659
0.09929659
0.10315041
0.10223559
0.09931141
0.09947331
0.09947331
0.10204290
0.10204290
0.10204290
0.07420411
0.07420411
0.08195610
0.08195610
0.08315465
0.08315465
0.08501358
0.08694305
0.08856463
0.08856463
0.08856463
0.08284886
0.08594319
0.09326573
0.09326573
0.09371532
0.09470823
0.09470823
0.09461182
0.09689735
0.09689735
0.10581401
0.10662242
0.10141081
0.10216366
0.10216366
0.10060296
0.06033026
0.05878819
0.05878819
0.05878819
0.05718873
0.05718873
0.05639834
0.05594062
0.05363917
0.05363917
0.05363917
0.05561601
0.05561601
0.05561601
0.05561601
0.05656667
0.05736405
0.05859880
0.05859880
0.05872853
0.05707964
0.05362579
0.05450633
0.05450633
0.05450633
0.05450633
0.05450633
0.05450633
0.04455437
0.04455437
0.04455437
0.04350945
0.04350945
0.04350945
0.04347966
0.04347966
0.04347966
0.04413734
0.04413734
0.04413734
0.04413734
0.04413734
0.04391945
0.04391945
0.04470049
0.04470049
0.04487834
0.04434256
0.04434256
0.04434256
0.04393816
0.04549783
0.04549783
0.04480576
0.04480576
0.04480576
0.04480576
0.04521004
0.04573123
0.04424451
0.04424451
0.04424451
0.04612808
0.04612808
0.04651966
0.04780145
0.04780145
0.05115070
0.05216448
0.05216448
0.05216448
0.05216448
0.05216448
0.05533390
0.05519226
0.05244327
0.05244327
0.05244327
0.05244327
0.05244327
0.05244327
0.05244327
0.05244327
0.05244327
0.05244327
0.05244327
0.04976292
0.04976292
0.04988290
0.04724458
0.04724458
0.04724458
0.04724458
0.04485130
0.04485130
0.04514738
0.04608813
0.04608813
0.04647147
0.04475785
0.04475785
0.04475785
0.04475785
0.04475785
0.04475785
0.04773683
0.04773683
0.04773683
0.04773683
0.04713645
0.04713645
0.04235388
0.04235388
0.04235388
0.04252323
0.04367904
0.04367904
0.04416913
0.04316908
0.04316908
0.04423326
0.04423326
0.04348181
0.04358418
0.04566484
0.04566484
0.04362639
0.04362639
0.04362639
0.04298045
0.04298045
0.04298045
0.04298045
0.04298045
0.04298045
0.04366818
0.04117132
0.04117132
0.04117132
0.04209317
0.04230581
0.03995017
0.04372131
0.04529721
0.04529721
0.04992594
0.04992594
0.04082516
0.03788516
0.03683849
0.03631090
0.03631090
0.03670351
0.03670351
0.03670351
0.03670351
0.03670351
0.03615078
0.03615078
0.03615078
0.03615078
0.03783424
0.03783424
0.03783424
0.03748474
0.03831744
0.03831744
0.03825144
0.03825144
0.03825144
0.04083856
0.04083856
0.04249132
0.04257865
0.04257865
0.04257865
0.04257865
0.04257865
0.04257865
0.04257865
0.04291724
0.04291724
0.04291724
0.04291724
0.04415944
0.04415944
0.04355998
0.04439362
0.04579810
0.04579810
0.04390303
0.04312289
0.04312289
0.04312289
0.04487536
0.04487536
0.04560166
0.04560166
0.04379288
0.04379288
0.04450280
0.04426181
0.04426181
0.04426181
0.04191450
0.04191450
0.04191450
0.04188587
0.04207483
0.04137324
0.03533678
0.03352323
0.04006248
0.04395800
0.04395800
0.04395800
0.04395800
0.04589051
0.04589051
0.04141316
0.04141316
0.03946018
0.03946018
0.03946018
0.04066310
0.03973885
0.04114622
0.04766405
0.04755480
0.04755480
0.03460827
0.03460827
0.03536438
0.03536438
0.03536438
0.03536438
0.03841872
0.03727570
0.03727570
0.03727570
0.03727570
0.03727570
0.03727570
0.03727570
0.03667681
0.03516736
0.03516736
0.03516736
0.03516736
0.03516736
0.03516736
0.03516736
0.03540777
0.03576094
0.03741589
0.03776726
0.03776726
0.03776726
0.03776726
0.03776726
0.03804513
0.03804513
0.03690316
0.03690316
0.03639644
0.03541990
0.03667256
0.03616485
0.03616485
0.03616485
0.03616485
0.03616485
0.03616485
0.03616485
0.03616485
0.03616485
0.03677251
0.03677251
0.03631062
0.03631062
0.03631062
0.03631062
0.03631062
0.03512251
0.03512251
0.03713679
0.03820308
0.03820308
0.03820308
0.03761204
0.03619131
0.04002835
0.04444167
0.04444167
0.04444167
0.04444167
0.04371376
0.04558578
0.04701960
0.04612732
0.04612732
0.04276196
0.04276196
0.04232680
0.04232680
0.04232680
0.04232680
0.03541558
0.03484140
0.03484140
0.03546471
0.03546471
0.03546471
0.03546471
0.03546471
0.03546471
0.03377545
0.03698717
0.03698717
0.03698717
0.04046196
0.04046196
0.04594793
0.04594793
0.05039074
0.05039074
0.05039074
0.03367335
0.03367335
0.03367335
0.03284953
0.03284953
0.03340523
0.03505179
0.03691343
0.03395092
0.03395092
0.03395092
0.03395092
0.03395092
0.03395092
0.03395092
0.03395092
0.03395092
0.03395092
0.03395092
0.03395092
0.03395092
0.03395092
0.03395092
0.03395092
0.04224848
0.04224848
0.04224848
0.04074075
0.04074075
0.03725164
0.03457392
0.03449420
0.03677730
0.03920718
0.03865238
0.03865238
0.03761141
0.03384087
0.03685624
0.03685624
0.03685624
0.03685624
0.03685624
0.03685624
0.03685624
0.03685624
0.03685624
0.03685624
0.03685624
0.03685624
0.03685624
0.03685624
0.03685624
0.03685624
0.03685624
0.03685624
0.03685624
0.03685624
0.03685624
0.03004335
0.02985888
0.02912460
0.02912460
0.02826389
0.04609705
0.04698491
0.04698491
0.04698491
0.04698491
0.03411178
0.03411178
0.03411178
0.03411178
0.03533852
0.03533852
0.03533852
0.03533852
0.03533852
0.03533852
0.03533852
0.03533852
0.03533852
0.03533852
0.03533852
0.03533852
0.03533852
0.03533852
0.03533852
0.03533852
0.03533852
0.03533852
0.03533852
0.03533852
0.03533852
0.04144331
0.04125975
0.04426286
0.04426286
0.04426286
0.04150829
0.04164311
0.04307561
0.04566411
0.04700942
0.03195506
0.03063247
0.03046745
0.03046745
0.03046745
0.03046745
0.03046745
0.03046745
0.03046745
0.03046745
0.03046745
0.03046745
0.03046745
0.03046745
0.03046745
0.03046745
0.03046745
0.03046745
0.03046745
0.03046745
0.03046745
0.03046745
0.03046745
0.03046745
0.03046745
0.03046745
0.03046745
0.03046745
0.03046745
0.03046745
0.03293862
0.03234992
0.03353459
0.03353459
0.03353459
0.02955707
0.02955707
0.02955707
0.02955707
0.02955707
0.02955707
0.02955707
0.02955707
0.02955707
0.02955707
0.02955707
0.02955707
0.02955707
0.02955707
0.02955707
0.02955707
0.02955707
0.02955707
0.02955707
0.02955707
0.02955707
0.02955707
0.02955707
0.02955707
0.02955707
0.02955707
0.02955707
0.02955707
0.02955707
0.02955707
0.03911985
0.03911985
0.03972890
0.03972890
0.03972890
0.04306882
0.04398310
0.04398310
0.04398310
0.04398310
0.04398310
0.04398310
0.04398310
0.04398310
0.04398310
0.04398310
0.04398310
0.04398310
0.04398310
0.04398310
0.04398310
0.04398310
0.04398310
0.04398310
0.04398310
0.04398310
0.04398310
0.04398310
0.04398310
0.04398310
0.04398310
0.04398310
0.04398310
0.04398310
0.04398310
0.04832439
0.04659904
0.04659904
0.04323590
0.04427880
0.04167878
0.04167878
0.04167878
0.03527170
0.03527170
0.03527170
0.03527170
0.03527170
0.03527170
0.03527170
0.03527170
0.03527170
0.03527170
0.03527170
0.03527170
0.03527170
0.03527170
0.03527170
0.03527170
0.03527170
0.03527170
0.03527170
0.03527170
0.03527170
0.03527170
0.03527170
0.03527170
0.03527170
0.03527170
0.03527170
0.03879439
0.03879439
0.03836435
0.03833978
0.03834738
0.03267779
0.03267779
0.03267779
0.03214793
0.03062365
0.03062365
0.03062365
0.03062365
0.03062365
0.03062365
0.03062365
0.03062365
0.03062365
0.03062365
0.03062365
0.03062365
0.03062365
0.03062365
0.03062365
0.03062365
0.03062365
0.03062365
0.03062365
0.03062365
0.03062365
0.03062365
0.03062365
0.03062365
0.03062365
0.03062365
0.03506704
0.03514138
0.03514138
0.03460396
0.03389547
0.03601488
0.03167342
0.03167342
0.03251924
0.03600588
0.03600588
0.03600588
0.03600588
0.03600588
0.03600588
0.03600588
0.03600588
0.03600588
0.03600588
0.03600588
0.03600588
0.03600588
0.03600588
0.03600588
0.03600588
0.03600588
0.03600588
0.03600588
0.03600588
0.03600588
0.03600588
0.03600588
0.03600588
0.03600588
0.03600588
0.04500237
0.04500237
0.04623353
0.04502614
0.03229502
0.03243996
0.03243996
0.03658848
0.03658848
0.03834536
0.03834536
0.03834536
0.03834536
0.03834536
0.03834536
0.03834536
0.03834536
0.03834536
0.03834536
0.03834536
0.03834536
0.03834536
0.03834536
0.03834536
0.03834536
0.03834536
0.03834536
0.03834536
0.03834536
0.03834536
0.03834536
0.03834536
0.03834536
0.03834536
0.03834536
0.03313510
0.03560048
0.04059346
0.04059346
0.04104586
0.04114433
0.04114433
0.04197256
0.04197256
0.03852444
0.03852444
0.03852444
0.03852444
0.03852444
0.03852444
0.03852444
0.03852444
0.03852444
0.03852444
0.03852444
0.03852444
0.03852444
0.03852444
0.03852444
0.03852444
0.03852444
0.03852444
0.03852444
0.03852444
0.03852444
0.03852444
0.03852444
0.03852444
0.03852444
0.03852444
0.03796568
0.02974708
0.03097460
