0.00000000
0.00000000
0.00000000
0.35736841
0.35408378
0.35408378
0.35408378
0.35410898
0.35570993
0.35772908
0.35248970
0.34974628
0.24089695
0.24112480
0.23916059
0.23647235
0.23668033
0.23668033
0.23668033
0.23668033
0.29690292
0.29574785
0.29574785
0.29301044
0.29404791
0.29404791
0.29404791
0.29404791
0.29404791
0.29218065
0.29217025
0.29086153
0.29086153
0.28824770
0.28824770
0.36737739
0.36668606
0.36668606
0.33524701
0.33280477
0.33791685
0.33791685
0.29721213
0.29721213
0.29473819
0.29473819
0.29473819
0.29473819
0.29473819
0.29473819
0.29263880
0.29263880
0.34048002
0.34048002
0.34048002
0.34048002
0.34048002
0.29665322
0.22882700
0.22882700
0.22882700
0.22882700
0.28458792
0.28458792
0.28819806
0.28819806
0.28819806
0.16489802
0.11646070
0.11279191
0.10778401
0.10778401
0.21282393
0.21695712
0.21695712
0.21639886
0.21639886
0.21667276
0.21714013
0.21714013
0.21714013
0.16683605
0.16683605
0.16683605
0.16683605
0.16071551
0.16071551
0.16071551
0.16071551
0.15680030
0.15680030
0.15680030
0.15680030
0.15537110
0.15537110
0.15153198
0.15844004
0.15844004
0.16051474
0.16051474
0.16051474
0.16051474
0.15753400
0.11200909
0.11200909
0.11200909
0.11200909
0.11200909
0.11200909
0.11918458
0.11918458
0.11918458
0.11918458
0.11996074
0.12898165
0.12898165
0.12898165
0.12898165
0.12898165
0.12898165
0.12898165
0.12898165
0.12722995
0.07969074
0.07969074
0.08165178
0.08165178
0.08165178
0.08238894
0.08238894
0.08384136
0.08384136
0.08384136
0.08384136
0.08384136
0.05602134
0.05954757
0.05731651
0.05746495
0.05746495
0.05273322
0.05273322
0.05365176
0.05365176
0.05365176
0.05050914
0.05050914
0.05050914
0.05050914
0.05050914
0.03940986
0.03858474
0.03858474
0.03858474
0.03836430
0.03779163
0.03653885
0.03643836
0.03742829
0.03935237
0.03935237
0.04191542
0.04073382
0.04073382
0.04214911
0.04353569
0.04322497
0.04768795
0.05072671
0.04988576
0.05144843
0.05144843
0.05144843
0.05857963
0.05857963
0.03702171
0.03590176
0.03698941
0.03656523
0.03544811
0.03552160
0.03474215
0.03474215
0.03474215
0.03474215
0.03650315
0.03650315
0.03702212
0.03702212
0.03701280
0.03866447
0.04099283
0.04099283
0.04099283
0.04099283
0.04232021
0.04283282
0.04342294
0.04342294
0.04342294
0.04342294
0.04342294
0.04342294
0.04573661
0.04573661
0.04573661
0.04573661
0.04590080
0.04590080
0.04590080
0.04590080
0.04590080
0.04275320
0.04275320
0.04130879
0.04130879
0.04130879
0.04130879
0.04125307
0.04439403
0.04439403
0.04439403
0.04439403
0.04527162
0.04268300
0.04268300
0.03773351
0.03773351
0.03773351
0.03773351
0.03920844
0.03799202
0.03726682
0.03726682
0.03726682
0.03726682
0.03726682
0.03726682
0.03697020
0.03775156
0.03630345
0.03630345
0.03630345
0.03860748
0.03711379
0.03711379
0.03972114
0.04093305
0.04083262
0.04083262
0.04083262
0.04083262
0.04242979
0.04482724
0.04482724
0.04482724
0.04372600
0.04491361
0.05042031
0.04649378
0.04649378
0.04490846
0.04490846
0.04490846
0.03586952
0.03586952
0.03648756
0.03648756
0.03696239
0.03696239
0.03642820
0.03586158
0.03553672
0.03553672
0.03553672
0.03634719
0.03709802
0.03634128
0.03634128
0.03664039
0.03775033
0.03775033
0.03829932
0.03818148
0.03818148
0.04191505
0.04451824
0.04291531
0.04479952
0.04479952
0.04528292
0.03623969
0.03642739
0.03642739
0.03642739
0.03693918
0.03693918
0.03750626
0.03881860
0.04030378
0.04030378
0.04030378
0.03868294
0.03868294
0.03868294
0.03868294
0.03878019
0.03802766
0.03721368
0.03721368
0.03820421
0.04059327
0.04192922
0.04137120
0.04137120
0.04137120
0.04137120
0.04137120
0.04137120
0.04015654
0.04015654
0.04015654
0.04484341
0.04484341
0.04484341
0.04432611
0.04432611
0.04432611
0.04533607
0.04533607
0.04533607
0.04533607
0.04533607
0.04558648
0.04558648
0.05238407
0.05238407
0.05226284
0.04799309
0.04799309
0.04799309
0.05034406
0.04799965
0.04799965
0.05300954
0.05300954
0.05300954
0.05300954
0.05066432
0.05106909
0.03460104
0.03460104
0.03460104
0.03752396
0.03752396
0.03819951
0.04101509
0.04101509
0.04012892
0.04261507
0.04261507
0.04261507
0.04261507
0.04261507
0.04180998
0.04146654
0.04463366
0.04463366
0.04463366
0.04463366
0.04463366
0.04463366
0.04463366
0.04463366
0.04463366
0.04463366
0.04463366
0.04956375
0.04956375
0.04885134
0.05037248
0.05037248
0.05037248
0.05037248
0.04832793
0.04832793
0.05193101
0.03471766
0.03471766
0.03418893
0.03475806
0.03475806
0.03475806
0.03475806
0.03475806
0.03475806
0.03459629
0.03459629
0.03459629
0.03459629
0.03431427
0.03431427
0.03642802
0.03642802
0.03642802
0.03635115
0.03578481
0.03578481
0.03674146
0.03491151
0.03491151
0.03801747
0.03801747
0.03769611
0.04012385
0.04269142
0.04269142
0.03991325
0.03991325
0.03991325
0.04350548
0.04350548
0.04350548
0.04350548
0.04350548
0.04350548
0.04249137
0.03510753
0.03510753
0.03510753
0.03484264
0.03533275
0.03414006
0.03392263
0.03368063
0.03368063
0.03414516
0.03414516
0.03295554
0.03572818
0.03990834
0.03935696
0.03935696
0.03626967
0.03626967
0.03626967
0.03626967
0.03626967
0.03375224
0.03375224
0.03375224
0.03375224
0.03461920
0.03461920
0.03461920
0.03444639
0.03540174
0.03540174
0.03275688
0.03275688
0.03275688
0.03292002
0.03292002
0.03376179
0.03380919
0.03380919
0.03380919
0.03380919
0.03380919
0.03380919
0.03380919
0.03508845
0.03508845
0.03508845
0.03508845
0.03511657
0.03511657
0.03424727
0.03648067
0.03553988
0.03553988
0.03989389
0.04030094
0.04030094
0.04030094
0.04058489
0.04058489
0.04271639
0.04271639
0.04842155
0.04842155
0.04657130
0.04723044
0.04723044
0.04723044
0.04768801
0.04768801
0.04768801
0.04893029
0.05222266
0.05116311
0.03507162
0.03529987
0.03209451
0.03319027
0.03319027
0.03319027
0.03319027
0.03347176
0.03347176
0.03280575
0.03280575
0.03278033
0.03278033
0.03278033
0.03408768
0.03636154
0.03602868
0.03644492
0.03841739
0.03841739
0.04514124
0.04514124
0.04229742
0.04229742
0.04229742
0.04229742
0.03896592
0.03916667
0.03916667
0.03916667
0.03916667
0.03916667
0.03916667
0.03916667
0.03707037
0.03927444
0.03927444
0.03927444
0.03927444
0.03927444
0.03927444
0.03927444
0.03858775
0.03965871
0.04570592
0.05083740
0.05083740
0.05083740
0.05083740
0.05083740
0.05027763
0.05027763
0.05037713
0.05037713
0.05181336
0.05174518
0.05037573
0.05370030
0.05370030
0.05370030
0.05370030
0.05370030
0.05370030
0.05370030
0.05370030
0.05370030
0.04905034
0.04905034
0.05552883
0.05552883
0.05552883
0.05552883
0.05552883
0.04767671
0.04767671
0.04430179
0.04477769
0.04477769
0.04477769
0.04581845
0.04965387
0.04612008
0.04919415
0.04919415
0.04919415
0.04919415
0.04644738
0.04190305
0.04468160
0.04677802
0.04677802
0.04533701
0.04533701
0.04445146
0.04445146
0.04445146
0.04445146
0.03857640
0.03611610
0.03611610
0.03985901
0.03985901
0.05029780
0.05029780
0.04870021
0.04870021
0.03225352
0.03056536
0.03056536
0.03056536
0.02964890
0.02964890
0.02964890
0.02964890
0.02964890
0.02964890
0.02964890
0.02964890
0.02964890
0.02964890
0.02964890
0.02964890
0.02964890
0.02964890
0.02964890
0.02964890
0.03023770
0.03061438
0.03061438
0.02954736
0.03144926
0.03263403
0.03263403
0.03310305
0.03464848
0.03472454
0.03345895
0.03617043
0.03618775
0.03734077
0.03804075
0.03804075
0.03804075
0.03804075
0.03804075
0.03804075
0.03804075
0.03804075
0.03804075
0.03804075
0.03804075
0.03804075
0.03804075
0.03804075
0.03804075
0.03804075
0.03804075
0.03804075
0.03804075
0.03804075
0.03804075
0.03882811
0.03882811
0.03882811
0.03882811
0.03882811
0.03718144
0.03718144
0.03496268
0.03584946
0.03489576
0.03302642
0.03520832
0.03627299
0.03588162
0.03756980
0.03756980
0.03756980
0.03756980
0.03756980
0.03756980
0.03756980
0.03756980
0.03756980
0.03756980
0.03756980
0.03756980
0.03756980
0.03756980
0.03756980
0.03756980
0.03756980
0.03756980
0.03756980
0.03756980
0.03756980
0.03756980
0.03433947
0.03433947
0.03433947
0.03074389
0.03801952
0.03801952
0.03801952
0.03829269
0.03829269
0.03828508
0.03828508
0.03854978
0.03854978
0.03744129
0.03744129
0.03744129
0.03744129
0.03744129
0.03744129
0.03744129
0.03744129
0.03744129
0.03744129
0.03744129
0.03744129
0.03744129
0.03744129
0.03744129
0.03744129
0.03744129
0.03744129
0.03744129
0.03744129
0.03744129
0.03194953
0.03194953
0.02937706
0.02937706
0.03007714
0.03890861
0.03890861
0.03890861
0.03890861
0.03890861
0.04648714
0.03967569
0.03967569
0.04036794
0.04329619
0.04329619
0.04329619
0.04329619
0.04329619
0.04329619
0.04329619
0.04329619
0.04329619
0.04329619
0.04329619
0.04329619
0.04329619
0.04329619
0.04329619
0.04329619
0.04329619
0.04329619
0.04329619
0.04329619
0.04329619
0.04329619
0.04329619
0.04329619
0.04329619
0.04329619
0.03340718
0.03373424
0.03373424
0.03373424
0.03373424
0.03362784
0.03362784
0.03475306
0.03261820
0.03261820
0.03261820
0.03261820
0.03261820
0.03261820
0.03261820
0.03261820
0.03261820
0.03261820
0.03261820
0.03261820
0.03261820
0.03261820
0.03261820
0.03261820
0.03261820
0.03261820
0.03261820
0.03261820
0.03261820
0.03261820
0.03261820
0.03261820
0.03261820
0.03261820
0.03261820
0.03261820
0.03261820
0.04409431
0.04409431
0.04409431
0.03364179
0.03364179
0.03755874
0.03755874
0.03758725
0.03758725
0.03758725
0.03758725
0.03758725
0.03758725
0.03758725
0.03758725
0.03758725
0.03758725
0.03758725
0.03758725
0.03758725
0.03758725
0.03758725
0.03758725
0.03758725
0.03758725
0.03758725
0.03758725
0.03758725
0.03758725
0.03758725
0.03758725
0.03758725
0.03758725
0.04144580
0.04144580
0.04557408
0.05033660
0.05019054
0.05276678
0.03357402
0.03099042
0.03028916
0.03231235
0.03231235
0.03231235
0.03231235
0.03231235
0.03231235
0.03231235
0.03231235
0.03231235
0.03231235
0.03231235
0.03231235
0.03231235
0.03231235
0.03231235
0.03231235
0.03231235
0.03231235
0.03231235
0.03231235
0.03231235
0.03231235
0.03231235
0.03231235
0.03231235
0.03231235
0.03295460
0.03259300
0.03259300
0.03259300
0.03259300
0.02996323
0.02996323
0.02996323
0.02996323
0.02996323
0.02996323
0.02996323
0.02996323
0.02996323
0.02996323
0.02996323
0.02996323
0.02996323
0.02996323
0.02996323
0.02996323
0.02996323
0.02996323
0.02996323
0.02996323
0.02996323
0.02996323
0.02996323
0.02996323
0.02996323
0.02996323
0.02996323
0.02996323
0.02996323
0.02996323
0.03722091
0.03776659
0.03744020
0.04019356
0.03926829
0.04803576
0.05042351
0.05042351
0.05042351
0.04766276
0.04766276
0.04766276
0.04766276
0.04766276
0.04766276
0.04766276
0.04766276
0.04766276
0.04766276
0.04766276
0.04766276
0.04766276
0.04766276
0.04766276
0.04766276
0.04766276
0.04766276
0.04766276
0.04766276
0.04766276
0.04766276
0.04766276
0.04766276
0.04766276
0.04766276
0.03652940
0.03652940
0.03652940
0.03652940
0.03652940
0.03995385
0.03995385
0.03995385
0.03982257
0.04005214
0.04005214
0.04005214
0.04005214
0.04005214
0.04005214
0.04005214
0.04005214
0.04005214
0.04005214
0.04005214
0.04005214
0.04005214
0.04005214
0.04005214
0.04005214
0.04005214
0.04005214
0.04005214
0.04005214
0.04005214
0.04005214
0.04005214
0.04005214
0.04005214
0.04005214
0.03275834
0.03275834
0.03272155
0.03272155
0.03272155
0.03337697
0.03688858
0.03969260
0.04171937
0.04015269
0.04015269
0.04015269
0.04015269
0.04015269
0.04015269
0.04015269
0.04015269
0.04015269
