0.00000000
0.32706840
0.32706840
0.32895341
0.32888085
0.32888085
0.32888085
0.41677259
0.41438340
0.41438340
0.41455506
0.41455506
0.30064047
0.29958480
0.29790780
0.29790780
0.30280791
0.30280791
0.30280791
0.30280791
0.30280791
0.30280791
0.30280791
0.30280791
0.30280791
0.30280791
0.30280791
0.32534258
0.32534258
0.32534258
0.32534258
0.32631976
0.32631976
0.32631976
0.32631976
0.32631976
0.32631976
0.32631976
0.32631976
0.32631976
0.32631976
0.32631976
0.32631976
0.32631976
0.32631976
0.32631976
0.32631976
0.32442323
0.32442323
0.32442323
0.32545424
0.32608208
0.32608208
0.32608208
0.32608208
0.32850636
0.32673015
0.31777304
0.31777304
0.31777304
0.31777304
0.31777304
0.31597460
0.31597460
0.31597460
0.31597460
0.31597460
0.31790749
0.32135654
0.32135654
0.32135654
0.32135654
0.32135654
0.32135654
0.32135654
0.32135654
0.32135654
0.32512747
0.32512747
0.32512747
0.32512747
0.32512747
0.32524219
0.31832768
0.31947009
0.32024993
0.32024993
0.32024993
0.32024993
0.31970351
0.32064575
0.32064575
0.32064575
0.32355056
0.32537344
0.32537344
0.33519011
0.33104809
0.33104809
0.27563893
0.27563893
0.26880364
0.26671898
0.26671898
0.26671898
0.26671898
0.27062606
0.26620684
0.26637887
0.26637887
0.22259664
0.22259664
0.21983133
0.21983133
0.21983133
0.21983133
0.21664982
0.21722232
0.21267060
0.21267060
0.21090463
0.21090463
0.21404288
0.21404288
0.21496102
0.21377261
0.21377261
0.21377261
0.20839317
0.20839317
0.17538623
0.17538623
0.17887641
0.17887641
0.17887641
0.17887641
0.17887641
0.17887641
0.17877057
0.17877057
0.18192060
0.18536508
0.18101378
0.18101378
0.18101378
0.18101378
0.17753828
0.17458074
0.17458074
0.17458074
0.17458074
0.18206174
0.18006184
0.18006184
0.18006184
0.18431370
0.18756105
0.18756105
0.18756105
0.18756105
0.11284000
0.11008245
0.11008245
0.10975670
0.11086987
0.08257930
0.08257930
0.07849554
0.07849554
0.08510940
0.08510940
0.08510940
0.08510940
0.08510940
0.08531203
0.08147336
0.07549321
0.06919240
0.07484639
0.07775410
0.07775410
0.08119499
0.08119499
0.08291844
0.08291844
0.08236064
0.08236064
0.08236064
0.08550750
0.08511935
0.08511935
0.08511935
0.08203428
0.09306452
0.09306452
0.09306452
0.09338502
0.09991666
0.09991666
0.09580249
0.09580249
0.10094950
0.10094950
0.10094950
0.09526404
0.09490484
0.09439464
0.09133758
0.09133758
0.04976473
0.04976473
0.04976473
0.04976473
0.04976473
0.04976473
0.05194062
0.04979383
0.04979383
0.05065461
0.05281728
0.05281728
0.05281728
0.05281728
0.05224595
0.04980741
0.04980741
0.04980741
0.04453955
0.04453955
0.04453955
0.04453955
0.04369849
0.04197725
0.04197725
0.04461956
0.04238926
0.04214234
0.03770225
0.03770225
0.03770225
0.03728673
0.03728673
0.03728673
0.03728673
0.04028053
0.04158748
0.04842490
0.04945642
0.04945642
0.05086528
0.05086528
0.04864025
0.04864025
0.04928502
0.04928502
0.04928502
0.04928502
0.04928502
0.06573082
0.06573082
0.06573082
0.06573082
0.06573082
0.06573082
0.06576804
0.06576804
0.06576804
0.06576804
0.05997387
0.05997387
0.05978950
0.05978950
0.05978950
0.05791380
0.05431157
0.05431157
0.05591016
0.05369251
0.05369251
0.05369251
0.05604670
0.05604670
0.05604670
0.05604670
0.05558932
0.05309457
0.05560258
0.05560258
0.05436389
0.05436389
0.05436389
0.05460431
0.05460431
0.05460431
0.05460431
0.05460431
0.05704966
0.05747460
0.05747460
0.05747460
0.05747460
0.05272365
0.04921780
0.05277653
0.05387814
0.05387814
0.04898823
0.05646816
0.05249964
0.05908712
0.06618723
0.06618723
0.06671919
0.06306378
0.05646911
0.05957810
0.06104231
0.05608482
0.05608482
0.05608482
0.05608482
0.05531380
0.05531380
0.05531380
0.05531380
0.05531380
0.05507930
0.05507930
0.05675233
0.05499731
0.05499731
0.05470719
0.05470719
0.05500383
0.05307941
0.05307941
0.05906976
0.05906976
0.05863114
0.05863114
0.05863114
0.05886068
0.05838429
0.05909611
0.05909611
0.05909611
0.05909611
0.04456586
0.04456586
0.04746509
0.04746509
0.04746509
0.04746509
0.04659548
0.04659548
0.04659548
0.05125436
0.04835954
0.04536583
0.04536583
0.04447907
0.04447907
0.04546730
0.04546730
0.04546730
0.04460870
0.04687692
0.04786951
0.04786951
0.04684752
0.05005988
0.05005988
0.05005988
0.05005988
0.05259238
0.05259238
0.05259238
0.05259238
0.05363881
0.05363881
0.05704698
0.05704698
0.05700736
0.05700736
0.05943487
0.05978152
0.05702861
0.05702861
0.05702861
0.05702861
0.05934240
0.05934240
0.05934240
0.05934240
0.05934240
0.05934240
0.05934240
0.05837805
0.05837805
0.05992541
0.06549960
0.06386914
0.06386914
0.06608002
0.06608002
0.06608002
0.06608002
0.06608002
0.06608002
0.06413403
0.06413403
0.06413403
0.06413403
0.06413403
0.06428445
0.06571545
0.06571545
0.06571545
0.06571545
0.06571545
0.06571545
0.06571545
0.06227943
0.06378151
0.06378151
0.06207118
0.06207118
0.06210195
0.06287080
0.06770789
0.06770789
0.06770789
0.06770789
0.06415096
0.06415096
0.06415096
0.06500290
0.06500290
0.06880616
0.06880616
0.06829828
0.06989465
0.06989465
0.07289456
0.07289456
0.07617729
0.07640046
0.08125117
0.07598503
0.07598503
0.07598503
0.07583206
0.07583206
0.07517494
0.07517494
0.07517494
0.04770623
0.05020266
0.04671775
0.05008036
0.05146027
0.03795305
0.03830218
0.04273144
0.04462988
0.04462988
0.04462988
0.04489785
0.04489785
0.04489785
0.04763063
0.04763063
0.04459134
0.04459134
0.04929814
0.05131720
0.05104574
0.05104574
0.05104574
0.05104574
0.04698536
0.04609655
0.04533424
0.04668473
0.04668473
0.04668473
0.04818523
0.05130589
0.05142505
0.03821845
0.03821845
0.03785468
0.03690507
0.03655274
0.03655274
0.03807504
0.03807504
0.03829086
0.03829086
0.04063035
0.04063035
0.03932051
0.04112830
0.04112830
0.04112830
0.04187715
0.04187715
0.04156280
0.03610643
0.03554797
0.03554797
0.03575424
0.03575424
0.03575424
0.03680098
0.03680098
0.03710781
0.03984338
0.03984338
0.03984338
0.03984338
0.03931222
0.03809520
0.03809520
0.03907242
0.03704814
0.03562753
0.03912465
0.04005359
0.04005359
0.04358219
0.04650612
0.04650612
0.04650612
0.04620108
0.03318532
0.03532116
0.03532116
0.03852640
0.04375446
0.04297009
0.04783497
0.05174229
0.05174229
0.05174229
0.05302298
0.05302298
0.05302298
0.05054937
0.05054937
0.05054937
0.04896208
0.04896208
0.04896208
0.04896208
0.04889574
0.04461214
0.04006915
0.03624879
0.03624879
0.03624879
0.03624879
0.03809912
0.03809912
0.03809912
0.03921344
0.03921344
0.03829517
0.04149198
0.04420915
0.04420915
0.04943861
0.04943861
0.04943861
0.04943861
0.04943861
0.05410910
0.05410910
0.06172917
0.06172917
0.06172917
0.06172917
0.06172917
0.06172917
0.06551729
0.06315139
0.06315139
0.05883188
0.06058808
0.06058808
0.06325409
0.06325409
0.05916001
0.06216926
0.06491727
0.06122710
0.05766343
0.05766343
0.05766343
0.06250225
0.06098290
0.06490775
0.06490775
0.06490775
0.06490775
0.06490775
0.06490775
0.05297009
0.05382903
0.04132061
0.04119382
0.04119382
0.04119382
0.04119382
0.04119382
0.04119382
0.04119382
0.04119382
0.04119382
0.04119382
0.04119382
0.04119382
0.04119382
0.04119382
0.04119382
0.04119382
0.04119382
0.04119382
0.04119382
0.04119382
0.04119382
0.04119382
0.04119382
0.04119382
0.04119382
0.04119382
0.04119382
0.04119382
0.04119382
0.04119382
0.04119382
0.04119382
0.04119382
0.04119382
0.04119382
0.04119382
0.04119382
0.04782266
0.04641522
0.04641522
0.05039366
0.05039366
0.05039366
0.05039366
0.05039366
0.05039366
0.05039366
0.05039366
0.05039366
0.05039366
0.05039366
0.05039366
0.05039366
0.05039366
0.05039366
0.05039366
0.05039366
0.05039366
0.05039366
0.05039366
0.05039366
0.05039366
0.05039366
0.05039366
0.05039366
0.05039366
0.05039366
0.05039366
0.05039366
0.05039366
0.05039366
0.05039366
0.05039366
0.05039366
0.05039366
0.05039366
0.05039366
0.03951837
0.04105802
0.04201733
0.04774134
0.04948863
0.04948863
0.04948863
0.04948863
0.04948863
0.04948863
0.04948863
0.04948863
0.04948863
0.04948863
0.04948863
0.04948863
0.04948863
0.04948863
0.04948863
0.04948863
0.04948863
0.04948863
0.04948863
0.04948863
0.04948863
0.04948863
0.04948863
0.04948863
0.04948863
0.04948863
0.04948863
0.04948863
0.04948863
0.04948863
0.04948863
0.04948863
0.04948863
0.04948863
0.04948863
0.04948863
0.03095210
0.03095210
0.02999881
0.03118962
0.03167487
0.03167487
0.03167487
0.03167487
0.03167487
0.03167487
0.03167487
0.03167487
0.03167487
0.03167487
0.03167487
0.03167487
0.03167487
0.03167487
0.03167487
0.03167487
0.03167487
0.03167487
0.03167487
0.03167487
0.03167487
0.03167487
0.03167487
0.03167487
0.03167487
0.03167487
0.03167487
0.03167487
0.03167487
0.03167487
0.03167487
0.03167487
0.03167487
0.03167487
0.03167487
0.03167487
0.03614710
0.03614710
0.04018710
0.04018710
0.04029545
0.04029545
0.04029545
0.04029545
0.04029545
0.04029545
0.04029545
0.04029545
0.04029545
0.04029545
0.04029545
0.04029545
0.04029545
0.04029545
0.04029545
0.04029545
0.04029545
0.04029545
0.04029545
0.04029545
0.04029545
0.04029545
0.04029545
0.04029545
0.04029545
0.04029545
0.04029545
0.04029545
0.04029545
0.04029545
0.04029545
0.04029545
0.04029545
0.04029545
0.04029545
0.04029545
0.03310031
0.03310031
0.03302198
0.03302198
0.03268024
0.03268024
0.03268024
0.03268024
0.03268024
0.03268024
0.03268024
0.03268024
0.03268024
0.03268024
0.03268024
0.03268024
0.03268024
0.03268024
0.03268024
0.03268024
0.03268024
0.03268024
0.03268024
0.03268024
0.03268024
0.03268024
0.03268024
0.03268024
0.03268024
0.03268024
0.03268024
0.03268024
0.03268024
0.03268024
0.03268024
0.03268024
0.03268024
0.03268024
0.03268024
0.03268024
0.03981672
0.04461543
0.03152657
0.03152657
0.03259497
0.03259497
0.03259497
0.03259497
0.03259497
0.03259497
0.03259497
0.03259497
0.03259497
0.03259497
0.03259497
0.03259497
0.03259497
0.03259497
0.03259497
0.03259497
0.03259497
0.03259497
0.03259497
0.03259497
0.03259497
0.03259497
0.03259497
0.03259497
0.03259497
0.03259497
0.03259497
0.03259497
0.03259497
0.03259497
0.03259497
0.03259497
0.03259497
0.03259497
0.03259497
0.03259497
0.03074193
0.03074193
0.03334349
0.03593806
0.03593806
0.03593806
0.03593806
0.03593806
0.03593806
0.03593806
0.03593806
0.03593806
0.03593806
0.03593806
0.03593806
0.03593806
0.03593806
0.03593806
0.03593806
0.03593806
0.03593806
0.03593806
0.03593806
0.03593806
0.03593806
0.03593806
0.03593806
0.03593806
0.03593806
0.03593806
0.03593806
0.03593806
0.03593806
0.03593806
0.03593806
0.03593806
0.03593806
0.03593806
0.03593806
0.03593806
0.03477241
0.03477241
0.03477241
0.03710069
0.03673674
0.03673674
0.03673674
0.03673674
0.03673674
0.03673674
0.03673674
0.03673674
0.03673674
0.03673674
0.03673674
0.03673674
0.03673674
0.03673674
0.03673674
0.03673674
0.03673674
0.03673674
0.03673674
0.03673674
0.03673674
0.03673674
0.03673674
0.03673674
0.03673674
0.03673674
0.03673674
0.03673674
0.03673674
0.03673674
0.03673674
0.03673674
0.03673674
0.03673674
0.03673674
0.03673674
0.05060422
0.05060422
0.05060422
0.04869085
0.04869085
0.04869085
0.04869085
0.04869085
0.04869085
0.04869085
0.04869085
0.04869085
0.04869085
0.04869085
0.04869085
0.04869085
0.04869085
0.04869085
0.04869085
0.04869085
0.04869085
0.04869085
0.04869085
0.04869085
0.04869085
0.04869085
0.04869085
0.04869085
0.04869085
0.04869085
0.04869085
0.04869085
0.04869085
