0.00000000
0.27252923
0.27252923
0.27091156
0.27099622
0.27099622
0.27099622
0.27099622
0.27099622
0.27099622
0.27099622
0.27099622
0.27099622
0.27099622
0.32899114
0.32899114
0.32651323
0.32651323
0.32810570
0.32810570
0.32810570
0.32770577
0.32770577
0.32770577
0.32770577
0.32770577
0.32770577
0.32770577
0.32770577
0.32770577
0.32770577
0.32770577
0.32770577
0.32770577
0.32770577
0.32770577
0.32770577
0.32807766
0.32807766
0.32936016
0.32808654
0.32808654
0.32808654
0.32808654
0.32808654
0.32808654
0.32808654
0.32808654
0.32808654
0.32808654
0.32808654
0.32808654
0.32808654
0.32808654
0.32808654
0.32808654
0.32808654
0.32808654
0.32808654
0.32808654
0.32808654
0.32808654
0.32808654
0.32808654
0.32808654
0.32808654
0.32808654
0.32808654
0.32808654
0.32808654
0.32808654
0.32808654
0.32808654
0.32808654
0.32808654
0.32808654
0.32808654
0.32808654
0.32808654
0.32808654
0.32808654
0.32808654
0.32808654
0.32808654
0.32808654
0.32808654
0.32808654
0.32808654
0.32808654
0.32808654
0.32808654
0.32808654
0.32808654
0.32808654
0.32808654
0.32808654
0.32808654
0.32808654
0.32808654
0.32808654
0.32808654
0.32808654
0.32808654
0.32808654
0.32808654
0.32808654
0.32808654
0.32808654
0.32808654
0.32808654
0.32808654
0.32808654
0.32808654
0.32808654
0.32808654
0.32808654
0.32808654
0.32808654
0.32808654
0.32808654
0.32808654
0.32808654
0.32808654
0.32808654
0.32808654
0.32808654
0.32808654
0.32808654
0.32808654
0.32808654
0.32808654
0.32808654
0.32808654
0.32808654
0.32808654
0.32808654
0.32808654
0.32808654
0.32808654
0.32808654
0.32808654
0.32808654
0.32808654
0.32808654
0.32808654
0.32808654
0.32808654
0.32808654
0.32808654
0.32808654
0.32808654
0.32808654
0.32808654
0.32808654
0.32808654
0.32808654
0.32808654
0.32808654
0.32808654
0.32808654
0.32808654
0.32808654
0.32808654
0.32808654
0.32808654
0.32808654
0.32808654
0.32808654
0.32808654
0.32808654
0.32808654
0.32808654
0.32808654
0.32808654
0.32808654
0.32808654
0.32808654
0.32808654
0.32808654
0.32808654
0.32808654
0.32808654
0.32808654
0.32808654
0.32808654
0.32808654
0.32808654
0.32808654
0.32808654
0.32808654
0.32808654
0.32808654
0.32808654
0.32808654
0.32808654
0.32808654
0.32808654
0.32808654
0.32808654
0.32808654
0.32808654
0.32808654
0.32808654
0.32808654
0.32808654
0.32808654
0.32808654
0.32808654
0.32808654
0.32808654
0.32808654
0.32808654
0.32808654
0.32808654
0.32808654
0.32808654
0.32808654
0.32808654
0.32808654
0.32808654
0.32808654
0.32808654
0.32808654
0.32808654
0.32808654
0.32808654
0.32808654
0.32808654
0.32808654
0.32808654
0.32808654
0.32808654
0.32808654
0.32808654
0.32808654
0.32808654
0.32808654
0.32808654
0.32808654
0.32808654
0.32808654
0.32808654
0.32808654
0.32808654
0.32808654
0.32808654
0.32808654
0.37806710
0.37806710
0.38197001
0.38197001
0.37908456
0.37908456
0.37939052
0.37939052
0.37939052
0.37939052
0.37939052
0.37939052
0.37939052
0.37939052
0.37939052
0.37939052
0.37939052
0.37939052
0.37939052
0.37939052
0.37939052
0.37939052
0.37939052
0.37939052
0.37939052
0.37939052
0.37939052
0.37939052
0.37939052
0.37939052
0.37939052
0.37939052
0.37939052
0.37939052
0.37939052
0.37939052
0.37939052
0.37939052
0.37939052
0.37939052
0.37939052
0.37939052
0.37939052
0.37939052
0.37939052
0.37939052
0.37939052
0.37939052
0.37939052
0.37939052
0.37939052
0.37939052
0.37939052
0.37939052
0.37939052
0.37939052
0.37939052
0.37939052
0.37939052
0.37939052
0.37939052
0.37939052
0.37939052
0.37939052
0.37939052
0.37939052
0.37939052
0.37939052
0.37939052
0.37939052
0.37939052
0.37939052
0.37939052
0.37939052
0.37939052
0.37939052
0.37939052
0.37939052
0.37939052
0.37939052
0.37939052
0.37939052
0.37939052
0.37939052
0.37939052
0.37939052
0.37939052
0.37939052
0.37939052
0.37939052
0.37939052
0.37939052
0.37939052
0.37939052
0.37939052
0.37939052
0.37939052
0.37939052
0.37939052
0.37939052
0.37939052
0.37939052
0.37939052
0.37939052
0.37939052
0.37939052
0.37939052
0.37939052
0.37939052
0.37939052
0.37939052
0.37939052
0.37939052
0.37939052
0.37939052
0.37939052
0.37939052
0.37939052
0.37939052
0.37939052
0.37939052
0.37939052
0.37939052
0.37939052
0.37939052
0.37939052
0.37939052
0.37939052
0.37939052
0.37939052
0.37939052
0.37939052
0.37939052
0.37939052
0.37939052
0.37939052
0.37939052
0.37939052
0.37939052
0.37939052
0.37939052
0.37939052
0.37939052
0.37939052
0.37939052
0.37939052
0.37939052
0.37939052
0.37939052
0.37939052
0.37939052
0.37939052
0.37939052
0.37939052
0.37939052
0.37939052
0.37939052
0.37939052
0.37939052
0.37939052
0.37939052
0.37939052
0.37939052
0.37939052
0.37939052
0.37939052
0.37939052
0.37939052
0.37939052
0.37939052
0.37939052
0.37939052
0.37939052
0.37939052
0.37939052
0.37939052
0.37939052
0.37939052
0.37939052
0.37939052
0.37939052
0.37939052
0.37939052
0.37939052
0.37939052
0.37939052
0.37939052
0.37939052
0.37939052
0.37939052
0.37939052
0.37939052
0.37939052
0.37939052
0.37939052
0.37939052
0.37939052
0.37939052
0.37939052
0.37939052
0.37939052
0.37939052
0.37939052
0.37939052
0.37939052
0.37939052
0.37939052
0.37939052
0.37939052
0.37939052
0.37939052
0.37939052
0.37939052
0.37939052
0.37939052
0.37939052
0.37939052
0.37939052
0.37939052
0.37939052
0.37939052
0.37939052
0.37939052
0.37939052
0.37939052
0.37939052
0.37939052
0.37939052
0.37939052
0.37939052
0.37939052
0.37939052
0.37939052
0.37939052
0.37939052
0.37939052
0.37939052
0.37939052
0.37939052
0.37939052
0.37939052
0.37939052
0.37939052
0.37939052
0.37939052
0.37939052
0.37939052
0.37939052
0.37939052
0.37939052
0.37939052
0.37939052
0.37939052
0.37939052
0.37939052
0.37939052
0.37939052
0.37939052
0.37939052
0.37939052
0.37939052
0.37939052
0.37939052
0.37939052
0.37939052
0.37939052
0.37939052
0.37939052
0.37939052
0.37939052
0.37939052
0.37939052
0.37939052
0.37939052
0.37939052
0.37939052
0.37939052
0.37939052
0.37939052
0.37939052
0.37939052
0.37939052
0.37939052
0.37939052
0.37939052
0.37939052
0.37939052
0.37939052
0.37939052
0.37939052
0.37939052
0.37939052
0.37939052
0.37939052
0.37939052
0.37939052
0.37939052
0.37939052
0.37939052
0.37939052
0.37939052
0.37939052
0.37939052
0.37939052
0.37939052
0.37939052
0.37939052
0.37939052
0.37939052
0.37939052
0.37939052
0.37939052
0.37939052
0.37939052
0.37939052
0.37939052
0.37939052
0.37939052
0.37939052
0.37939052
0.37939052
0.37939052
0.37939052
0.37939052
0.37939052
0.37939052
0.37939052
0.37939052
0.37939052
0.37939052
0.37939052
0.37939052
0.37939052
0.37939052
0.37939052
0.37939052
0.37939052
0.37939052
0.37939052
0.37939052
0.37939052
0.37939052
0.37939052
0.37939052
0.37939052
0.37939052
0.37939052
0.37939052
0.37939052
0.37939052
0.37939052
0.37939052
0.37939052
0.37939052
0.44065142
0.44065142
0.43754942
0.43754942
0.43704500
0.43704500
0.43865022
0.44077945
0.44077945
0.43935527
0.43935527
0.43935527
0.43987511
0.35472794
0.35472794
0.35004249
0.35729033
0.35943345
0.35690435
0.36052701
0.36052701
0.36052701
0.36302001
0.36302001
0.36143351
0.36143351
0.36143351
0.35865471
0.35555348
0.35383014
0.34962889
0.35361869
0.35361869
0.35361869
0.35361869
0.35361869
0.35211854
0.35211854
0.35211854
0.35211854
0.35211854
0.34874917
0.35120562
0.35120562
0.35120562
0.35120562
0.35120562
0.35359984
0.35359984
0.35575900
0.35575900
0.35965052
0.35915610
0.32861653
0.32861653
0.32861653
0.33092842
0.33092842
0.33092842
0.32212785
0.32007538
0.32007538
0.31259721
0.31440914
0.31440914
0.31440914
0.28925715
0.24840942
0.24840942
0.24514802
0.21099186
0.21099186
0.21099186
0.21097090
0.21097090
0.20314062
0.20211800
0.20163058
0.20112441
0.20112441
0.20053467
0.19955935
0.14496748
0.14855063
0.14986585
0.15176876
0.15504659
0.15449556
0.15410161
0.16294314
0.16828110
0.16828110
0.17504839
0.17504839
0.17558561
0.17824119
0.17824119
0.10239662
0.10239662
0.10239662
0.10320684
0.10320684
0.10320684
0.10115078
0.10115078
0.10115078
0.10115078
0.10115078
0.10115078
0.09816759
0.09843907
0.10036060
0.10036060
0.10036060
0.10762328
0.10762328
0.10762328
0.10762328
0.07325596
0.07325596
0.05919215
0.05919215
0.05602385
0.05602385
0.05540218
0.05540218
0.05540218
0.05540218
0.05540218
0.05540218
0.05540218
0.05251631
0.05251631
0.05251631
0.04955079
0.04551046
0.04551046
0.04551046
0.04551046
0.04551046
0.04551046
0.04551046
0.05355088
0.05246467
0.05443932
0.05443932
0.05443932
0.05443932
0.05443932
0.05443932
0.05443932
0.05395808
0.05757601
0.04714671
0.04714671
0.04714671
0.04714671
0.04714671
0.04714671
0.04714671
0.04714671
0.05384659
0.05384659
0.05384659
0.03569583
0.03569583
0.03569583
0.03569583
0.03569583
0.03569583
0.03569583
0.03608706
0.03627703
0.03627703
0.03679106
0.03679106
0.03679106
0.03679106
0.03679106
0.03679106
0.03679106
0.05108801
0.05405691
0.05405691
0.05405691
0.05405691
0.05405691
0.05405691
0.05405691
0.05405691
0.05405691
0.06066134
0.06066134
0.06066134
0.06066134
0.06257235
0.06257235
0.06257235
0.06257235
0.06257235
0.06257235
0.08178918
0.08178918
0.08708231
0.03262688
0.03262688
0.03262688
0.03262688
0.03262688
0.03262688
0.03262688
0.03706354
0.03031178
0.03031178
0.03106447
0.03211470
0.03211470
0.03211470
0.03211470
0.03211470
0.03211470
0.03439801
0.03336185
0.03336185
0.03336185
0.03405762
0.03405762
0.03405762
0.03405762
0.03405762
0.03405762
0.04129581
0.04138100
0.04178555
0.04178555
0.04076807
0.04076807
0.04076807
0.04076807
0.04076807
0.04076807
0.05098654
0.05098654
0.05015473
0.05015473
0.05181472
0.05181472
0.05181472
0.05181472
0.05181472
0.05181472
0.03426414
0.03426414
0.03426414
0.03415292
0.03738114
0.03738114
0.03738114
0.03738114
0.03738114
0.03738114
0.03643543
0.03302962
0.03452788
0.03709106
0.03709106
0.03709106
0.03709106
0.03709106
0.03709106
0.03709106
0.03028891
0.03028891
0.03028891
0.03028891
0.03028891
0.03028891
0.03028891
0.03028891
0.03028891
0.03028891
0.03168116
0.03168116
0.03168116
0.03103110
0.03103110
0.03103110
0.03103110
0.03103110
0.03103110
0.03103110
0.03569429
0.03383491
0.03461822
0.03405696
0.03094936
0.03094936
0.03094936
0.03094936
0.03094936
0.03094936
0.03896647
0.03896647
0.03896647
0.03896647
0.03706852
0.03706852
0.03706852
0.03706852
0.03706852
0.03706852
0.03646316
0.03646316
0.03945371
0.03945371
0.03945371
0.03945371
0.03945371
0.03945371
0.03945371
0.03945371
0.02909340
0.03068159
0.03068159
0.03068159
0.03327139
0.03327139
0.03327139
0.03327139
0.03327139
0.03327139
0.03422070
0.03422070
0.03667249
0.03667249
0.04161259
0.04161259
0.04161259
0.04161259
0.04161259
0.04161259
0.03500418
0.03340712
0.03340712
0.03302290
0.03138368
0.03138368
0.03138368
0.03138368
0.03138368
0.03138368
0.03371690
0.03743952
0.03781883
0.04093512
0.04093512
0.04093512
0.04093512
0.04093512
0.04093512
0.04093512
0.03045600
0.03045600
0.03205639
0.03205639
0.02961327
0.02961327
0.02961327
0.02961327
0.02961327
0.02961327
0.03226892
0.03226892
0.03226892
0.03226892
0.03731878
0.03731878
0.03731878
0.03731878
0.03731878
0.03731878
0.03481542
0.03232801
0.03279589
0.03279589
0.03279589
0.03279589
0.03279589
0.03279589
0.03279589
0.03279589
0.04166289
0.03658119
0.03658119
0.03559863
0.03559863
0.03559863
0.03559863
0.03559863
