0.00000000
0.00000000
0.00000000
0.30392202
0.30294651
0.30294651
0.30294651
0.29796997
0.29803513
0.29923035
0.29667330
0.29580859
0.29580859
0.29651345
0.29682501
0.29782086
0.29587062
0.29587062
0.29587062
0.29587062
0.23757592
0.23914659
0.23914659
0.24124691
0.24300850
0.24300850
0.24300850
0.24300850
0.24300850
0.24302194
0.24395972
0.24521247
0.24521247
0.24322824
0.24322824
0.29944996
0.29716901
0.29716901
0.29716901
0.29571009
0.29743548
0.29743548
0.33501865
0.33501865
0.33510731
0.33510731
0.33510731
0.33510731
0.33510731
0.33510731
0.33810827
0.33810827
0.29416269
0.29416269
0.29416269
0.29416269
0.29416269
0.34329663
0.28773337
0.28773337
0.28773337
0.28773337
0.22934033
0.22934033
0.22968286
0.22968286
0.22968286
0.22375287
0.22375287
0.22017446
0.21472387
0.21472387
0.10701675
0.11070869
0.11070869
0.11133314
0.11133314
0.11111981
0.11204618
0.11204618
0.11204618
0.08353189
0.08353189
0.08353189
0.08353189
0.07759506
0.05448703
0.05448703
0.05448703
0.05538907
0.05538907
0.05538907
0.05538907
0.05567434
0.05567434
0.05785536
0.06070613
0.06070613
0.05959766
0.05959766
0.05959766
0.05959766
0.05526045
0.04534475
0.04534475
0.04534475
0.04534475
0.04534475
0.04534475
0.04691395
0.04691395
0.04691395
0.04691395
0.04679653
0.05266492
0.05266492
0.05266492
0.05266492
0.05266492
0.05266492
0.05266492
0.05266492
0.05246150
0.04032363
0.04032363
0.04102739
0.04102739
0.04102739
0.04357224
0.04357224
0.04563518
0.04563518
0.04563518
0.04563518
0.04563518
0.03792039
0.03959113
0.04050508
0.04095478
0.04095478
0.03902654
0.03902654
0.04031452
0.04031452
0.04031452
0.04009776
0.04009776
0.04009776
0.04009776
0.04009776
0.03339337
0.03367894
0.03367894
0.03367894
0.03333952
0.03417103
0.03342709
0.03399246
0.03446319
0.03452255
0.03452255
0.03598146
0.03561114
0.03561114
0.03693945
0.03770531
0.03783446
0.03937192
0.04045568
0.03916480
0.03876363
0.03876363
0.03876363
0.04073093
0.04073093
0.03418886
0.03373119
0.03486364
0.03539315
0.03477897
0.03418282
0.03306115
0.03306115
0.03306115
0.03306115
0.03824380
0.03824380
0.03773329
0.03773329
0.03888745
0.03908156
0.04401099
0.04401099
0.04401099
0.04401099
0.04570707
0.04542695
0.04449135
0.04449135
0.04449135
0.04449135
0.04449135
0.04449135
0.04687308
0.04687308
0.04687308
0.04687308
0.04697458
0.04697458
0.04697458
0.04697458
0.04697458
0.04389562
0.04389562
0.04275258
0.04275258
0.04275258
0.04275258
0.04383636
0.04658110
0.04658110
0.04658110
0.04658110
0.04732734
0.04629304
0.04629304
0.03482921
0.03482921
0.03482921
0.03482921
0.03503048
0.03500742
0.03448618
0.03448618
0.03448618
0.03448618
0.03448618
0.03448618
0.03406930
0.03506866
0.03368979
0.03368979
0.03368979
0.03587801
0.03749826
0.03749826
0.04192645
0.04279251
0.04100667
0.04100667
0.04100667
0.04100667
0.04314138
0.04582042
0.04582042
0.04582042
0.04551901
0.04620384
0.04752056
0.04022538
0.04022538
0.03894595
0.03894595
0.03894595
0.03203676
0.03203676
0.03634004
0.03634004
0.03438964
0.03438964
0.03676782
0.03629839
0.03735777
0.03735777
0.03735777
0.04062844
0.04046047
0.04400654
0.04400654
0.04467555
0.04816668
0.04816668
0.04523642
0.04648704
0.04648704
0.05035707
0.05387739
0.05359306
0.05710695
0.05710695
0.05527382
0.03159712
0.03198291
0.03198291
0.03198291
0.03293992
0.03293992
0.03672616
0.03685113
0.03715874
0.03715874
0.03715874
0.03635962
0.03635962
0.03635962
0.03635962
0.03682212
0.03830014
0.03725392
0.03725392
0.03899933
0.03729576
0.03741358
0.03823159
0.03823159
0.03823159
0.03823159
0.03823159
0.03823159
0.03109638
0.03109638
0.03109638
0.03384581
0.03384581
0.03384581
0.03346320
0.03346320
0.03346320
0.03636606
0.03636606
0.03636606
0.03636606
0.03636606
0.03710004
0.03710004
0.04551215
0.04551215
0.04482470
0.04039514
0.04039514
0.04039514
0.04204523
0.03961958
0.03961958
0.04274939
0.04274939
0.04274939
0.04274939
0.04165193
0.04066131
0.02983099
0.02983099
0.02983099
0.03028115
0.03028115
0.03172286
0.03267583
0.03267583
0.03552084
0.03970749
0.03970749
0.03970749
0.03970749
0.03970749
0.03639670
0.03406592
0.03535689
0.03535689
0.03535689
0.03535689
0.03535689
0.03535689
0.03535689
0.03535689
0.03535689
0.03535689
0.03535689
0.03851161
0.03851161
0.03892810
0.03926639
0.03926639
0.03926639
0.03926639
0.03843490
0.03843490
0.04069438
0.03133915
0.03133915
0.03379359
0.03186832
0.03186832
0.03186832
0.03186832
0.03186832
0.03186832
0.03253495
0.03253495
0.03253495
0.03253495
0.03230188
0.03230188
0.03022477
0.03022477
0.03022477
0.03194517
0.03104325
0.03104325
0.03353316
0.03310709
0.03310709
0.03563392
0.03563392
0.03345834
0.03499411
0.03680001
0.03680001
0.03537618
0.03537618
0.03537618
0.03581010
0.03581010
0.03581010
0.03581010
0.03581010
0.03581010
0.03601736
0.03113691
0.03113691
0.03113691
0.03072324
0.03445576
0.03110515
0.03314652
0.03469696
0.03469696
0.03875468
0.03875468
0.03129354
0.03068106
0.02934913
0.02916365
0.02916365
0.02732883
0.02732883
0.02732883
0.02732883
0.02732883
0.02753686
0.02753686
0.02753686
0.02753686
0.02935525
0.02935525
0.02935525
0.02992050
0.03136283
0.03136283
0.02806836
0.02806836
0.02806836
0.03015055
0.03015055
0.03180479
0.03452840
0.03452840
0.03452840
0.03452840
0.03452840
0.03452840
0.03452840
0.03398059
0.03398059
0.03398059
0.03398059
0.03516248
0.03516248
0.03557548
0.03641518
0.03704184
0.03704184
0.03795570
0.03845734
0.03845734
0.03845734
0.03853549
0.03853549
0.03978195
0.03978195
0.04048471
0.04048471
0.04106336
0.04408920
0.04408920
0.04408920
0.04029928
0.04029928
0.04029928
0.04493588
0.04073174
0.04058160
0.03012878
0.02871397
0.03416222
0.03828860
0.03828860
0.03828860
0.03828860
0.03866398
0.03866398
0.03682843
0.03682843
0.03379316
0.03379316
0.03379316
0.03266281
0.03174588
0.03274559
0.03755162
0.03721820
0.03721820
0.02820276
0.02820276
0.02702332
0.02702332
0.02702332
0.02702332
0.02675324
0.02677162
0.02677162
0.02677162
0.02677162
0.02677162
0.02677162
0.02677162
0.02639607
0.02642558
0.02642558
0.02642558
0.02642558
0.02642558
0.02642558
0.02642558
0.02664205
0.02623006
0.02855395
0.03224742
0.03224742
0.03224742
0.03224742
0.03224742
0.03477271
0.03477271
0.03433738
0.03433738
0.03254918
0.03193225
0.03180917
0.03774228
0.03774228
0.03774228
0.03774228
0.03774228
0.03774228
0.03774228
0.03774228
0.03774228
0.03717197
0.03717197
0.03888847
0.03888847
0.03888847
0.03888847
0.03888847
0.03390338
0.03390338
0.03148090
0.03053592
0.03053592
0.03053592
0.03312107
0.03478540
0.03386352
0.03649842
0.03649842
0.03649842
0.03649842
0.03709611
0.03404916
0.03427652
0.03462548
0.03462548
0.03170215
0.03170215
0.03206055
0.03206055
0.03206055
0.03206055
0.03045686
0.03250913
0.03250913
0.03286617
0.03286617
0.04455738
0.04455738
0.04417376
0.04417376
0.05057454
0.05206018
0.05206018
0.05206018
0.05036657
0.05036657
0.05036657
0.05036657
0.02963889
0.02963889
0.02963889
0.02963889
0.02963889
0.02963889
0.02963889
0.02963889
0.02963889
0.02963889
0.02963889
0.02963889
0.02963889
0.02963889
0.02963889
0.02963889
0.02963889
0.03514612
0.03514612
0.03426114
0.03078228
0.03148484
0.03795355
0.03881714
0.03809883
0.03835288
0.03882336
0.04348073
0.04348073
0.04348073
0.04343556
0.04343556
0.04343556
0.04343556
0.04343556
0.04343556
0.04343556
0.04343556
0.04343556
0.04343556
0.04343556
0.04343556
0.04343556
0.04343556
0.04343556
0.04343556
0.04343556
0.04343556
0.04343556
0.04343556
0.04343556
0.04343556
0.03566907
0.03566907
0.02958738
0.03168262
0.02879138
0.03760920
0.03983136
0.04076103
0.04491166
0.04641985
0.03719584
0.03751303
0.03665087
0.03665087
0.03573909
0.03573909
0.03573909
0.03573909
0.03573909
0.03573909
0.03573909
0.03573909
0.03573909
0.03573909
0.03573909
0.03573909
0.03573909
0.03573909
0.03573909
0.03573909
0.03573909
0.03573909
0.03573909
0.03573909
0.03573909
0.03241849
0.03241849
0.03241849
0.03629925
0.03629925
0.03629925
0.03921557
0.04096953
0.04096953
0.03765635
0.03573404
0.03608879
0.03870997
0.03870997
0.03870997
0.03870997
0.03870997
0.03870997
0.03870997
0.03870997
0.03870997
0.03870997
0.03870997
0.03870997
0.03870997
0.03870997
0.03870997
0.03870997
0.03870997
0.03870997
0.03870997
0.03870997
0.03870997
0.03870997
0.03870997
0.03213445
0.03213445
0.03213445
0.03213445
0.03213445
0.03989666
0.03767648
0.03767648
0.03949859
0.04100564
0.04305987
0.04305987
0.04305987
0.04305987
0.04471600
0.04471600
0.04471600
0.04471600
0.04471600
0.04471600
0.04471600
0.04471600
0.04471600
0.04471600
0.04471600
0.04471600
0.04471600
0.04471600
0.04471600
0.04471600
0.04471600
0.04471600
0.04471600
0.04471600
0.04471600
0.04471600
0.04471600
0.04471600
0.04471600
0.04471600
0.03864542
0.03864542
0.03653838
0.03625424
0.03625424
0.03589236
0.03589236
0.03589236
0.03490269
0.03490269
0.03490269
0.03490269
0.03490269
0.03490269
0.03490269
0.03490269
0.03490269
0.03490269
0.03490269
0.03490269
0.03490269
0.03490269
0.03490269
0.03490269
0.03490269
0.03490269
0.03490269
0.03490269
0.03490269
0.03490269
0.03490269
0.03490269
0.03490269
0.03490269
0.03490269
0.04357354
0.04357354
0.04770445
0.04770445
0.04854329
0.03823236
0.03942181
0.03942181
0.04278684
0.04278684
0.04278684
0.04278684
0.04278684
0.04278684
0.04278684
0.04278684
0.04278684
0.04278684
0.04278684
0.04278684
0.04278684
0.04278684
0.04278684
0.04278684
0.04278684
0.04278684
0.04278684
0.04278684
0.04278684
0.04278684
0.04278684
0.04278684
0.04278684
0.04278684
0.04278684
0.04725169
0.03141742
0.03377097
0.03133451
0.03281802
0.03181304
0.03181304
0.03457585
0.03735708
0.03735708
0.03735708
0.03735708
0.03735708
0.03735708
0.03735708
0.03735708
0.03735708
0.03735708
0.03735708
0.03735708
0.03735708
0.03735708
0.03735708
0.03735708
0.03735708
0.03735708
0.03735708
0.03735708
0.03735708
0.03735708
0.03735708
0.03735708
0.03735708
0.03735708
0.03735708
0.03226329
0.03226329
0.03226329
0.03226329
0.03226329
0.03232701
0.03466399
0.03466399
0.03311927
0.03299377
0.03299377
0.03299377
0.03299377
0.03299377
0.03299377
0.03299377
0.03299377
0.03299377
0.03299377
0.03299377
0.03299377
0.03299377
0.03299377
0.03299377
0.03299377
0.03299377
0.03299377
0.03299377
0.03299377
0.03299377
0.03299377
0.03299377
0.03299377
0.03299377
0.03299377
0.03874503
0.03850282
0.03850282
0.03850282
0.03810662
0.05269620
0.05482604
0.05368815
0.05164834
0.05109079
0.05109079
0.05109079
0.05109079
0.05109079
0.05109079
0.05109079
0.05109079
0.05109079
0.05109079
0.05109079
0.05109079
0.05109079
0.05109079
0.05109079
0.05109079
0.05109079
0.05109079
0.05109079
0.05109079
0.05109079
0.05109079
0.05109079
0.05109079
0.05109079
0.05109079
0.03516603
0.03516603
0.03516603
0.03456883
0.03306404
0.03980478
0.04118234
0.04118234
0.04542610
0.03452385
0.03452385
0.03452385
0.03452385
0.03452385
0.03452385
0.03452385
0.03452385
0.03452385
0.03452385
0.03452385
0.03452385
0.03452385
0.03452385
0.03452385
0.03452385
0.03452385
0.03452385
0.03452385
0.03452385
0.03452385
0.03452385
0.03452385
0.03452385
0.03452385
0.03452385
0.03404101
0.03664245
0.03666104
0.03689882
0.03590924
0.03995091
0.02938383
0.02938383
0.02938383
0.02944675
0.02944675
0.02944675
0.02944675
