0.00000000
0.00000000
0.00000000
0.23014370
0.23039564
0.23039564
0.23039564
0.23039564
0.23039564
0.23039564
0.23039564
0.23039564
0.23039564
0.23039564
0.23039564
0.23039564
0.23039564
0.24633499
0.24633499
0.24633499
0.24648715
0.24588937
0.24588937
0.24588937
0.24588937
0.24588937
0.24588937
0.26291430
0.26291430
0.26222486
0.26420323
0.26444316
0.26444316
0.25269818
0.25269818
0.35523989
0.35569567
0.35569567
0.35569567
0.35372701
0.36078814
0.36078814
0.35555992
0.35555992
0.35662106
0.35662106
0.35662106
0.35662106
0.35662106
0.35662106
0.36313028
0.36313028
0.36882505
0.36882505
0.36882505
0.36882505
0.36882505
0.37077968
0.32040464
0.32040464
0.32040464
0.32040464
0.31558124
0.31558124
0.31860194
0.31860194
0.31860194
0.27022105
0.27022105
0.27186970
0.26974739
0.26974739
0.26582682
0.26854898
0.26854898
0.26605368
0.26605368
0.26303873
0.26054650
0.26054650
0.26054650
0.21265301
0.21265301
0.21265301
0.21265301
0.21648421
0.21648421
0.21648421
0.21648421
0.21559738
0.21559738
0.21559738
0.21559738
0.21319816
0.21319816
0.21026065
0.21366597
0.21366597
0.21550204
0.21550204
0.21550204
0.21550204
0.21642950
0.14563343
0.14563343
0.14563343
0.14563343
0.14563343
0.14563343
0.14484430
0.14484430
0.14484430
0.14484430
0.15050531
0.15582240
0.15582240
0.15582240
0.15582240
0.15582240
0.15582240
0.15582240
0.15582240
0.14847809
0.10019414
0.10019414
0.10442947
0.10442947
0.10442947
0.11306908
0.11306908
0.11884464
0.11884464
0.11884464
0.11884464
0.11884464
0.07320896
0.07724310
0.07896327
0.07803029
0.07803029
0.07799159
0.07799159
0.07972100
0.07972100
0.07972100
0.07411151
0.07411151
0.07411151
0.07411151
0.07411151
0.04886997
0.04992710
0.04992710
0.04992710
0.04906387
0.04738542
0.04268809
0.04145196
0.04446193
0.04652032
0.04652032
0.04408311
0.04013341
0.04013341
0.04076543
0.04357912
0.04458870
0.04388455
0.04310270
0.04311844
0.04164537
0.04164537
0.04164537
0.04667110
0.04667110
0.03611651
0.03427661
0.03427748
0.03670287
0.03979026
0.04004878
0.03420842
0.03420842
0.03420842
0.03420842
0.03648612
0.03648612
0.03694063
0.03694063
0.03832984
0.03873971
0.03998935
0.03998935
0.03998935
0.03998935
0.04026954
0.03773649
0.03746364
0.03746364
0.03746364
0.03746364
0.03746364
0.03746364
0.03771276
0.03771276
0.03771276
0.03771276
0.03696423
0.03696423
0.03696423
0.03696423
0.03696423
0.03710071
0.03710071
0.03514503
0.03514503
0.03514503
0.03514503
0.03696501
0.03762299
0.03762299
0.03762299
0.03762299
0.03701912
0.03925522
0.03925522
0.03561192
0.03561192
0.03561192
0.03561192
0.03349226
0.03959728
0.04154225
0.04154225
0.04154225
0.04154225
0.04154225
0.04154225
0.04470341
0.04396618
0.03912932
0.03912932
0.03912932
0.03645071
0.03984324
0.03984324
0.03909259
0.04142033
0.03800434
0.03800434
0.03800434
0.03800434
0.04064651
0.04241205
0.04241205
0.04241205
0.04888556
0.04871728
0.04410417
0.04120090
0.04120090
0.04148364
0.04148364
0.04148364
0.03458234
0.03458234
0.03632230
0.03632230
0.03981606
0.03981606
0.03692368
0.03693858
0.03618652
0.03618652
0.03618652
0.03240096
0.03286593
0.03301823
0.03301823
0.03316389
0.03363606
0.03363606
0.03546843
0.03541036
0.03541036
0.03709872
0.03832523
0.03838173
0.03747472
0.03747472
0.03837234
0.03535846
0.03482204
0.03482204
0.03482204
0.03403427
0.03403427
0.03515630
0.03745148
0.03796945
0.03796945
0.03796945
0.03673440
0.03673440
0.03673440
0.03673440
0.03643433
0.03752585
0.03606025
0.03606025
0.03843403
0.03619771
0.03681175
0.03847959
0.03847959
0.03847959
0.03847959
0.03847959
0.03847959
0.03285449
0.03285449
0.03285449
0.03305747
0.03305747
0.03305747
0.03227372
0.03227372
0.03227372
0.03207890
0.03207890
0.03207890
0.03207890
0.03207890
0.03214656
0.03214656
0.03293256
0.03293256
0.03558179
0.03582682
0.03582682
0.03582682
0.03660124
0.03760202
0.03760202
0.03864821
0.03864821
0.03864821
0.03864821
0.03972459
0.04197898
0.03302688
0.03302688
0.03302688
0.03179590
0.03179590
0.03257107
0.03324382
0.03324382
0.03489598
0.03397032
0.03397032
0.03397032
0.03397032
0.03397032
0.03609122
0.03754483
0.03603387
0.03603387
0.03603387
0.03603387
0.03603387
0.03603387
0.03603387
0.03603387
0.03603387
0.03603387
0.03603387
0.03747016
0.03747016
0.03696385
0.03675126
0.03675126
0.03675126
0.03675126
0.03527429
0.03527429
0.03520209
0.03263375
0.03263375
0.03437266
0.03263588
0.03263588
0.03263588
0.03263588
0.03263588
0.03263588
0.03340302
0.03340302
0.03340302
0.03340302
0.03352846
0.03352846
0.03413362
0.03413362
0.03413362
0.03621454
0.03527617
0.03527617
0.03700530
0.03588143
0.03588143
0.03784901
0.03784901
0.03564837
0.03497897
0.03630773
0.03630773
0.03531729
0.03531729
0.03531729
0.03653269
0.03653269
0.03653269
0.03653269
0.03653269
0.03653269
0.03324354
0.03399211
0.03399211
0.03399211
0.03439941
0.03601137
0.03142916
0.03230265
0.03294694
0.03294694
0.03432360
0.03432360
0.03136245
0.03159227
0.03336656
0.03362052
0.03362052
0.03160565
0.03160565
0.03160565
0.03160565
0.03160565
0.03405962
0.03405962
0.03405962
0.03405962
0.03369868
0.03369868
0.03369868
0.03386231
0.03430103
0.03430103
0.03404046
0.03404046
0.03404046
0.03605956
0.03605956
0.03687856
0.03768733
0.03768733
0.03768733
0.03768733
0.03768733
0.03768733
0.03768733
0.03651178
0.03651178
0.03651178
0.03651178
0.03772083
0.03772083
0.03638567
0.03817319
0.04034847
0.04034847
0.04131852
0.04024324
0.04024324
0.04024324
0.04158839
0.04158839
0.04192950
0.04192950
0.04332252
0.04332252
0.04614440
0.05059320
0.05059320
0.05059320
0.04634097
0.04634097
0.04634097
0.04986745
0.04828657
0.04670374
0.03138604
0.03098529
0.02935830
0.03007523
0.03007523
0.03007523
0.03007523
0.03162860
0.03162860
0.03003725
0.03003725
0.03078121
0.03078121
0.03078121
0.03505762
0.03940912
0.04181813
0.04377212
0.04545728
0.04545728
0.02992573
0.02992573
0.03038303
0.03038303
0.03038303
0.03038303
0.03047867
0.03152243
0.03152243
0.03152243
0.03152243
0.03152243
0.03152243
0.03152243
0.03009268
0.02978216
0.02978216
0.02978216
0.02978216
0.02978216
0.02978216
0.02978216
0.03022138
0.03025152
0.03094967
0.03069081
0.03069081
0.03069081
0.03069081
0.03069081
0.02881680
0.02881680
0.02877047
0.02877047
0.03126172
0.03161655
0.03021590
0.02919002
0.02919002
0.02919002
0.02919002
0.02919002
0.02919002
0.02919002
0.02919002
0.02919002
0.03090220
0.03090220
0.03205604
0.03205604
0.03205604
0.03205604
0.03205604
0.03053697
0.03053697
0.03289960
0.03262632
0.03262632
0.03262632
0.03286604
0.03565784
0.03622895
0.04071255
0.04071255
0.04071255
0.04071255
0.03867732
0.03699207
0.03942647
0.03940382
0.03940382
0.03785298
0.03785298
0.04024875
0.04024875
0.04024875
0.04024875
0.03044234
0.03263142
0.03263142
0.03590972
0.03590972
0.03590972
0.03590972
0.03590972
0.03590972
0.03590972
0.03590972
0.03590972
0.03590972
0.03590972
0.03590972
0.03590972
0.03590972
0.03590972
0.03590972
0.03799968
0.03509141
0.03509141
0.03509141
0.03275692
0.03395803
0.03883910
0.04101839
0.04326705
0.03867925
0.05353813
0.05093591
0.05093591
0.05050542
0.03353844
0.03353844
0.03353844
0.03353844
0.03353844
0.03353844
0.03353844
0.03353844
0.03353844
0.03353844
0.03353844
0.03353844
0.03353844
0.03353844
0.03353844
0.03353844
0.03353844
0.03353844
0.03353844
0.03353844
0.03353844
0.03232299
0.03232299
0.03329349
0.03898764
0.03719051
0.03585645
0.03585645
0.03690649
0.03821637
0.03525216
0.03513509
0.03513509
0.03513509
0.03513509
0.03513509
0.03513509
0.03513509
0.03513509
0.03513509
0.03513509
0.03513509
0.03513509
0.03513509
0.03513509
0.03513509
0.03513509
0.03513509
0.03513509
0.03513509
0.03513509
0.03513509
0.03513509
0.03513509
0.03513509
0.03513509
0.03513509
0.03513509
0.03513509
0.03513509
0.02917766
0.04593920
0.04328245
0.04328245
0.04431348
0.04484140
0.04780391
0.04780391
0.04780391
0.04780391
0.03475680
0.03475680
0.03475680
0.03475680
0.03475680
0.03475680
0.03475680
0.03475680
0.03475680
0.03475680
0.03475680
0.03475680
0.03475680
0.03475680
0.03475680
0.03475680
0.03475680
0.03475680
0.03475680
0.03475680
0.03475680
0.02641716
0.02782323
0.02963606
0.02963606
0.02963606
0.03206961
0.03206961
0.03295400
0.03295400
0.03261111
0.03868494
0.03868494
0.03766053
0.03766053
0.03735756
0.03735756
0.03735756
0.03735756
0.03735756
0.03735756
0.03735756
0.03735756
0.03735756
0.03735756
0.03735756
0.03735756
0.03735756
0.03735756
0.03735756
0.03735756
0.03735756
0.03735756
0.03735756
0.03735756
0.03735756
0.03735756
0.03735756
0.03735756
0.03735756
0.03735756
0.03292983
0.03474992
0.03247385
0.03247385
0.03247385
0.03247385
0.03057668
0.03313043
0.03198966
0.03242888
0.03242888
0.03242888
0.03242888
0.03242888
0.03242888
0.03242888
0.03242888
0.03242888
0.03242888
0.03242888
0.03242888
0.03242888
0.03242888
0.03242888
0.03242888
0.03242888
0.03242888
0.03242888
0.03242888
0.03242888
0.03242888
0.03242888
0.03242888
0.03242888
0.03242888
0.03242888
0.03242888
0.03242888
0.03242888
0.03242888
0.02997952
0.02997952
0.03137886
0.03032751
0.03032751
0.03032751
0.03032751
0.03032751
0.03032751
0.03032751
0.03032751
0.03032751
0.03032751
0.03032751
0.03032751
0.03032751
0.03032751
0.03032751
0.03032751
0.03032751
0.03032751
0.03032751
0.03032751
0.03032751
0.03032751
0.03032751
0.03032751
0.03032751
0.03032751
0.03032751
0.03032751
0.03839914
0.03839914
0.03839914
0.03962856
0.03266005
0.03204253
0.03059699
0.03137763
0.03252723
0.03252723
0.03252723
0.03252723
0.03252723
0.03252723
0.03252723
0.03252723
0.03252723
0.03252723
0.03252723
0.03252723
0.03252723
0.03252723
0.03252723
0.03252723
0.03252723
0.03252723
0.03252723
0.03252723
0.03252723
0.03252723
0.03252723
0.03252723
0.03252723
0.03252723
0.03413953
0.03472299
0.03472299
0.03472299
0.03589866
0.03442574
0.03223596
0.03223596
0.03487711
0.03487711
0.03487711
0.03487711
0.03487711
0.03487711
0.03487711
0.03487711
0.03487711
0.03487711
0.03487711
0.03487711
0.03487711
0.03487711
0.03487711
0.03487711
0.03487711
0.03487711
0.03487711
0.03487711
0.03487711
0.03487711
0.03487711
0.03487711
0.03487711
0.03487711
0.03487711
0.03455468
0.03288367
0.03288367
0.03326655
0.03326655
0.03593129
0.03593129
0.03593129
0.03593129
0.03593129
0.03593129
0.03593129
0.03593129
0.03593129
0.03593129
0.03593129
0.03593129
0.03593129
0.03593129
0.03593129
0.03593129
0.03593129
0.03593129
0.03593129
0.03593129
0.03593129
0.03593129
0.03593129
0.03593129
0.03593129
0.03593129
0.03593129
0.03593129
0.03593129
0.03593129
0.03254563
0.03254563
0.03254563
0.03404237
0.03357607
0.03625319
0.03462491
0.03543830
0.04058711
0.04058711
0.04058711
0.04058711
0.04058711
0.04058711
0.04058711
0.04058711
0.04058711
0.04058711
0.04058711
0.04058711
0.04058711
0.04058711
0.04058711
0.04058711
0.04058711
0.04058711
0.04058711
0.04058711
0.04058711
0.04058711
0.04058711
0.04058711
0.04058711
0.04058711
0.04058711
0.03962486
0.04109185
0.04109185
0.03222856
0.03222856
0.03222856
0.03196840
0.03196840
0.03860978
0.03063674
0.03063674
0.03063674
0.03063674
0.03063674
0.03063674
0.03063674
0.03063674
0.03063674
0.03063674
0.03063674
0.03063674
0.03063674
0.03063674
0.03063674
0.03063674
0.03063674
0.03063674
0.03063674
