0.00000000
0.00000000
0.00000000
0.23958575
0.24186563
0.24186563
0.24186563
0.27093586
0.27165696
0.27435065
0.27145378
0.26983986
0.26983986
0.26983986
0.26983986
0.26983986
0.26983986
0.26983986
0.26983986
0.26983986
0.26983986
0.26983986
0.26983986
0.26983986
0.26983986
0.26983986
0.26983986
0.26983986
0.26983986
0.26983986
0.26983986
0.26983986
0.26983986
0.26983986
0.26983986
0.26983986
0.26983986
0.26983986
0.26983986
0.26983986
0.26983986
0.26983986
0.26983986
0.26983986
0.26983986
0.26983986
0.26983986
0.26983986
0.26983986
0.26983986
0.26983986
0.26983986
0.26983986
0.26983986
0.26983986
0.26983986
0.26983986
0.37797209
0.37785583
0.37785583
0.37785583
0.37785583
0.37785583
0.37785583
0.37785583
0.37785583
0.37785583
0.37785583
0.37785583
0.37785583
0.37785583
0.37785583
0.37785583
0.37785583
0.37785583
0.37785583
0.37785583
0.37785583
0.37785583
0.37785583
0.37785583
0.37785583
0.27198256
0.27198256
0.27198256
0.27598514
0.27598514
0.27598514
0.27598514
0.27598514
0.27598514
0.27598514
0.27598514
0.27598514
0.27598514
0.27598514
0.27598514
0.27598514
0.27598514
0.27598514
0.27598514
0.27598514
0.27598514
0.27598514
0.27598514
0.27598514
0.27598514
0.27598514
0.27598514
0.27598514
0.27598514
0.27598514
0.27598514
0.27598514
0.27598514
0.27598514
0.27598514
0.27598514
0.27598514
0.27598514
0.27598514
0.27598514
0.27598514
0.27598514
0.27598514
0.27598514
0.27598514
0.27598514
0.27598514
0.27598514
0.27598514
0.27598514
0.27598514
0.27598514
0.27598514
0.27598514
0.27598514
0.27598514
0.27598514
0.27598514
0.27598514
0.27598514
0.27598514
0.27598514
0.27598514
0.27598514
0.27598514
0.27598514
0.27598514
0.27598514
0.27598514
0.27598514
0.27598514
0.27598514
0.27598514
0.27598514
0.27598514
0.27598514
0.27598514
0.27598514
0.27598514
0.27598514
0.27598514
0.27598514
0.27598514
0.27598514
0.27598514
0.27598514
0.27598514
0.27598514
0.27598514
0.27598514
0.27598514
0.27598514
0.27598514
0.27598514
0.27598514
0.27598514
0.27598514
0.27598514
0.27598514
0.27598514
0.27598514
0.27598514
0.27598514
0.27598514
0.27598514
0.27598514
0.27598514
0.27598514
0.27598514
0.27598514
0.27598514
0.27598514
0.27598514
0.27598514
0.27598514
0.27598514
0.27598514
0.27598514
0.27598514
0.27598514
0.27598514
0.27598514
0.27598514
0.27598514
0.27598514
0.27598514
0.27598514
0.27598514
0.27598514
0.27598514
0.27598514
0.27598514
0.27598514
0.27598514
0.27598514
0.27598514
0.27598514
0.27598514
0.27598514
0.27598514
0.27598514
0.27598514
0.27598514
0.27598514
0.27598514
0.27598514
0.27598514
0.27598514
0.27598514
0.27598514
0.27598514
0.27598514
0.27598514
0.27598514
0.27598514
0.27598514
0.27598514
0.27598514
0.27598514
0.27598514
0.27598514
0.27598514
0.27598514
0.27598514
0.27598514
0.27598514
0.27598514
0.27598514
0.27598514
0.27598514
0.27598514
0.27598514
0.27598514
0.27598514
0.27598514
0.27598514
0.27598514
0.27598514
0.27598514
0.27598514
0.27598514
0.27598514
0.27598514
0.27598514
0.27598514
0.27598514
0.27598514
0.27598514
0.27598514
0.27598514
0.27598514
0.27598514
0.27598514
0.27598514
0.27598514
0.27598514
0.27598514
0.27598514
0.27598514
0.27598514
0.27598514
0.27598514
0.27598514
0.27598514
0.27598514
0.27598514
0.27598514
0.27598514
0.27598514
0.27598514
0.27598514
0.27598514
0.27598514
0.27598514
0.27598514
0.27598514
0.27598514
0.27598514
0.27598514
0.27598514
0.27598514
0.27598514
0.27598514
0.27598514
0.27598514
0.27598514
0.27598514
0.27598514
0.27598514
0.27598514
0.27598514
0.27598514
0.27598514
0.27598514
0.27598514
0.27598514
0.27598514
0.27598514
0.27598514
0.27598514
0.27598514
0.27598514
0.27598514
0.27598514
0.27598514
0.27598514
0.27598514
0.27598514
0.27598514
0.27598514
0.27598514
0.27598514
0.27598514
0.27598514
0.27598514
0.27598514
0.27598514
0.27598514
0.27598514
0.27598514
0.27598514
0.27598514
0.27598514
0.27598514
0.27598514
0.27598514
0.27598514
0.27598514
0.27598514
0.27598514
0.27598514
0.27598514
0.27598514
0.27598514
0.27598514
0.27598514
0.27598514
0.27598514
0.27598514
0.27598514
0.27598514
0.27598514
0.27598514
0.27598514
0.27598514
0.27598514
0.27598514
0.27598514
0.27598514
0.27598514
0.27598514
0.27598514
0.27598514
0.27598514
0.27598514
0.27598514
0.27598514
0.27598514
0.27598514
0.27598514
0.27598514
0.27598514
0.27598514
0.27598514
0.27598514
0.27598514
0.27598514
0.27598514
0.27598514
0.27598514
0.27598514
0.27598514
0.27598514
0.27598514
0.27598514
0.27598514
0.27598514
0.27598514
0.27598514
0.27598514
0.27598514
0.27598514
0.27598514
0.27598514
0.27598514
0.27598514
0.27598514
0.27598514
0.27598514
0.27598514
0.27598514
0.27598514
0.27598514
0.27598514
0.27598514
0.27598514
0.27598514
0.27598514
0.27598514
0.27598514
0.27598514
0.27598514
0.27598514
0.27598514
0.27598514
0.27598514
0.27598514
0.27598514
0.27598514
0.27598514
0.27598514
0.27598514
0.27598514
0.27598514
0.27598514
0.27598514
0.27598514
0.27598514
0.27598514
0.27598514
0.27598514
0.27598514
0.27598514
0.27598514
0.27598514
0.27598514
0.27598514
0.27598514
0.27598514
0.27598514
0.27598514
0.27598514
0.27598514
0.27598514
0.27598514
0.27598514
0.27598514
0.27598514
0.27598514
0.27598514
0.27598514
0.27598514
0.27598514
0.27598514
0.27598514
0.27598514
0.27598514
0.27598514
0.27598514
0.27598514
0.27598514
0.27598514
0.27598514
0.27598514
0.27598514
0.27598514
0.27598514
0.27598514
0.27598514
0.27598514
0.27598514
0.27598514
0.27598514
0.27598514
0.27598514
0.27598514
0.27598514
0.27598514
0.27598514
0.27598514
0.27598514
0.27598514
0.27598514
0.27598514
0.27598514
0.27598514
0.27598514
0.27598514
0.27598514
0.27598514
0.27598514
0.27598514
0.27598514
0.27598514
0.27598514
0.27598514
0.27598514
0.27598514
0.27598514
0.27598514
0.27598514
0.27598514
0.27598514
0.27598514
0.27598514
0.27598514
0.27598514
0.27598514
0.27598514
0.27598514
0.27598514
0.27598514
0.27598514
0.27598514
0.27598514
0.27598514
0.27598514
0.27598514
0.27598514
0.27598514
0.27598514
0.27598514
0.27598514
0.27598514
0.27598514
0.27598514
0.27598514
0.27598514
0.27598514
0.27598514
0.27598514
0.27598514
0.27598514
0.27598514
0.27598514
0.27598514
0.27598514
0.27598514
0.27598514
0.27598514
0.27598514
0.27598514
0.27598514
0.27598514
0.27598514
0.27598514
0.27598514
0.27598514
0.27598514
0.27598514
0.27598514
0.27598514
0.27598514
0.27598514
0.27598514
0.27598514
0.27598514
0.27598514
0.27598514
0.27598514
0.27598514
0.27598514
0.27598514
0.27598514
0.27598514
0.27598514
0.27598514
0.27598514
0.27598514
0.27598514
0.27598514
0.27598514
0.27598514
0.27598514
0.27598514
0.27598514
0.27598514
0.27598514
0.27598514
0.27598514
0.27598514
0.27598514
0.27598514
0.27598514
0.27598514
0.27598514
0.27598514
0.27598514
0.27598514
0.34738768
0.34738768
0.33175379
0.33175379
0.32952726
0.32952726
0.34990062
0.34802732
0.34802732
0.34802732
0.34918607
0.34918607
0.32790309
0.32790309
0.32576789
0.32576789
0.32576789
0.34082012
0.34082012
0.34082012
0.33588082
0.39533156
0.39121353
0.39443119
0.39434368
0.39412020
0.39412020
0.34627923
0.34627923
0.34428507
0.34428507
0.39714502
0.39714502
0.39615322
0.39615322
0.39492083
0.34760490
0.35403269
0.35228726
0.34704355
0.35145019
0.35145019
0.35145019
0.35145019
0.35145019
0.35145019
0.29943713
0.30545592
0.30366676
0.30196689
0.30463804
0.30463804
0.30463804
0.38716597
0.38706480
0.38536833
0.38536833
0.38536833
0.30602435
0.30701090
0.31163087
0.31163087
0.31163087
0.31163087
0.31163087
0.31163087
0.39276794
0.39276794
0.39276794
0.39214898
0.39350165
0.30572715
0.30425274
0.30425274
0.29946948
0.29846768
0.29846768
0.29846768
0.29846768
0.29846768
0.29846768
0.29846768
0.29846768
0.29846768
0.29846768
0.29846768
0.29846768
0.28665657
0.28665657
0.28665657
0.28790938
0.28790938
0.28790938
0.28790938
0.28790938
0.28790938
0.28790938
0.38891434
0.38891434
0.38891434
0.32321560
0.27641328
0.27641328
0.27641328
0.27435971
0.27435971
0.27435971
0.27435971
0.27435971
0.27435971
0.27435971
0.32206151
0.32677907
0.32608786
0.32608786
0.32608786
0.27174855
0.27882518
0.27971488
0.27862123
0.28517902
0.28517902
0.28517902
0.28517902
0.28517902
0.28517902
0.28517902
0.28517902
0.28517902
0.28517902
0.28517902
0.23244279
0.23244279
0.22162652
0.22162652
0.21708184
0.21708184
0.21708184
0.21708184
0.21708184
0.21708184
0.21708184
0.21708184
0.21708184
0.21708184
0.32984316
0.22637880
0.22637880
0.22637880
0.22637880
0.22676783
0.22676783
0.22676783
0.22676783
0.22676783
0.22676783
0.22676783
0.22676783
0.22676783
0.22676783
0.22676783
0.16873840
0.17094400
0.12681058
0.12681058
0.12681058
0.12681058
0.12681058
0.12681058
0.12681058
0.12681058
0.12681058
0.12681058
0.12681058
0.12681058
0.12681058
0.14550888
0.14550888
0.14425514
0.14197550
0.14197550
0.14197550
0.14197550
0.14197550
0.14197550
0.14197550
0.14197550
0.14197550
0.14197550
0.14197550
0.14197550
0.14197550
0.13716737
0.13716737
0.13716737
0.13716737
0.13716737
0.13716737
0.13716737
0.13716737
0.13716737
0.13716737
0.13716737
0.13716737
0.13716737
0.13716737
0.09407010
0.09407010
0.09359743
0.09359743
0.09359743
0.09359743
0.09359743
0.09359743
0.09359743
0.09359743
0.09359743
0.09359743
0.09359743
0.09359743
0.09359743
0.08749085
0.09128799
0.09128799
0.09012130
0.08287054
0.08287054
0.08287054
0.08287054
0.08287054
0.08287054
0.08287054
0.08287054
0.08287054
0.08287054
0.08287054
0.07215579
0.08108121
0.08383146
0.08124001
0.08205847
0.08205847
0.08205847
0.08205847
0.08205847
0.08205847
0.08205847
0.08205847
0.08205847
0.08205847
0.08205847
0.07841441
0.07841441
0.08341455
0.09065972
0.09065972
0.09065972
0.09065972
0.09065972
0.09065972
0.09065972
0.09065972
0.09065972
0.09065972
0.09065972
0.09065972
0.09527487
0.09055276
0.09055276
0.09055276
0.08588592
0.08588592
0.08588592
0.08588592
0.08588592
0.08588592
0.08588592
0.08588592
0.08588592
0.08588592
0.08588592
0.06926726
0.06926726
0.06926726
0.06926726
0.06926726
0.06926726
0.06926726
0.06926726
0.06926726
0.06926726
0.06926726
0.06926726
0.06926726
0.06926726
0.06926726
0.08039033
0.05624975
0.05624975
0.05829498
0.05544362
0.05544362
0.05544362
0.05544362
0.05544362
0.05544362
0.05544362
0.05544362
0.05544362
0.05544362
0.05544362
0.05544362
0.07965953
0.07651462
0.07811853
0.07531807
0.07531807
0.07531807
0.07531807
0.07531807
0.07531807
0.07531807
0.07531807
0.07531807
0.07531807
0.07531807
0.08768398
0.08768398
0.08940983
0.08884215
0.04519712
0.04519712
0.04519712
0.04519712
0.04519712
0.04519712
0.04519712
0.04519712
0.04519712
0.04519712
0.04519712
0.05236457
0.04680831
0.05148897
0.05522988
0.05522988
0.05522988
0.05522988
0.05522988
0.05522988
0.05522988
0.05522988
0.05522988
0.05522988
0.05522988
0.05522988
0.04564167
0.04469134
0.04469134
0.04697610
0.04270237
0.04270237
0.04270237
0.04270237
0.04270237
0.04270237
0.04270237
0.04270237
0.04270237
0.04270237
0.04270237
0.04727203
0.05074329
0.05074329
0.04088812
0.04088812
0.04088812
0.04088812
0.04088812
0.04088812
0.04088812
0.04088812
0.04088812
0.04088812
0.04088812
0.04088812
0.03900940
0.04036044
0.04022575
0.04100779
0.03799547
0.03799547
0.03799547
0.03799547
0.03799547
0.03799547
0.03799547
0.03799547
0.03799547
