0.00000000
0.00000000
0.00000000
0.34535560
0.34357187
0.34357187
0.34357187
0.33645401
0.33617621
0.33949846
0.33777735
0.33525581
0.24175601
0.24086060
0.24210463
0.24290578
0.24450976
0.24450976
0.24450976
0.24450976
0.24450976
0.24450976
0.24450976
0.26436302
0.26280584
0.26280584
0.26280584
0.26280584
0.26280584
0.26280584
0.26280584
0.26280584
0.26280584
0.26280584
0.26280584
0.26280584
0.26280584
0.26280584
0.26280584
0.26280584
0.26280584
0.26280584
0.26280584
0.26280584
0.26280584
0.26280584
0.26280584
0.26280584
0.26280584
0.26280584
0.26280584
0.26280584
0.26280584
0.26280584
0.26280584
0.26280584
0.26280584
0.26280584
0.26280584
0.26280584
0.26280584
0.26280584
0.26280584
0.26280584
0.26280584
0.26280584
0.26280584
0.15557309
0.11064901
0.10979309
0.11078406
0.11078406
0.10591963
0.11335734
0.11335734
0.10925264
0.10925264
0.10531227
0.10485527
0.10485527
0.10485527
0.08198698
0.08198698
0.08198698
0.08198698
0.08310710
0.05801411
0.05801411
0.05801411
0.06037914
0.06037914
0.06037914
0.06037914
0.05855538
0.05855538
0.06448770
0.06734193
0.06734193
0.06728549
0.06728549
0.06728549
0.06728549
0.06364913
0.03916732
0.03916732
0.03916732
0.03916732
0.03916732
0.03916732
0.03730099
0.03730099
0.03730099
0.03730099
0.04005988
0.04390404
0.04390404
0.04390404
0.04390404
0.04390404
0.04390404
0.04390404
0.04390404
0.03949002
0.03762906
0.03762906
0.03811145
0.03811145
0.03811145
0.04198604
0.04198604
0.04400481
0.04400481
0.04400481
0.04400481
0.04400481
0.03548397
0.03703744
0.03797334
0.03760656
0.03760656
0.03863472
0.03863472
0.03885516
0.03885516
0.03885516
0.03855479
0.03855479
0.03855479
0.03855479
0.03855479
0.03561715
0.03484949
0.03484949
0.03484949
0.03391267
0.03482756
0.03423885
0.03378468
0.03329875
0.03395764
0.03395764
0.03436920
0.03747152
0.03747152
0.03867427
0.03659850
0.03574300
0.03644433
0.03694829
0.03910089
0.04011985
0.04011985
0.04011985
0.04430635
0.04430635
0.03391370
0.03370544
0.03458945
0.03875294
0.03521839
0.03455586
0.03395016
0.03395016
0.03395016
0.03395016
0.03756900
0.03756900
0.03702938
0.03702938
0.03944408
0.03724818
0.04065362
0.04065362
0.04065362
0.04065362
0.04306137
0.04593712
0.04098457
0.04098457
0.04098457
0.04098457
0.04098457
0.04098457
0.04470135
0.04470135
0.04470135
0.04470135
0.04429918
0.04429918
0.04429918
0.04429918
0.04429918
0.04280584
0.04280584
0.04347746
0.04347746
0.04347746
0.04347746
0.04566744
0.04965461
0.04965461
0.04965461
0.04965461
0.05172730
0.04693477
0.04693477
0.03548228
0.03548228
0.03548228
0.03548228
0.03614436
0.03682744
0.03796360
0.03796360
0.03796360
0.03796360
0.03796360
0.03796360
0.04067068
0.04210650
0.04003990
0.04003990
0.04003990
0.04127451
0.04263012
0.04263012
0.04648507
0.04810138
0.04466742
0.04466742
0.04466742
0.04466742
0.04720309
0.05051267
0.05051267
0.05051267
0.05264732
0.05366602
0.05246958
0.04787097
0.04787097
0.04761895
0.04761895
0.04761895
0.03116561
0.03116561
0.03455413
0.03455413
0.03535587
0.03535587
0.03407935
0.03336852
0.03439349
0.03439349
0.03439349
0.03402577
0.03405561
0.03951808
0.03951808
0.03996952
0.04312029
0.04312029
0.04367258
0.04435302
0.04435302
0.04762424
0.04843374
0.04710362
0.04529343
0.04529343
0.04472942
0.03169170
0.03141040
0.03141040
0.03141040
0.03179346
0.03179346
0.03167640
0.03187266
0.03342404
0.03342404
0.03342404
0.03162728
0.03162728
0.03162728
0.03162728
0.03317884
0.03235506
0.03115659
0.03115659
0.03209067
0.03405800
0.03639641
0.03761309
0.03761309
0.03761309
0.03761309
0.03761309
0.03761309
0.03458199
0.03458199
0.03458199
0.03724940
0.03724940
0.03724940
0.03539724
0.03539724
0.03539724
0.04008120
0.04008120
0.04008120
0.04008120
0.04008120
0.04261021
0.04261021
0.05318612
0.05318612
0.05142103
0.04863286
0.04863286
0.04863286
0.04784892
0.04650139
0.04650139
0.05151751
0.05151751
0.05151751
0.05151751
0.04927233
0.04821976
0.02992274
0.02992274
0.02992274
0.03179700
0.03179700
0.03228126
0.03211965
0.03211965
0.03458467
0.03488252
0.03488252
0.03488252
0.03488252
0.03488252
0.03613065
0.03412193
0.03288496
0.03288496
0.03288496
0.03288496
0.03288496
0.03288496
0.03288496
0.03288496
0.03288496
0.03288496
0.03288496
0.03407773
0.03407773
0.03582794
0.03594101
0.03594101
0.03594101
0.03594101
0.03838533
0.03838533
0.03786418
0.03205510
0.03205510
0.03254180
0.03201620
0.03201620
0.03201620
0.03201620
0.03201620
0.03201620
0.03535140
0.03535140
0.03535140
0.03535140
0.03324485
0.03324485
0.03682968
0.03682968
0.03682968
0.04003939
0.03743683
0.03743683
0.03688563
0.03482183
0.03482183
0.03344933
0.03344933
0.03199710
0.03132409
0.03232248
0.03232248
0.03200285
0.03200285
0.03200285
0.03320458
0.03320458
0.03320458
0.03320458
0.03320458
0.03320458
0.03083362
0.03158366
0.03158366
0.03158366
0.03218142
0.03228179
0.03084027
0.03372794
0.03628615
0.03628615
0.03944872
0.03944872
0.03102859
0.03261603
0.03323904
0.03330477
0.03330477
0.03191741
0.03191741
0.03191741
0.03191741
0.03191741
0.03173883
0.03173883
0.03173883
0.03173883
0.03572497
0.03572497
0.03572497
0.04103587
0.04154286
0.04154286
0.03965043
0.03965043
0.03965043
0.04172206
0.04172206
0.04012265
0.03866321
0.03866321
0.03866321
0.03866321
0.03866321
0.03866321
0.03866321
0.03774179
0.03774179
0.03774179
0.03774179
0.03823788
0.03823788
0.04066819
0.04216482
0.04235409
0.04235409
0.04447843
0.04462693
0.04462693
0.04462693
0.04697494
0.04697494
0.04729817
0.04729817
0.04686909
0.04686909
0.04702680
0.04741673
0.04741673
0.04741673
0.04270643
0.04270643
0.04270643
0.04328050
0.04368754
0.04434296
0.03483470
0.03529898
0.03000263
0.03045641
0.03045641
0.03045641
0.03045641
0.03031731
0.03031731
0.03032684
0.03032684
0.03158361
0.03158361
0.03158361
0.03337555
0.03646212
0.03659815
0.03378800
0.03538816
0.03538816
0.03459648
0.03459648
0.03346761
0.03346761
0.03346761
0.03346761
0.03170865
0.03412763
0.03412763
0.03412763
0.03412763
0.03412763
0.03412763
0.03412763
0.03263274
0.03463231
0.03463231
0.03463231
0.03463231
0.03463231
0.03463231
0.03463231
0.03334599
0.03335577
0.04131403
0.04307724
0.04307724
0.04307724
0.04307724
0.04307724
0.04041078
0.04041078
0.04052443
0.04052443
0.04264204
0.03833411
0.03248855
0.03640552
0.03640552
0.03640552
0.03640552
0.03640552
0.03640552
0.03640552
0.03640552
0.03640552
0.03624559
0.03624559
0.03489514
0.03489514
0.03489514
0.03489514
0.03489514
0.03530685
0.03530685
0.03536960
0.03624550
0.03624550
0.03624550
0.03838712
0.04205690
0.03918627
0.04235049
0.04235049
0.04235049
0.04235049
0.03977539
0.03717290
0.03618389
0.03907327
0.03907327
0.03716825
0.03716825
0.03699196
0.03699196
0.03699196
0.03699196
0.03302015
0.03213134
0.03213134
0.03906011
0.03906011
0.03906011
0.03906011
0.03906011
0.03906011
0.03906011
0.03906011
0.03906011
0.03906011
0.03906011
0.04191772
0.04194432
0.04194432
0.04004036
0.04004036
0.04613560
0.03247578
0.03247578
0.03247578
0.03539625
0.03184775
0.03594607
0.03956938
0.04385164
0.04243198
0.04243198
0.04243198
0.04243198
0.04243198
0.04243198
0.04243198
0.04243198
0.04243198
0.04243198
0.04243198
0.04243198
0.04243198
0.04243198
0.04243198
0.04243198
0.04243198
0.04243198
0.04243198
0.04243198
0.04243198
0.02989110
0.03308816
0.03360764
0.03300096
0.03417769
0.04034634
0.04034634
0.03577664
0.03548929
0.03484613
0.03775635
0.03775635
0.03584820
0.03745667
0.03439395
0.03439395
0.03439395
0.03439395
0.03439395
0.03439395
0.03439395
0.03439395
0.03439395
0.03439395
0.03439395
0.03439395
0.03439395
0.03439395
0.03439395
0.03439395
0.03439395
0.03439395
0.03439395
0.03439395
0.03439395
0.02973824
0.03024674
0.03024674
0.03024674
0.03024674
0.04600665
0.04600665
0.04600665
0.04600665
0.04582784
0.04165439
0.04056549
0.04056549
0.04535760
0.04769570
0.04769570
0.04769570
0.04769570
0.04769570
0.04769570
0.04769570
0.04769570
0.04769570
0.04769570
0.04769570
0.04769570
0.04769570
0.04769570
0.04769570
0.04769570
0.04769570
0.04769570
0.04769570
0.04769570
0.04769570
0.04916883
0.04771669
0.04917037
0.04987796
0.04541129
0.03121027
0.03150977
0.03266945
0.03266945
0.03266945
0.03324372
0.03324372
0.03786156
0.03786156
0.03748246
0.03748246
0.03748246
0.03748246
0.03748246
0.03748246
0.03748246
0.03748246
0.03748246
0.03748246
0.03748246
0.03748246
0.03748246
0.03748246
0.03748246
0.03748246
0.03748246
0.03748246
0.03748246
0.03748246
0.03748246
0.03748246
0.03748246
0.03748246
0.03748246
0.03748246
0.03298310
0.03298310
0.03298310
0.03298310
0.03298310
0.02944938
0.03117272
0.02940799
0.02940799
0.02940799
0.02940799
0.02940799
0.02940799
0.02940799
0.02940799
0.02940799
0.02940799
0.02940799
0.02940799
0.02940799
0.02940799
0.02940799
0.02940799
0.02940799
0.02940799
0.02940799
0.02940799
0.02940799
0.02940799
0.02940799
0.02940799
0.02940799
0.02940799
0.02940799
0.02940799
0.03864565
0.03971035
0.03971035
0.03971035
0.03971035
0.04275999
0.02993632
0.02993632
0.02993632
0.02993632
0.02993632
0.02993632
0.02993632
0.02993632
0.02993632
0.02993632
0.02993632
0.02993632
0.02993632
0.02993632
0.02993632
0.02993632
0.02993632
0.02993632
0.02993632
0.02993632
0.02993632
0.02993632
0.02993632
0.02993632
0.02993632
0.02993632
0.02993632
0.02993632
0.02993632
0.04537487
0.04537487
0.04537487
0.04011307
0.04011307
0.04011307
0.03349444
0.03349444
0.03349444
0.03347369
0.03347369
0.03347369
0.03347369
0.03347369
0.03347369
0.03347369
0.03347369
0.03347369
0.03347369
0.03347369
0.03347369
0.03347369
0.03347369
0.03347369
0.03347369
0.03347369
0.03347369
0.03347369
0.03347369
0.03347369
0.03347369
0.03347369
0.03347369
0.03347369
0.03347369
0.03790974
0.03790974
0.03790974
0.03692351
0.03369669
0.03367028
0.03602027
0.03602027
0.03602027
0.03568407
0.03568407
0.03568407
0.03568407
0.03568407
0.03568407
0.03568407
0.03568407
0.03568407
0.03568407
0.03568407
0.03568407
0.03568407
0.03568407
0.03568407
0.03568407
0.03568407
0.03568407
0.03568407
0.03568407
0.03568407
0.03568407
0.03568407
0.03568407
0.03568407
0.03568407
0.03457917
0.03732964
0.03732964
0.03649413
0.03417894
0.03573927
0.03978045
0.03978045
0.03683641
0.03683641
0.03683641
0.03683641
0.03683641
0.03683641
0.03683641
0.03683641
0.03683641
0.03683641
0.03683641
0.03683641
0.03683641
0.03683641
0.03683641
0.03683641
0.03683641
0.03683641
0.03683641
0.03683641
0.03683641
0.03683641
0.03683641
0.03683641
0.03683641
0.03683641
0.03683641
0.03347857
0.03347857
0.03327092
0.03327092
0.03227712
0.03971073
0.03971073
0.03971073
0.04160104
0.03958478
0.03958478
0.03958478
0.03958478
0.03958478
0.03958478
0.03958478
0.03958478
0.03958478
0.03958478
0.03958478
0.03958478
0.03958478
0.03958478
0.03958478
0.03958478
0.03958478
0.03958478
0.03958478
0.03958478
0.03958478
0.03958478
0.03958478
0.03958478
0.03958478
0.03958478
0.04049635
0.04049635
0.04061572
0.04061572
0.03964122
0.03766546
0.03888140
0.03888140
0.03264950
0.03264950
0.03264950
0.03264950
0.03264950
0.03264950
0.03264950
0.03264950
0.03264950
0.03264950
0.03264950
0.03264950
0.03264950
0.03264950
0.03264950
0.03264950
0.03264950
0.03264950
0.03264950
0.03264950
0.03264950
0.03264950
0.03264950
0.03264950
0.03264950
