0.00000000
0.31656994
0.31656994
0.31773738
0.31583270
0.31583270
0.31583270
0.38061570
0.37931618
0.37931618
0.37821597
0.37821597
0.38682430
0.38602863
0.38559492
0.38559492
0.39081006
0.34402391
0.34382796
0.34382796
0.34382796
0.34050891
0.34050891
0.34050891
0.34050891
0.34050891
0.38343234
0.41639188
0.41639188
0.41639188
0.41639188
0.41400922
0.29803854
0.29803854
0.29502903
0.29502903
0.29502903
0.33535356
0.33535356
0.33121331
0.32794200
0.32794200
0.32961479
0.32659524
0.32753317
0.32753317
0.33070673
0.33070673
0.33070673
0.33070673
0.33061172
0.33300990
0.33300990
0.33300990
0.33300990
0.33337635
0.32725639
0.31925757
0.31925757
0.31925757
0.31925757
0.31925757
0.31857108
0.31857108
0.31857108
0.31857108
0.31857108
0.31960314
0.32032373
0.32032373
0.32032373
0.32032373
0.32032373
0.32032373
0.32032373
0.32032373
0.32032373
0.32248991
0.32248991
0.32248991
0.32248991
0.32248991
0.32343704
0.32261183
0.32590601
0.32949693
0.32949693
0.32949693
0.32949693
0.32995293
0.33163998
0.33163998
0.33163998
0.33589072
0.33795930
0.33795930
0.34277622
0.34178347
0.34178347
0.29165011
0.29165011
0.28930290
0.28970332
0.28970332
0.28970332
0.28970332
0.29422563
0.29137551
0.29260418
0.29260418
0.24474760
0.24474760
0.24209687
0.24209687
0.24209687
0.24209687
0.24796538
0.25028161
0.24735528
0.24735528
0.24961936
0.24961936
0.25162077
0.25162077
0.25097275
0.24857732
0.24857732
0.24857732
0.24627095
0.24627095
0.17720583
0.17720583
0.18208434
0.18208434
0.18208434
0.18208434
0.18208434
0.18208434
0.18483289
0.18483289
0.18792806
0.19770822
0.19416925
0.19416925
0.19416925
0.19416925
0.20078195
0.19804186
0.19804186
0.19804186
0.19804186
0.20387572
0.19912931
0.19912931
0.19912931
0.20102812
0.19824859
0.19824859
0.19824859
0.19824859
0.13557358
0.13301564
0.13301564
0.14144075
0.14554898
0.10806399
0.10806399
0.10346107
0.10346107
0.10500375
0.10500375
0.10500375
0.10500375
0.10500375
0.10522699
0.09949687
0.09577774
0.09351754
0.09461316
0.09916784
0.09916784
0.09842994
0.09842994
0.10049143
0.10049143
0.10465135
0.10465135
0.10465135
0.10445128
0.09997097
0.09997097
0.09997097
0.09729170
0.10228879
0.10228879
0.10228879
0.10465138
0.10314453
0.10314453
0.09931806
0.09931806
0.10240382
0.10240382
0.10240382
0.10132579
0.10493622
0.11510934
0.11230374
0.11230374
0.05821006
0.05821006
0.05821006
0.05821006
0.05821006
0.05821006
0.05636030
0.05509963
0.05509963
0.05270348
0.05380565
0.05380565
0.05380565
0.05380565
0.04962498
0.04863504
0.04863504
0.04863504
0.04517007
0.04517007
0.04517007
0.04517007
0.04288795
0.04360165
0.04360165
0.04531918
0.04314546
0.04424149
0.04360842
0.04360842
0.04360842
0.04145516
0.04145516
0.04145516
0.04145516
0.03874500
0.04254156
0.04518104
0.04464200
0.04464200
0.04375686
0.04375686
0.04481092
0.04481092
0.04626525
0.04626525
0.04626525
0.04626525
0.04626525
0.04856422
0.04856422
0.04856422
0.04856422
0.04856422
0.04856422
0.05042489
0.05042489
0.05042489
0.05042489
0.04731454
0.04731454
0.04813696
0.04813696
0.04813696
0.04619133
0.04532524
0.04532524
0.04833310
0.05149159
0.05149159
0.05149159
0.05353779
0.05353779
0.05353779
0.05353779
0.05114816
0.05015181
0.04032732
0.04032732
0.03747003
0.03747003
0.03747003
0.03840592
0.03840592
0.03840592
0.03840592
0.03840592
0.03758819
0.03732652
0.03732652
0.03732652
0.03732652
0.03773741
0.03846161
0.03905026
0.03866941
0.03866941
0.03591961
0.03874114
0.03898466
0.04162611
0.04361940
0.04361940
0.04278341
0.04544467
0.04029900
0.04242161
0.04264678
0.04041186
0.04041186
0.04041186
0.04041186
0.03958131
0.03958131
0.03958131
0.03958131
0.03958131
0.03736053
0.03736053
0.03614954
0.03506919
0.03506919
0.03508320
0.03508320
0.03539214
0.03534455
0.03534455
0.03702120
0.03702120
0.04144268
0.04144268
0.04144268
0.04366458
0.04681739
0.04536004
0.04536004
0.04536004
0.04536004
0.03534106
0.03534106
0.03384132
0.03384132
0.03384132
0.03384132
0.03417493
0.03417493
0.03417493
0.03498563
0.03596219
0.03551337
0.03551337
0.03673582
0.03673582
0.03528919
0.03528919
0.03528919
0.03933946
0.04043510
0.04331715
0.04331715
0.04432598
0.04703413
0.04703413
0.04703413
0.04703413
0.04694227
0.04694227
0.04694227
0.04694227
0.04773335
0.04773335
0.04932897
0.04932897
0.04980751
0.04980751
0.05210316
0.05212889
0.05190318
0.05190318
0.05190318
0.05190318
0.05098671
0.05098671
0.05098671
0.05098671
0.05098671
0.05098671
0.05098671
0.05023060
0.05023060
0.04915298
0.05368893
0.05303493
0.05303493
0.05565969
0.05565969
0.05565969
0.05565969
0.05565969
0.05565969
0.04926752
0.04926752
0.04926752
0.04926752
0.04926752
0.05186174
0.05339635
0.05339635
0.05339635
0.05339635
0.05339635
0.05339635
0.05339635
0.05371378
0.05384032
0.05384032
0.05291193
0.05291193
0.05439620
0.05586677
0.06074410
0.06074410
0.06074410
0.06074410
0.06126402
0.06126402
0.06126402
0.06369644
0.06369644
0.06185502
0.06185502
0.06130540
0.06518980
0.06518980
0.06572781
0.06572781
0.07107821
0.07365167
0.07451764
0.07125440
0.07125440
0.07125440
0.07378729
0.07378729
0.07625176
0.07625176
0.07625176
0.03968161
0.03948220
0.03823071
0.04110519
0.04087880
0.03627950
0.03702051
0.04184542
0.04758883
0.04758883
0.04758883
0.04390954
0.04390954
0.04390954
0.04500310
0.04500310
0.04304832
0.04304832
0.04469035
0.04615325
0.04502815
0.04502815
0.04502815
0.04502815
0.04462576
0.04430841
0.04165479
0.04212148
0.04212148
0.04212148
0.04191986
0.04468777
0.04386592
0.03453878
0.03453878
0.03138487
0.03153889
0.03060105
0.03060105
0.03145507
0.03145507
0.03274871
0.03274871
0.03394589
0.03394589
0.03543309
0.03657872
0.03657872
0.03657872
0.03744603
0.03744603
0.03916038
0.03390280
0.03053665
0.03053665
0.03097277
0.03097277
0.03097277
0.03053113
0.03053113
0.02980168
0.03270642
0.03270642
0.03270642
0.03270642
0.03340842
0.03200355
0.03200355
0.03254900
0.03148754
0.03323201
0.03510973
0.03698300
0.03698300
0.03643320
0.03527695
0.03527695
0.03527695
0.03550603
0.03701074
0.03986828
0.03986828
0.03699181
0.03664508
0.03623341
0.03392244
0.03751088
0.03751088
0.03751088
0.03664144
0.03664144
0.03664144
0.03328827
0.03328827
0.03328827
0.03357422
0.03357422
0.03357422
0.03357422
0.03112609
0.03072848
0.02965809
0.03203150
0.03203150
0.03203150
0.03203150
0.03224986
0.03224986
0.03224986
0.03373596
0.03373596
0.03278482
0.03296398
0.03225168
0.03225168
0.03492832
0.03492832
0.03492832
0.03492832
0.03492832
0.03941641
0.03941641
0.03997513
0.03997513
0.03997513
0.03997513
0.03997513
0.03997513
0.04401789
0.04760826
0.04760826
0.04463147
0.04337477
0.04337477
0.04424986
0.04424986
0.04637285
0.04819761
0.04904534
0.04607792
0.04475754
0.04475754
0.04475754
0.05206680
0.04943245
0.05163223
0.05163223
0.05163223
0.05163223
0.05163223
0.05163223
0.05163223
0.05163223
0.05163223
0.05163223
0.05163223
0.05163223
0.05163223
0.05163223
0.05163223
0.05163223
0.05163223
0.05163223
0.05163223
0.05163223
0.05163223
0.05163223
0.05163223
0.05163223
0.05163223
0.05163223
0.05325571
0.04819161
0.04313318
0.04214204
0.04143316
0.04143316
0.04143316
0.04143316
0.04143316
0.04143316
0.04143316
0.04143316
0.04143316
0.04143316
0.04143316
0.04143316
0.04143316
0.04143316
0.04143316
0.04143316
0.04143316
0.04143316
0.04143316
0.04143316
0.04143316
0.04143316
0.04143316
0.04143316
0.04143316
0.04143316
0.04143316
0.04143316
0.04143316
0.04143316
0.04143316
0.04143316
0.04143316
0.04143316
0.04143316
0.04143316
0.03777530
0.03864510
0.03864510
0.03540467
0.03874861
0.03874861
0.03874861
0.03874861
0.03874861
0.03874861
0.03874861
0.03874861
0.03874861
0.03874861
0.03874861
0.03874861
0.03874861
0.03874861
0.03874861
0.03874861
0.03874861
0.03874861
0.03874861
0.03874861
0.03874861
0.03874861
0.03874861
0.03874861
0.03874861
0.03874861
0.03874861
0.03874861
0.03874861
0.03874861
0.03874861
0.03874861
0.03874861
0.03874861
0.03874861
0.03874861
0.03539085
0.03539085
0.03539085
0.03427261
0.03454212
0.03454212
0.03454212
0.03454212
0.03454212
0.03454212
0.03454212
0.03454212
0.03454212
0.03454212
0.03454212
0.03454212
0.03454212
0.03454212
0.03454212
0.03454212
0.03454212
0.03454212
0.03454212
0.03454212
0.03454212
0.03454212
0.03454212
0.03454212
0.03454212
0.03454212
0.03454212
0.03454212
0.03454212
0.03454212
0.03454212
0.03454212
0.03454212
0.03454212
0.03454212
0.03454212
0.04031077
0.04441050
0.04441050
0.05185303
0.04794924
0.04794924
0.04794924
0.04794924
0.04794924
0.04794924
0.04794924
0.04794924
0.04794924
0.04794924
0.04794924
0.04794924
0.04794924
0.04794924
0.04794924
0.04794924
0.04794924
0.04794924
0.04794924
0.04794924
0.04794924
0.04794924
0.04794924
0.04794924
0.04794924
0.04794924
0.04794924
0.04794924
0.04794924
0.04794924
0.04794924
0.04794924
0.04794924
0.04794924
0.04794924
0.04794924
0.06054215
0.06054215
0.06054215
0.06270449
0.06912966
0.06912966
0.06912966
0.06912966
0.06912966
0.06912966
0.06912966
0.06912966
0.06912966
0.06912966
0.06912966
0.06912966
0.06912966
0.06912966
0.06912966
0.06912966
0.06912966
0.06912966
0.06912966
0.06912966
0.06912966
0.06912966
0.06912966
0.06912966
0.06912966
0.06912966
0.06912966
0.06912966
0.06912966
0.06912966
0.06912966
0.06912966
0.06912966
0.06912966
0.06912966
0.06912966
0.03895077
0.04216212
0.04203170
0.04203170
0.04166280
0.04166280
0.04166280
0.04166280
0.04166280
0.04166280
0.04166280
0.04166280
0.04166280
0.04166280
0.04166280
0.04166280
0.04166280
0.04166280
0.04166280
0.04166280
0.04166280
0.04166280
0.04166280
0.04166280
0.04166280
0.04166280
0.04166280
0.04166280
0.04166280
0.04166280
0.04166280
0.04166280
0.04166280
0.04166280
0.04166280
0.04166280
0.04166280
0.04166280
0.04166280
0.04166280
0.03582647
0.03582647
0.03260892
0.03260892
0.03497238
0.03497238
0.03497238
0.03497238
0.03497238
0.03497238
0.03497238
0.03497238
0.03497238
0.03497238
0.03497238
0.03497238
0.03497238
0.03497238
0.03497238
0.03497238
0.03497238
0.03497238
0.03497238
0.03497238
0.03497238
0.03497238
0.03497238
0.03497238
0.03497238
0.03497238
0.03497238
0.03497238
0.03497238
0.03497238
0.03497238
0.03497238
0.03497238
0.03497238
0.03497238
0.03497238
0.05345240
0.05181799
0.05181799
0.05181799
0.05181799
0.05181799
0.05181799
0.05181799
0.05181799
0.05181799
0.05181799
0.05181799
0.05181799
0.05181799
0.05181799
0.05181799
0.05181799
0.05181799
0.05181799
0.05181799
0.05181799
0.05181799
0.05181799
0.05181799
0.05181799
0.05181799
0.05181799
0.05181799
0.05181799
0.05181799
0.05181799
0.05181799
0.05181799
0.05181799
0.05181799
0.05181799
0.05181799
0.05181799
0.05181799
0.05181799
0.05376192
0.05376192
0.05376192
0.05376192
0.05075341
0.05075341
0.05075341
0.05075341
0.05075341
0.05075341
0.05075341
0.05075341
0.05075341
0.05075341
0.05075341
0.05075341
0.05075341
0.05075341
0.05075341
0.05075341
0.05075341
0.05075341
0.05075341
0.05075341
0.05075341
0.05075341
0.05075341
0.05075341
0.05075341
0.05075341
0.05075341
0.05075341
0.05075341
0.05075341
0.05075341
0.05075341
0.05075341
0.05075341
0.05075341
0.05075341
0.05717070
0.05742952
0.05742952
0.05450703
0.05508803
0.05508803
0.05508803
0.05508803
0.05508803
0.05508803
0.05508803
0.05508803
0.05508803
