0.00000000
0.30855864
0.30855864
0.30967333
0.31069673
0.31069673
0.31069673
0.31069673
0.32794010
0.32794010
0.33001743
0.33001743
0.33001743
0.33001743
0.33001743
0.33001743
0.33001743
0.33001743
0.33001743
0.33001743
0.33001743
0.32493948
0.32493948
0.32610354
0.32610354
0.32448913
0.32481913
0.33032108
0.33032108
0.33032108
0.33032108
0.32991352
0.33008531
0.33008531
0.32796940
0.32796940
0.32796940
0.32796940
0.32796940
0.32796940
0.32796940
0.32796940
0.32796940
0.32796940
0.32796940
0.32796940
0.32796940
0.32796940
0.32796940
0.32796940
0.32796940
0.32796940
0.32796940
0.32796940
0.32796940
0.32796940
0.32796940
0.32796940
0.32796940
0.32796940
0.32796940
0.32796940
0.32796940
0.32796940
0.32796940
0.32796940
0.32796940
0.32796940
0.32796940
0.32796940
0.32796940
0.32796940
0.32796940
0.32796940
0.32796940
0.32796940
0.32796940
0.32796940
0.32796940
0.32796940
0.32796940
0.32796940
0.32796940
0.32796940
0.32796940
0.32796940
0.32796940
0.32796940
0.32796940
0.32796940
0.32796940
0.32796940
0.32796940
0.32796940
0.32796940
0.32796940
0.32796940
0.32796940
0.32796940
0.32796940
0.32796940
0.32796940
0.32796940
0.32796940
0.32796940
0.32796940
0.32796940
0.32796940
0.32796940
0.32796940
0.32796940
0.32796940
0.32796940
0.32796940
0.32796940
0.32796940
0.32796940
0.32796940
0.32796940
0.32796940
0.32796940
0.32796940
0.32796940
0.32796940
0.32796940
0.32796940
0.32796940
0.32796940
0.32796940
0.32796940
0.32796940
0.32796940
0.32796940
0.32796940
0.32796940
0.32796940
0.32796940
0.32796940
0.32796940
0.32796940
0.32796940
0.32796940
0.32796940
0.32796940
0.32796940
0.32796940
0.32796940
0.32796940
0.32796940
0.32796940
0.32796940
0.32796940
0.32796940
0.32796940
0.32796940
0.32796940
0.32796940
0.32796940
0.32796940
0.32796940
0.32796940
0.32796940
0.32796940
0.32796940
0.32796940
0.32796940
0.32796940
0.32796940
0.32796940
0.32796940
0.32796940
0.32796940
0.32796940
0.32796940
0.32796940
0.32796940
0.32796940
0.32796940
0.32796940
0.32796940
0.32796940
0.32796940
0.32796940
0.32796940
0.32796940
0.32796940
0.32796940
0.32796940
0.32796940
0.32796940
0.32796940
0.32796940
0.32796940
0.32796940
0.32796940
0.32796940
0.32796940
0.32796940
0.32796940
0.32796940
0.32796940
0.32796940
0.32796940
0.32796940
0.32796940
0.32796940
0.32796940
0.32796940
0.32796940
0.32796940
0.32796940
0.32796940
0.32796940
0.32796940
0.32796940
0.32796940
0.32796940
0.32796940
0.32796940
0.32796940
0.32796940
0.32796940
0.32796940
0.32796940
0.32796940
0.32796940
0.32796940
0.32796940
0.32796940
0.32796940
0.32796940
0.32796940
0.32796940
0.32796940
0.32796940
0.32796940
0.32796940
0.32796940
0.32796940
0.32796940
0.32796940
0.32796940
0.32796940
0.32796940
0.32796940
0.32796940
0.32796940
0.32796940
0.32796940
0.32796940
0.32796940
0.32796940
0.32796940
0.32796940
0.32796940
0.32796940
0.32796940
0.32796940
0.32796940
0.32796940
0.32796940
0.32796940
0.32796940
0.32796940
0.32796940
0.32796940
0.32796940
0.32796940
0.32796940
0.32796940
0.32796940
0.32796940
0.32796940
0.32796940
0.32796940
0.32796940
0.32796940
0.32796940
0.32796940
0.32796940
0.32796940
0.32796940
0.32796940
0.32796940
0.32796940
0.32796940
0.32796940
0.32796940
0.32796940
0.32796940
0.32796940
0.32796940
0.32796940
0.32796940
0.32796940
0.32796940
0.32796940
0.32796940
0.32796940
0.32796940
0.32796940
0.32796940
0.32796940
0.32796940
0.32796940
0.32796940
0.32796940
0.32796940
0.32796940
0.32796940
0.32796940
0.32796940
0.32796940
0.32796940
0.32796940
0.32796940
0.32796940
0.32796940
0.32796940
0.32796940
0.32796940
0.32796940
0.32796940
0.32796940
0.32796940
0.32796940
0.32796940
0.32796940
0.32796940
0.32796940
0.32796940
0.32796940
0.32796940
0.32796940
0.32796940
0.32796940
0.32796940
0.32796940
0.32796940
0.32796940
0.32796940
0.32796940
0.32796940
0.32796940
0.32796940
0.32796940
0.32796940
0.32796940
0.32796940
0.32796940
0.32796940
0.32796940
0.32796940
0.32796940
0.32796940
0.32796940
0.32796940
0.32796940
0.32796940
0.32796940
0.32796940
0.32796940
0.32796940
0.32796940
0.32796940
0.32796940
0.32796940
0.32796940
0.32796940
0.32796940
0.32796940
0.32796940
0.32796940
0.32796940
0.32796940
0.32796940
0.32796940
0.32796940
0.32796940
0.32796940
0.32796940
0.32796940
0.32796940
0.32796940
0.32796940
0.32796940
0.32796940
0.32796940
0.32796940
0.32796940
0.32796940
0.32796940
0.32796940
0.32796940
0.32796940
0.32796940
0.32796940
0.32796940
0.32796940
0.32796940
0.32796940
0.32796940
0.32796940
0.32796940
0.32796940
0.32796940
0.32796940
0.32796940
0.32796940
0.32796940
0.32796940
0.32796940
0.32796940
0.32796940
0.32796940
0.32796940
0.32796940
0.32796940
0.32796940
0.32796940
0.32796940
0.32796940
0.32796940
0.32796940
0.32796940
0.32796940
0.32796940
0.32796940
0.32796940
0.32796940
0.32796940
0.32796940
0.32796940
0.32796940
0.32796940
0.32796940
0.32796940
0.32796940
0.32796940
0.32796940
0.32796940
0.32796940
0.32796940
0.32796940
0.32796940
0.32796940
0.32796940
0.32796940
0.32796940
0.32796940
0.32796940
0.32796940
0.32796940
0.32796940
0.32796940
0.32796940
0.32796940
0.32796940
0.32796940
0.32796940
0.32796940
0.32796940
0.32796940
0.32796940
0.32796940
0.32796940
0.32796940
0.32796940
0.32796940
0.32796940
0.32796940
0.32796940
0.32796940
0.32796940
0.32796940
0.32796940
0.32796940
0.32796940
0.32796940
0.32796940
0.32796940
0.32796940
0.32796940
0.32796940
0.32796940
0.32796940
0.32796940
0.32796940
0.32796940
0.32796940
0.32796940
0.32796940
0.32796940
0.32796940
0.32796940
0.32796940
0.32796940
0.32796940
0.32796940
0.32796940
0.32796940
0.32796940
0.32796940
0.32796940
0.32796940
0.32796940
0.32796940
0.32796940
0.32796940
0.32796940
0.32796940
0.32796940
0.32796940
0.32796940
0.32796940
0.32796940
0.32796940
0.32796940
0.32796940
0.32796940
0.32796940
0.32796940
0.32796940
0.32796940
0.32796940
0.32796940
0.32796940
0.32796940
0.32796940
0.32796940
0.32796940
0.32796940
0.32796940
0.32796940
0.32796940
0.32796940
0.32796940
0.32796940
0.32796940
0.32796940
0.32796940
0.32796940
0.32796940
0.32796940
0.32796940
0.32796940
0.32796940
0.32796940
0.32796940
0.32796940
0.32796940
0.32796940
0.32796940
0.32796940
0.32796940
0.32796940
0.32796940
0.32796940
0.32796940
0.32796940
0.32796940
0.32796940
0.32796940
0.32796940
0.32796940
0.32796940
0.32796940
0.32796940
0.32796940
0.32796940
0.32796940
0.32796940
0.32796940
0.32796940
0.32796940
0.32796940
0.32796940
0.32796940
0.32796940
0.32796940
0.32796940
0.32796940
0.32796940
0.32796940
0.32796940
0.32796940
0.32796940
0.32796940
0.32796940
0.32796940
0.32796940
0.32796940
0.32796940
0.32796940
0.32796940
0.32796940
0.32796940
0.32796940
0.32796940
0.32796940
0.32796940
0.31039090
0.31039090
0.31211623
0.31211623
0.31144116
0.31144116
0.30757187
0.30819069
0.30819069
0.30635933
0.30635933
0.30635933
0.30658375
0.30658375
0.30658375
0.30721313
0.31196452
0.31334383
0.31587194
0.31588594
0.31588594
0.31588594
0.31701884
0.31701884
0.32297078
0.32297078
0.32297078
0.32193617
0.31960967
0.31876167
0.31950631
0.32082604
0.32082604
0.32082604
0.32082604
0.32082604
0.31858898
0.31858898
0.31858898
0.31858898
0.31858898
0.32114507
0.32280840
0.32280840
0.32280840
0.32280840
0.32280840
0.32193199
0.32193199
0.32143785
0.32143785
0.32095278
0.32139286
0.32139286
0.32139286
0.32139286
0.32227335
0.32227335
0.32227335
0.31798209
0.31710151
0.31710151
0.31454753
0.31673733
0.31673733
0.31673733
0.31673733
0.36227916
0.36227916
0.35807558
0.29794794
0.29794794
0.29794794
0.29972166
0.29972166
0.29219314
0.29270262
0.29356827
0.29200652
0.29200652
0.29291606
0.29253577
0.21409490
0.21708795
0.22035100
0.22072495
0.22500246
0.22571913
0.22485544
0.23065027
0.23340289
0.23340289
0.23640806
0.23640806
0.23749974
0.23798542
0.23798542
0.23798542
0.23798542
0.23798542
0.23841926
0.23841926
0.23841926
0.23908942
0.23908942
0.23908942
0.23908942
0.23908942
0.23908942
0.23317088
0.23040700
0.23309478
0.23309478
0.23309478
0.23833675
0.23833675
0.23833675
0.23833675
0.14271817
0.14271817
0.10227153
0.10227153
0.08974893
0.08974893
0.09035623
0.09035623
0.05412912
0.05412912
0.05516068
0.05694346
0.05323069
0.05323069
0.05323069
0.05323069
0.05323069
0.05323069
0.04618981
0.05139196
0.05361090
0.05361090
0.05361090
0.05361090
0.05361090
0.05361090
0.05361090
0.05361090
0.05296599
0.05448214
0.05448214
0.05483069
0.05054949
0.05054949
0.05054949
0.05054949
0.05054949
0.05054949
0.04848579
0.04848579
0.05125208
0.05125208
0.05716376
0.05716376
0.05716376
0.05716376
0.05716376
0.05716376
0.03698919
0.03698919
0.03950916
0.03950916
0.04020647
0.04020647
0.04020647
0.04020647
0.04020647
0.04020647
0.03826719
0.04560286
0.04868272
0.04868272
0.04868272
0.04868272
0.04868272
0.04868272
0.04868272
0.04868272
0.05523904
0.05523904
0.05523904
0.05951912
0.06269645
0.06269645
0.06269645
0.06269645
0.06269645
0.06269645
0.06379872
0.06643834
0.06914519
0.06914519
0.06914519
0.06914519
0.06914519
0.06914519
0.06914519
0.06914519
0.03236604
0.03236604
0.03503786
0.03503786
0.03805451
0.03805451
0.03805451
0.03805451
0.03805451
0.03805451
0.03351004
0.03351004
0.03351004
0.03351004
0.03351004
0.03351004
0.03351004
0.03351004
0.03351004
0.03351004
0.03351004
0.03724187
0.03829314
0.03829314
0.03855914
0.03855914
0.03855914
0.03855914
0.03855914
0.03855914
0.04186025
0.03949798
0.03949798
0.04574375
0.04574375
0.04574375
0.04574375
0.04574375
0.04574375
0.04574375
0.05385838
0.05766798
0.03303767
0.03303767
0.03318628
0.03318628
0.03318628
0.03318628
0.03318628
0.03318628
0.03074143
0.03097431
0.03448693
0.03839390
0.03839390
0.03839390
0.03839390
0.03839390
0.03839390
0.03839390
0.03441961
0.03441961
0.03267412
0.03267412
0.03499558
0.03499558
0.03499558
0.03499558
0.03499558
0.03499558
0.03369276
0.02845152
0.02930407
0.02930407
0.03147704
0.03147704
0.03147704
0.03147704
0.03147704
0.03147704
0.03203832
0.03203832
0.03360729
0.03351073
0.03351073
0.03351073
0.03351073
0.03351073
0.03351073
0.03351073
0.03547574
0.03540996
0.03540996
0.03540996
0.03919543
0.03919543
0.03919543
0.03919543
0.03919543
0.03919543
0.03893404
0.03612185
0.03612185
0.03612185
0.03612185
0.03612185
0.03612185
0.03612185
0.03612185
0.03612185
0.02833238
0.02833238
0.02597263
0.02597263
0.02464312
0.02464312
0.02464312
0.02464312
0.02464312
0.02464312
0.03337496
0.03337496
0.03337496
0.03422362
0.03306697
0.03306697
0.03306697
0.03306697
0.03306697
0.03306697
0.03306697
0.04145483
0.03749271
0.03920689
0.03920689
0.03920689
0.03920689
0.03920689
0.03920689
0.03920689
0.03325709
0.03325709
0.03325709
0.03325709
0.03285252
0.03285252
0.03285252
0.03285252
0.03285252
0.03285252
0.03927262
0.03725652
0.03489329
0.03327654
0.03071877
0.03071877
0.03071877
0.03071877
0.03071877
0.03071877
0.03099460
0.03099460
0.03099460
0.03403757
0.03403757
0.03403757
0.03403757
0.03403757
0.03403757
0.03403757
0.03833077
0.03833077
0.03308426
0.03552666
0.03552666
0.03552666
0.03552666
0.03552666
0.03552666
0.03552666
0.03807888
0.03888914
0.03888914
0.03901650
0.04044286
0.04044286
0.04044286
0.04044286
0.04044286
0.04044286
0.04002613
0.03674689
0.03199821
