0.00000000
0.00000000
0.00000000
486.71195012
481.10415612
481.10415612
481.10415612
481.10415612
481.10415612
481.10415612
481.10415612
481.10415612
481.10415612
481.10415612
481.10415612
481.10415612
481.10415612
481.10415612
481.10415612
481.10415612
481.10415612
481.10415612
481.10415612
481.10415612
481.10415612
481.10415612
481.10415612
481.10415612
481.10415612
481.10415612
481.10415612
481.10415612
481.10415612
481.10415612
481.10415612
481.10415612
481.10415612
481.10415612
481.10415612
639.29412874
643.80250136
643.80250136
642.90686794
642.90686794
644.92324349
644.92324349
644.92324349
644.92324349
644.92324349
644.92324349
650.43653434
650.43653434
652.35424249
652.35424249
652.35424249
652.35424249
652.35424249
652.35424249
652.35424249
652.35424249
652.35424249
652.35424249
652.35424249
652.35424249
652.35424249
652.35424249
652.35424249
652.35424249
652.35424249
652.35424249
652.35424249
652.35424249
524.49538518
529.75820650
529.75820650
526.63758801
526.63758801
521.36781257
521.90751634
521.90751634
521.90751634
409.01968030
409.01968030
409.01968030
409.01968030
409.01968030
409.01968030
409.01968030
409.01968030
409.01968030
409.01968030
409.01968030
409.01968030
409.01968030
409.01968030
409.01968030
409.01968030
409.01968030
409.01968030
409.01968030
409.01968030
409.01968030
409.01968030
409.01968030
409.01968030
409.01968030
409.01968030
409.01968030
409.01968030
409.01968030
409.01968030
409.01968030
409.01968030
409.01968030
409.01968030
409.01968030
409.01968030
409.01968030
409.01968030
409.01968030
409.01968030
409.01968030
409.01968030
409.01968030
409.01968030
409.01968030
409.01968030
409.01968030
409.01968030
409.01968030
409.01968030
409.01968030
409.01968030
409.01968030
409.01968030
409.01968030
409.01968030
409.01968030
409.01968030
409.01968030
409.01968030
409.01968030
409.01968030
409.01968030
409.01968030
409.01968030
409.01968030
409.01968030
409.01968030
409.01968030
409.01968030
409.01968030
409.01968030
409.01968030
409.01968030
409.01968030
409.01968030
409.01968030
409.01968030
409.01968030
409.01968030
409.01968030
409.01968030
409.01968030
409.01968030
409.01968030
409.01968030
409.01968030
409.01968030
409.01968030
409.01968030
409.01968030
409.01968030
409.01968030
409.01968030
409.01968030
409.01968030
409.01968030
409.01968030
409.01968030
409.01968030
409.01968030
409.01968030
409.01968030
409.01968030
409.01968030
409.01968030
409.01968030
409.01968030
409.01968030
409.01968030
409.01968030
409.01968030
409.01968030
409.01968030
409.01968030
409.01968030
409.01968030
409.01968030
409.01968030
409.01968030
409.01968030
409.01968030
409.01968030
409.01968030
409.01968030
409.01968030
409.01968030
409.01968030
409.01968030
409.01968030
409.01968030
409.01968030
409.01968030
409.01968030
409.01968030
409.01968030
409.01968030
409.01968030
409.01968030
409.01968030
409.01968030
409.01968030
409.01968030
409.01968030
409.01968030
409.01968030
409.01968030
409.01968030
409.01968030
409.01968030
409.01968030
409.01968030
409.01968030
409.01968030
409.01968030
409.01968030
409.01968030
409.01968030
409.01968030
409.01968030
409.01968030
409.01968030
409.01968030
409.01968030
409.01968030
409.01968030
409.01968030
409.01968030
409.01968030
409.01968030
409.01968030
409.01968030
409.01968030
409.01968030
409.01968030
409.01968030
409.01968030
409.01968030
409.01968030
409.01968030
409.01968030
409.01968030
409.01968030
409.01968030
409.01968030
409.01968030
409.01968030
409.01968030
409.01968030
409.01968030
409.01968030
409.01968030
409.01968030
409.01968030
409.01968030
409.01968030
409.01968030
409.01968030
409.01968030
409.01968030
409.01968030
409.01968030
409.01968030
409.01968030
409.01968030
409.01968030
409.01968030
409.01968030
409.01968030
409.01968030
409.01968030
409.01968030
409.01968030
409.01968030
409.01968030
409.01968030
409.01968030
409.01968030
409.01968030
409.01968030
409.01968030
409.01968030
409.01968030
409.01968030
409.01968030
409.01968030
409.01968030
409.01968030
409.01968030
409.01968030
409.01968030
409.01968030
409.01968030
409.01968030
409.01968030
409.01968030
409.01968030
409.01968030
409.01968030
409.01968030
409.01968030
409.01968030
409.01968030
409.01968030
409.01968030
409.01968030
409.01968030
409.01968030
409.01968030
409.01968030
409.01968030
409.01968030
409.01968030
409.01968030
409.01968030
409.01968030
409.01968030
409.01968030
409.01968030
409.01968030
409.01968030
409.01968030
409.01968030
409.01968030
409.01968030
409.01968030
409.01968030
409.01968030
409.01968030
409.01968030
409.01968030
409.01968030
409.01968030
409.01968030
409.01968030
409.01968030
409.01968030
409.01968030
409.01968030
409.01968030
409.01968030
409.01968030
409.01968030
409.01968030
409.01968030
409.01968030
409.01968030
409.01968030
409.01968030
409.01968030
409.01968030
409.01968030
409.01968030
409.01968030
409.01968030
409.01968030
409.01968030
409.01968030
409.01968030
409.01968030
409.01968030
409.01968030
409.01968030
409.01968030
409.01968030
409.01968030
409.01968030
409.01968030
409.01968030
409.01968030
409.01968030
409.01968030
409.01968030
409.01968030
409.01968030
409.01968030
409.01968030
409.01968030
409.01968030
409.01968030
409.01968030
409.01968030
409.01968030
409.01968030
409.01968030
409.01968030
409.01968030
409.01968030
409.01968030
409.01968030
409.01968030
409.01968030
409.01968030
409.01968030
409.01968030
409.01968030
409.01968030
409.01968030
409.01968030
409.01968030
409.01968030
409.01968030
409.01968030
409.01968030
409.01968030
409.01968030
409.01968030
409.01968030
409.01968030
409.01968030
409.01968030
409.01968030
409.01968030
409.01968030
409.01968030
409.01968030
409.01968030
409.01968030
409.01968030
409.01968030
409.01968030
409.01968030
409.01968030
409.01968030
409.01968030
409.01968030
409.01968030
409.01968030
409.01968030
409.01968030
409.01968030
409.01968030
409.01968030
409.01968030
409.01968030
409.01968030
409.01968030
409.01968030
409.01968030
409.01968030
409.01968030
409.01968030
409.01968030
409.01968030
409.01968030
409.01968030
409.01968030
409.01968030
409.01968030
409.01968030
409.01968030
409.01968030
409.01968030
409.01968030
409.01968030
409.01968030
409.01968030
409.01968030
409.01968030
409.01968030
409.01968030
409.01968030
409.01968030
409.01968030
409.01968030
409.01968030
409.01968030
409.01968030
409.01968030
409.01968030
409.01968030
409.01968030
409.01968030
409.01968030
409.01968030
409.01968030
409.01968030
409.01968030
409.01968030
409.01968030
409.01968030
409.01968030
409.01968030
409.01968030
409.01968030
409.01968030
409.01968030
409.01968030
409.01968030
409.01968030
409.01968030
409.01968030
409.01968030
409.01968030
409.01968030
409.01968030
409.01968030
409.01968030
409.01968030
409.01968030
409.01968030
409.01968030
409.01968030
409.01968030
409.01968030
409.01968030
409.01968030
409.01968030
409.01968030
409.01968030
409.01968030
409.01968030
409.01968030
409.01968030
409.01968030
409.01968030
409.01968030
409.01968030
409.01968030
409.01968030
409.01968030
409.01968030
409.01968030
409.01968030
409.01968030
409.01968030
409.01968030
409.01968030
409.01968030
409.01968030
409.01968030
409.01968030
409.01968030
409.01968030
409.01968030
409.01968030
409.01968030
409.01968030
409.01968030
409.01968030
409.01968030
409.01968030
409.01968030
409.01968030
409.01968030
409.01968030
409.01968030
409.01968030
409.01968030
409.01968030
409.01968030
409.01968030
409.01968030
409.01968030
409.01968030
409.01968030
409.01968030
409.01968030
409.01968030
409.01968030
409.01968030
409.01968030
409.01968030
409.01968030
409.01968030
409.01968030
409.01968030
409.01968030
409.01968030
409.01968030
409.01968030
409.01968030
409.01968030
409.01968030
409.01968030
409.01968030
409.01968030
409.01968030
409.01968030
409.01968030
505.49849131
505.49849131
507.15336066
507.15336066
505.56424196
505.56424196
499.62341314
496.85166922
496.85166922
496.85166922
496.56361887
496.56361887
497.85808471
497.85808471
500.60967410
500.60967410
500.60967410
684.49406415
684.49406415
684.49406415
676.40988233
583.25103694
580.09393363
585.93730763
585.90368046
585.61769870
585.61769870
585.61769870
585.61769870
674.63124384
674.63124384
592.28262298
592.28262298
592.55902376
592.55902376
593.43040271
675.92035434
678.80889234
675.67990337
666.32009234
665.77572717
665.77572717
594.76728435
594.76728435
593.98000053
593.98000053
633.68622164
639.14248254
638.46153045
637.28143710
638.31853440
638.31853440
638.31853440
508.22288583
507.32142106
505.10385201
505.10385201
505.10385201
505.10385201
505.10385201
505.10385201
654.16407534
654.16407534
654.16407534
654.16407534
654.16407534
517.23154150
517.23154150
517.23154150
515.16050707
514.20003578
514.20003578
514.20003578
514.20003578
514.20003578
514.20003578
649.90405422
643.74644566
644.37655340
644.37655340
641.99163954
492.44552409
488.33431178
488.33431178
488.33431178
488.33431178
488.33431178
488.33431178
488.33431178
488.33431178
488.33431178
640.32482687
649.33830752
649.33830752
648.90428290
645.16648840
497.09066127
497.09066127
497.09066127
497.09066127
443.47010715
443.47010715
443.47010715
443.47010715
443.47010715
443.47010715
530.76730467
530.76730467
525.53018600
525.53018600
523.71613725
523.71613725
442.74134588
440.87439604
440.87439604
440.87439604
440.87439604
440.87439604
440.87439604
440.87439604
440.87439604
440.87439604
540.55177180
536.40476100
536.40476100
536.40476100
536.40476100
536.40476100
364.27993930
364.27993930
360.09190564
360.09190564
360.09190564
360.09190564
360.09190564
360.09190564
360.09190564
360.09190564
529.51813340
529.51813340
529.51813340
354.07187563
353.55777451
353.55777451
352.38619347
349.40032536
349.40032536
349.40032536
349.40032536
349.40032536
349.40032536
349.40032536
349.40032536
349.40032536
349.40032536
349.40032536
214.97609043
214.97609043
214.97609043
214.97609043
214.97609043
214.97609043
214.97609043
214.97609043
214.97609043
214.97609043
214.97609043
214.97609043
214.97609043
214.97609043
214.97609043
165.83634152
168.26191572
168.26191572
168.26191572
168.26191572
168.26191572
168.26191572
168.26191572
168.26191572
168.26191572
168.26191572
168.26191572
168.26191572
168.26191572
168.26191572
170.46415746
170.46415746
163.08866825
163.08866825
163.08866825
163.08866825
163.08866825
163.08866825
163.08866825
163.08866825
163.08866825
163.08866825
163.08866825
163.08866825
163.08866825
123.02104622
123.02104622
122.54591874
123.93962313
123.93962313
123.93962313
123.93962313
123.93962313
123.93962313
123.93962313
123.93962313
123.93962313
123.93962313
123.93962313
123.93962313
123.93962313
113.57947950
113.57947950
111.84022926
111.84022926
111.84022926
111.84022926
111.84022926
111.84022926
111.84022926
111.84022926
111.84022926
111.84022926
111.84022926
111.84022926
92.43543180
92.43543180
92.43543180
92.43543180
95.89933454
95.89933454
95.89933454
95.89933454
95.89933454
95.89933454
95.89933454
95.89933454
95.89933454
95.89933454
95.89933454
92.18239809
89.18583061
87.63315499
85.96280537
85.53814956
85.53814956
85.53814956
85.53814956
85.53814956
85.53814956
85.53814956
85.53814956
85.53814956
85.53814956
85.53814956
97.09389155
97.09389155
97.09389155
93.81186724
93.90945268
93.90945268
93.90945268
93.90945268
93.90945268
93.90945268
93.90945268
93.90945268
93.90945268
93.90945268
93.90945268
67.34968794
71.96728016
71.96728016
71.96728016
71.96728016
71.96728016
71.96728016
71.96728016
71.96728016
71.96728016
71.96728016
71.96728016
71.96728016
71.96728016
71.96728016
80.98930681
79.86919591
79.86919591
80.89675413
81.22298421
81.22298421
81.22298421
81.22298421
81.22298421
81.22298421
81.22298421
81.22298421
81.22298421
81.22298421
81.22298421
76.64337530
76.64337530
76.64337530
76.64337530
76.64337530
76.64337530
76.64337530
76.64337530
76.64337530
76.64337530
76.64337530
76.64337530
76.64337530
76.64337530
76.64337530
84.29200686
81.65219895
81.83982384
82.22396753
82.56018449
82.56018449
82.56018449
82.56018449
82.56018449
82.56018449
82.56018449
82.56018449
82.56018449
82.56018449
82.56018449
54.80063587
54.80063587
54.80063587
54.20387572
53.18216152
53.18216152
53.18216152
53.18216152
53.18216152
53.18216152
53.18216152
53.18216152
53.18216152
53.18216152
53.18216152
57.95121150
57.95121150
57.95121150
55.92838847
53.67496121
53.67496121
53.67496121
53.67496121
53.67496121
53.67496121
53.67496121
53.67496121
53.67496121
53.67496121
53.67496121
55.22321952
55.22321952
55.34456564
55.34456564
54.01553346
54.01553346
54.01553346
54.01553346
54.01553346
54.01553346
54.01553346
54.01553346
54.01553346
54.01553346
54.01553346
47.44024088
47.44024088
48.48958272
48.48958272
48.48958272
48.48958272
48.48958272
48.48958272
48.48958272
48.48958272
48.48958272
48.48958272
48.48958272
48.48958272
48.48958272
48.71972887
47.05980400
49.04800153
