0.00000000
0.00000000
0.00000000
531.12697248
529.31983380
529.31983380
529.31983380
340.84131269
344.73469261
345.07669499
342.92311369
341.32223509
341.32223509
341.32223509
341.32223509
341.32223509
341.32223509
341.32223509
341.32223509
341.32223509
341.32223509
341.32223509
341.32223509
223.47524629
221.48201407
221.48201407
221.48201407
221.48201407
221.48201407
220.39706596
220.75475938
223.17535984
223.17535984
453.92865174
453.92865174
580.79043288
581.47148246
581.47148246
581.47148246
619.38059837
623.49604884
623.49604884
623.50432724
623.50432724
623.93085830
623.93085830
623.93085830
623.93085830
623.93085830
623.93085830
623.09338376
623.09338376
626.32063232
626.32063232
626.32063232
626.32063232
626.32063232
627.65802356
504.50838919
504.50838919
504.50838919
504.50838919
496.76816034
496.76816034
500.16001807
500.16001807
500.16001807
371.15638434
371.15638434
368.50345722
367.13988851
367.13988851
369.30801625
374.09746639
374.09746639
370.45666279
370.45666279
367.53426830
371.95332129
371.95332129
371.95332129
254.47986202
254.47986202
254.47986202
254.47986202
250.34923289
250.34923289
250.34923289
250.34923289
250.39309447
250.39309447
250.39309447
250.39309447
246.67906409
246.67906409
250.92404216
254.66087533
254.66087533
258.14415077
258.14415077
258.14415077
258.14415077
253.73743990
153.46829274
153.46829274
153.46829274
153.46829274
153.46829274
153.46829274
154.65414658
154.65414658
154.65414658
154.65414658
160.10149648
167.19607781
167.19607781
167.19607781
167.19607781
167.19607781
167.19607781
167.19607781
167.19607781
165.88653463
106.55996246
106.55996246
105.73200490
105.73200490
105.73200490
109.15043504
109.15043504
107.14405065
107.14405065
107.14405065
107.14405065
107.14405065
80.38780200
80.44539981
81.78585840
79.70865770
79.70865770
78.58525755
78.58525755
81.64496184
81.64496184
81.64496184
79.76256447
79.76256447
79.76256447
79.76256447
79.76256447
62.32919889
64.34879335
64.34879335
64.34879335
63.60524032
63.30169472
58.17739846
57.29404832
56.84208514
57.71707690
57.71707690
59.01217239
57.81655070
57.81655070
58.30751963
59.50736742
59.08370627
60.23828906
61.52163731
59.66639222
61.71825424
61.71825424
61.71825424
65.68545254
65.68545254
52.06909066
51.89837905
51.14157650
51.64220063
55.97982523
56.29995680
56.10614219
56.10614219
56.10614219
56.10614219
55.16336350
55.16336350
55.85871699
55.85871699
57.28872038
55.58540288
56.18824489
56.18824489
56.18824489
56.18824489
55.87635708
55.27356536
56.44448682
56.44448682
56.44448682
56.44448682
56.44448682
56.44448682
55.90263215
55.90263215
55.90263215
55.90263215
55.93509498
55.93509498
55.93509498
55.93509498
55.93509498
55.73792263
55.73792263
54.35154458
54.35154458
54.35154458
54.35154458
53.68455459
53.22093336
53.22093336
53.22093336
53.22093336
52.34055142
52.26354385
52.26354385
54.81318038
54.81318038
54.81318038
54.81318038
53.75596331
54.91299718
54.98782659
54.98782659
54.98782659
54.98782659
54.98782659
54.98782659
55.50300020
55.34061777
54.33433501
54.33433501
54.33433501
53.15325025
54.53063557
54.53063557
54.46627346
56.26868059
55.76714734
55.76714734
55.76714734
55.76714734
56.95073660
59.49909022
59.49909022
59.49909022
61.92281304
63.80650236
62.54789057
59.34540460
59.34540460
58.57809193
58.57809193
58.57809193
56.03087215
56.03087215
57.98398040
57.98398040
58.98195621
58.98195621
58.43101163
59.97859021
60.69182555
60.69182555
60.69182555
60.40623383
61.03793145
64.11620561
64.11620561
63.35746758
65.50400010
65.50400010
65.71605598
67.05180391
67.05180391
69.58672123
73.44604242
70.35386472
71.14033690
71.14033690
71.49099771
58.27635121
58.93430137
58.93430137
58.93430137
59.42461913
59.42461913
61.50928714
59.12036990
59.42030385
59.42030385
59.42030385
58.85846046
58.85846046
58.85846046
58.85846046
59.15060824
60.70748704
61.10892208
61.10892208
62.18981904
60.63979434
60.82567700
61.99134650
61.99134650
61.99134650
61.99134650
61.99134650
61.99134650
68.09543708
68.09543708
68.09543708
68.03825973
68.03825973
68.03825973
68.11379757
68.11379757
68.11379757
68.76685188
68.76685188
68.76685188
68.76685188
68.76685188
67.54961030
67.54961030
67.53019623
67.53019623
68.02840672
69.03435389
69.03435389
69.03435389
66.10266123
66.11502746
66.11502746
65.72955893
65.72955893
65.72955893
65.72955893
64.87520928
64.96927690
63.66116235
63.66116235
63.66116235
62.36568029
62.36568029
62.89364406
63.02695218
63.02695218
67.40444750
69.12144195
69.12144195
69.12144195
69.12144195
69.12144195
69.56787775
68.53389331
67.84854786
67.84854786
67.84854786
67.84854786
67.84854786
67.84854786
67.84854786
67.84854786
67.84854786
67.84854786
67.84854786
66.49158068
66.49158068
69.87425572
68.45125626
68.45125626
68.45125626
68.45125626
69.27700641
69.27700641
67.39798669
62.52840015
62.52840015
63.33418806
62.61858770
62.61858770
62.61858770
62.61858770
62.61858770
62.61858770
63.35517819
63.35517819
63.35517819
63.35517819
62.06339803
62.06339803
59.13496955
59.13496955
59.13496955
59.62985015
59.14776422
59.14776422
62.33894805
63.33733847
63.33733847
64.39684364
64.39684364
63.97863601
63.01530591
64.54140711
64.54140711
65.03097239
65.03097239
65.03097239
63.77520143
63.77520143
63.77520143
63.77520143
63.77520143
63.77520143
63.97287943
66.95489219
66.95489219
66.95489219
68.97779565
68.45702320
65.37795342
67.78767187
69.80171578
69.80171578
72.85797519
72.85797519
63.81660152
59.94883533
58.61442133
58.50910344
58.50910344
58.07308672
58.07308672
58.07308672
58.07308672
58.07308672
57.99645366
57.99645366
57.99645366
57.99645366
56.39516080
56.39516080
56.39516080
56.60106968
56.70778885
56.70778885
57.22754612
57.22754612
57.22754612
58.48280986
58.48280986
58.76087815
59.70788291
59.70788291
59.70788291
59.70788291
59.70788291
59.70788291
59.70788291
58.06305836
58.06305836
58.06305836
58.06305836
57.85847942
57.85847942
59.32805473
59.49157447
60.11770451
60.11770451
59.13659053
59.11252091
59.11252091
59.11252091
59.33355003
59.33355003
60.65479605
60.65479605
59.75754436
59.75754436
62.35325844
63.93004652
63.93004652
63.93004652
62.76629090
62.76629090
62.76629090
62.47347066
60.92824425
62.72769531
57.94789136
56.70084920
59.46747963
60.21883973
60.21883973
60.21883973
60.21883973
61.31277572
61.31277572
58.94641409
58.94641409
58.28904333
58.28904333
58.28904333
60.69063295
60.27387956
60.66126517
61.02170964
60.84245890
60.84245890
59.36627388
59.36627388
58.04296970
58.04296970
58.04296970
58.04296970
57.15902659
58.62331545
58.62331545
58.62331545
58.62331545
58.62331545
58.62331545
58.62331545
59.14883388
59.53913847
59.53913847
59.53913847
59.53913847
59.53913847
59.53913847
59.53913847
59.02195750
57.46824581
56.19518797
56.59995852
56.59995852
56.59995852
56.59995852
56.59995852
56.71106155
56.71106155
56.64064635
56.64064635
56.13122897
55.65537461
53.90997017
54.26892025
54.26892025
54.26892025
54.26892025
54.26892025
54.26892025
54.26892025
54.26892025
54.26892025
55.60792177
55.60792177
55.74532187
55.74532187
55.74532187
55.74532187
55.74532187
55.89580098
55.89580098
56.78790878
56.19396200
56.19396200
56.19396200
56.48441681
55.82509681
55.04742073
57.44257355
57.44257355
57.44257355
57.44257355
56.91826308
56.86211274
55.10907377
56.10426162
56.10426162
54.96375169
54.96375169
52.88110981
52.88110981
52.88110981
52.88110981
55.50129170
55.41529253
55.41529253
53.50224629
53.50224629
54.35489217
54.35489217
54.91591750
54.91591750
54.91591750
54.91591750
54.91591750
54.91591750
54.91591750
54.91591750
54.91591750
54.91591750
54.91591750
54.91591750
54.91591750
54.91591750
54.91591750
54.91591750
54.91591750
55.18323077
51.49072596
50.82935627
51.13956582
51.00659497
61.18388464
62.05773967
62.05773967
62.36437575
62.72484454
62.40778689
62.40778689
62.61323519
60.97085252
62.27995494
62.27995494
62.27995494
62.27995494
62.27995494
62.27995494
62.27995494
62.27995494
62.27995494
62.27995494
62.27995494
62.27995494
62.27995494
62.27995494
62.27995494
62.27995494
62.27995494
62.27995494
62.27995494
62.27995494
62.27995494
46.89530553
46.89530553
48.66122539
47.21495996
48.53366793
62.06682783
62.06682783
62.06682783
62.06682783
62.06682783
61.16245868
61.16245868
58.94340445
60.55425129
58.52271073
58.52271073
58.52271073
58.52271073
58.52271073
58.52271073
58.52271073
58.52271073
58.52271073
58.52271073
58.52271073
58.52271073
58.52271073
58.52271073
58.52271073
58.52271073
58.52271073
58.52271073
58.52271073
58.52271073
58.52271073
41.07724721
42.99200196
42.99200196
41.77798592
41.18815605
57.32664257
57.32664257
57.32664257
57.32664257
61.04762707
63.37326552
63.37326552
63.37326552
64.47898312
64.47898312
64.47898312
64.47898312
64.47898312
64.47898312
64.47898312
64.47898312
64.47898312
64.47898312
64.47898312
64.47898312
64.47898312
64.47898312
64.47898312
64.47898312
64.47898312
64.47898312
64.47898312
64.47898312
64.47898312
64.47898312
40.91427297
40.91427297
41.43989577
41.43989577
40.75188078
59.59385490
59.59385490
58.46322717
58.46322717
58.27512622
64.35048360
64.35048360
64.35048360
64.35048360
64.35048360
64.35048360
64.35048360
64.35048360
64.35048360
64.35048360
64.35048360
64.35048360
64.35048360
64.35048360
64.35048360
64.35048360
64.35048360
64.35048360
64.35048360
64.35048360
64.35048360
64.35048360
64.35048360
64.35048360
64.35048360
64.35048360
64.35048360
64.35048360
64.35048360
64.35048360
58.90191364
59.85051731
60.25667782
60.99949130
60.32223653
53.52844241
53.79355089
53.79355089
53.79355089
53.79355089
53.79355089
53.79355089
53.79355089
53.79355089
53.79355089
53.79355089
53.79355089
53.79355089
53.79355089
53.79355089
53.79355089
53.79355089
53.79355089
53.79355089
53.79355089
53.79355089
53.79355089
53.79355089
53.79355089
53.79355089
53.79355089
53.79355089
53.79355089
53.79355089
53.79355089
53.79355089
53.79355089
57.88588370
59.00456443
59.00456443
49.29816425
49.29816425
49.58879773
49.58879773
49.58879773
49.58879773
49.58879773
49.58879773
49.58879773
49.58879773
49.58879773
49.58879773
49.58879773
49.58879773
49.58879773
49.58879773
49.58879773
49.58879773
49.58879773
49.58879773
49.58879773
49.58879773
49.58879773
49.58879773
49.58879773
49.58879773
49.58879773
49.58879773
49.58879773
49.58879773
56.00777043
56.62657657
57.61099976
57.44308390
57.01985250
50.51035571
50.51035571
50.73777929
50.43990652
50.46595220
50.46595220
50.46595220
50.46595220
50.46595220
50.46595220
50.46595220
50.46595220
50.46595220
50.46595220
50.46595220
50.46595220
50.46595220
50.46595220
50.46595220
50.46595220
50.46595220
50.46595220
50.46595220
50.46595220
50.46595220
50.46595220
50.46595220
50.46595220
50.46595220
50.46595220
57.37659301
58.14862528
58.14862528
58.63941684
58.63941684
57.27155538
56.33682163
56.33682163
56.33682163
56.33682163
56.33682163
56.33682163
56.33682163
56.33682163
56.33682163
56.33682163
56.33682163
56.33682163
56.33682163
56.33682163
56.33682163
56.33682163
56.33682163
56.33682163
56.33682163
56.33682163
56.33682163
56.33682163
56.33682163
56.33682163
56.33682163
56.33682163
56.33682163
56.33682163
56.33682163
62.02261652
62.02261652
62.02261652
62.02261652
62.02261652
67.21402676
67.50899954
67.31202199
73.01292691
71.83086263
71.83086263
71.83086263
71.83086263
71.83086263
71.83086263
71.83086263
71.83086263
71.83086263
71.83086263
71.83086263
71.83086263
71.83086263
71.83086263
71.83086263
71.83086263
71.83086263
71.83086263
71.83086263
71.83086263
71.83086263
71.83086263
71.83086263
71.83086263
71.83086263
71.83086263
55.52992676
55.61006206
55.95312884
56.62357926
56.62357926
65.38681716
65.38681716
65.38681716
65.38681716
65.38681716
65.38681716
65.38681716
65.38681716
65.38681716
65.38681716
65.38681716
65.38681716
65.38681716
65.38681716
65.38681716
65.38681716
65.38681716
65.38681716
65.38681716
65.38681716
65.38681716
65.38681716
65.38681716
65.38681716
65.38681716
65.38681716
65.38681716
65.38681716
65.38681716
65.38681716
55.33600768
55.18924044
55.18924044
57.88790284
55.36321948
53.86212397
53.86212397
55.49291652
55.49291652
55.49291652
55.49291652
55.49291652
55.49291652
55.49291652
55.49291652
55.49291652
55.49291652
55.49291652
55.49291652
55.49291652
55.49291652
55.49291652
55.49291652
