0.00000000
0.00000000
0.00000000
440.57159397
436.26918068
436.26918068
436.26918068
528.63051229
530.16081066
528.71324658
525.06784477
521.37099413
343.17029462
344.17626538
346.03275857
340.42441246
340.36002887
340.36002887
340.36002887
340.36002887
424.32341655
422.54373200
422.54373200
419.23037571
418.95351262
418.95351262
418.95351262
418.95351262
418.95351262
414.92780461
414.63516473
416.41709053
416.41709053
409.97460736
409.97460736
617.87144019
617.86818779
617.86818779
574.59823888
572.55998299
578.48578131
578.48578131
494.82820108
494.82820108
491.84268648
491.84268648
491.84268648
491.84268648
491.84268648
491.84268648
489.26024708
489.26024708
579.60389714
579.60389714
579.60389714
579.60389714
579.60389714
495.26239305
349.76450420
349.76450420
349.76450420
349.76450420
470.28012999
470.28012999
475.41374460
475.41374460
475.41374460
225.49880159
142.85674276
140.63824528
137.43506358
137.43506358
336.30795241
341.17175576
341.17175576
339.54786632
339.54786632
339.43421926
339.42314186
339.42314186
339.42314186
239.38880085
239.38880085
239.38880085
239.38880085
235.29217432
235.29217432
235.29217432
235.29217432
232.41246252
232.41246252
232.41246252
232.41246252
230.04623562
230.04623562
226.09821010
233.21411080
233.21411080
233.97796199
233.97796199
233.97796199
233.97796199
232.90548913
153.84908946
153.84908946
153.84908946
153.84908946
153.84908946
153.84908946
157.76098883
157.76098883
157.76098883
157.76098883
158.35136665
164.64701196
164.64701196
164.64701196
164.64701196
164.64701196
164.64701196
164.64701196
164.64701196
162.44965438
104.06459634
104.06459634
106.65757890
106.65757890
106.65757890
109.42101597
109.42101597
111.59127943
111.59127943
111.59127943
111.59127943
111.59127943
81.65108565
84.30101842
84.01187617
84.93975837
84.93975837
82.40020832
82.40020832
84.25071618
84.25071618
84.25071618
81.95328310
81.95328310
81.95328310
81.95328310
81.95328310
68.73258845
68.82358895
68.82358895
68.82358895
68.93173797
68.37126878
63.81305735
63.55208524
63.48753451
64.00093731
64.00093731
64.30558318
61.91781179
61.91781179
61.75758109
63.87997022
63.69684280
65.80020301
66.76479869
64.91799483
65.91305659
65.91305659
65.91305659
68.44460048
68.44460048
59.22965023
58.69428739
58.51774642
58.19126897
59.52476888
59.83203261
58.00270559
58.00270559
58.00270559
58.00270559
57.47532602
57.47532602
58.19148481
58.19148481
58.09170551
57.74933780
57.41223985
57.41223985
57.41223985
57.41223985
57.31108218
56.71746459
56.67207909
56.67207909
56.67207909
56.67207909
56.67207909
56.67207909
55.08020945
55.08020945
55.08020945
55.08020945
55.37794413
55.37794413
55.37794413
55.37794413
55.37794413
55.04978531
55.04978531
53.91050920
53.91050920
53.91050920
53.91050920
53.80835560
53.64831212
53.64831212
53.64831212
53.64831212
53.18235715
53.04182946
53.04182946
55.17338199
55.17338199
55.17338199
55.17338199
54.38751890
56.18757454
55.98509174
55.98509174
55.98509174
55.98509174
55.98509174
55.98509174
57.87051834
57.13577398
56.29662700
56.29662700
56.29662700
54.68978409
55.77056688
55.77056688
55.76084537
57.00369980
56.75772083
56.75772083
56.75772083
56.75772083
57.16499592
58.21964668
58.21964668
58.21964668
58.94218125
58.98997524
60.87680068
59.21484460
59.21484460
58.05279617
58.05279617
58.05279617
53.83586932
53.83586932
55.32643283
55.32643283
56.25419346
56.25419346
56.86309513
57.26547746
57.56498579
57.56498579
57.56498579
55.95676343
56.69128073
57.80374632
57.80374632
57.20399542
58.07911052
58.07911052
57.91385286
58.64926839
58.64926839
61.30074981
62.94332182
61.08495386
63.45791295
63.45791295
64.09734694
57.82704830
57.80843956
57.80843956
57.80843956
58.22697644
58.22697644
59.41727731
58.34198246
57.35701189
57.35701189
57.35701189
56.90202575
56.90202575
56.90202575
56.90202575
56.66138147
57.32099034
57.58783607
57.58783607
58.57336271
56.53321391
56.35387776
57.03895606
57.03895606
57.03895606
57.03895606
57.03895606
57.03895606
58.18246111
58.18246111
58.18246111
58.91076092
58.91076092
58.91076092
58.83975931
58.83975931
58.83975931
58.72962742
58.72962742
58.72962742
58.72962742
58.72962742
58.05708615
58.05708615
57.58263314
57.58263314
57.55429608
58.31123030
58.31123030
58.31123030
58.09560125
57.88605235
57.88605235
58.13643857
58.13643857
58.13643857
58.13643857
56.33286958
57.71843041
59.68445259
59.68445259
59.68445259
58.77880826
58.77880826
58.99585918
60.24222669
60.24222669
60.86041299
60.58820288
60.58820288
60.58820288
60.58820288
60.58820288
61.13726105
61.33843792
59.87447309
59.87447309
59.87447309
59.87447309
59.87447309
59.87447309
59.87447309
59.87447309
59.87447309
59.87447309
59.87447309
59.36125421
59.36125421
59.91454706
59.02830192
59.02830192
59.02830192
59.02830192
57.39854135
57.39854135
56.37500661
59.52560404
59.52560404
59.77577574
59.41282595
59.41282595
59.41282595
59.41282595
59.41282595
59.41282595
60.02475348
60.02475348
60.02475348
60.02475348
60.69174099
60.69174099
59.45153708
59.45153708
59.45153708
60.36099670
59.39171037
59.39171037
61.05758045
61.28250255
61.28250255
61.67812030
61.67812030
59.33077524
59.20128901
59.71535323
59.71535323
58.89096137
58.89096137
58.89096137
58.28915120
58.28915120
58.28915120
58.28915120
58.28915120
58.28915120
58.30895050
58.12163351
58.12163351
58.12163351
58.00233116
58.51857918
59.10842300
60.28862877
61.06022626
61.06022626
63.50349296
63.50349296
63.08304231
61.33436092
60.00446082
59.53640096
59.53640096
59.12115140
59.12115140
59.12115140
59.12115140
59.12115140
58.06859018
58.06859018
58.06859018
58.06859018
56.93189950
56.93189950
56.93189950
56.68061453
55.73500812
55.73500812
56.92986078
56.92986078
56.92986078
57.34841567
57.34841567
57.51615801
58.40454960
58.40454960
58.40454960
58.40454960
58.40454960
58.40454960
58.40454960
57.49245157
57.49245157
57.49245157
57.49245157
57.68705180
57.68705180
59.16812699
58.83854503
59.43508777
59.43508777
59.08598758
59.69598171
59.69598171
59.69598171
59.80917970
59.80917970
60.51723715
60.51723715
59.61908023
59.61908023
59.93956678
61.03605181
61.03605181
61.03605181
59.71465634
59.71465634
59.71465634
60.59536372
59.09924765
60.32591917
63.01300549
61.62396494
62.34189869
63.54708377
63.54708377
63.54708377
63.54708377
65.57475442
65.57475442
62.71127275
62.71127275
61.81545408
61.81545408
61.81545408
63.71909806
62.99888938
63.11046303
64.48116542
65.08219138
65.08219138
60.05402186
60.05402186
58.66004957
58.66004957
58.66004957
58.66004957
58.37166692
59.89315212
59.89315212
59.89315212
59.89315212
59.89315212
59.89315212
59.89315212
59.39363205
59.75026728
59.75026728
59.75026728
59.75026728
59.75026728
59.75026728
59.75026728
59.24652105
57.98237498
57.96118900
59.45532169
59.45532169
59.45532169
59.45532169
59.45532169
59.41902607
59.41902607
59.53573015
59.53573015
58.77336001
59.03651373
59.86839994
60.17517511
60.17517511
60.17517511
60.17517511
60.17517511
60.17517511
60.17517511
60.17517511
60.17517511
61.10368514
61.10368514
60.68358304
60.68358304
60.68358304
60.68358304
60.68358304
60.09600928
60.09600928
61.77672003
61.63689009
61.63689009
61.63689009
61.47248364
60.59142777
60.43832544
62.80363867
62.80363867
62.80363867
62.80363867
62.54385686
62.71984977
61.69029803
62.60329216
62.60329216
59.78579838
59.78579838
58.17614052
58.17614052
58.17614052
58.17614052
59.29956519
59.42269786
59.42269786
58.35210810
58.35210810
52.36989810
52.36989810
52.03098793
52.03098793
54.41892683
53.46717581
53.46717581
53.46717581
53.25683729
53.25683729
53.25683729
53.25683729
53.25683729
53.25683729
53.25683729
53.25683729
53.25683729
53.25683729
53.25683729
53.25683729
53.25683729
53.25683729
53.25683729
53.25683729
49.00699911
48.88767080
48.88767080
49.71166490
50.12099126
65.15202745
65.15202745
63.98404867
62.27181298
63.39876596
62.34071694
62.61699523
61.94711672
61.42272809
63.64432845
63.64432845
63.64432845
63.64432845
63.64432845
63.64432845
63.64432845
63.64432845
63.64432845
63.64432845
63.64432845
63.64432845
63.64432845
63.64432845
63.64432845
63.64432845
63.64432845
63.64432845
63.64432845
63.64432845
63.64432845
49.84250688
49.84250688
49.84250688
49.84250688
49.84250688
60.50991705
60.50991705
58.50746915
59.05675676
58.82378550
57.77021990
58.51402745
60.48846278
58.62959256
59.24377897
59.24377897
59.24377897
59.24377897
59.24377897
59.24377897
59.24377897
59.24377897
59.24377897
59.24377897
59.24377897
59.24377897
59.24377897
59.24377897
59.24377897
59.24377897
59.24377897
59.24377897
59.24377897
59.24377897
59.24377897
59.24377897
40.85806169
40.85806169
40.85806169
43.32798046
61.94453565
61.94453565
61.94453565
65.05473875
65.05473875
67.08356376
67.08356376
66.44060840
66.44060840
64.99011767
64.99011767
64.99011767
64.99011767
64.99011767
64.99011767
64.99011767
64.99011767
64.99011767
64.99011767
64.99011767
64.99011767
64.99011767
64.99011767
64.99011767
64.99011767
64.99011767
64.99011767
64.99011767
64.99011767
64.99011767
40.99592613
40.99592613
40.41053384
40.41053384
39.78737098
60.78524956
60.78524956
60.78524956
60.78524956
60.78524956
68.52778910
64.49112610
64.49112610
64.36690895
65.37329106
65.37329106
65.37329106
65.37329106
65.37329106
65.37329106
65.37329106
65.37329106
65.37329106
65.37329106
65.37329106
65.37329106
65.37329106
65.37329106
65.37329106
65.37329106
65.37329106
65.37329106
65.37329106
65.37329106
65.37329106
65.37329106
65.37329106
65.37329106
65.37329106
65.37329106
59.43271843
60.11347809
60.11347809
60.11347809
60.11347809
54.82078815
54.82078815
57.11070266
56.15125101
56.15125101
56.15125101
56.15125101
56.15125101
56.15125101
56.15125101
56.15125101
56.15125101
56.15125101
56.15125101
56.15125101
56.15125101
56.15125101
56.15125101
56.15125101
56.15125101
56.15125101
56.15125101
56.15125101
56.15125101
56.15125101
56.15125101
56.15125101
56.15125101
56.15125101
56.15125101
56.15125101
56.15125101
60.11956163
60.11956163
60.11956163
49.82211129
49.82211129
50.18451424
50.18451424
49.10146156
49.10146156
49.10146156
49.10146156
49.10146156
49.10146156
49.10146156
49.10146156
49.10146156
49.10146156
49.10146156
49.10146156
49.10146156
49.10146156
49.10146156
49.10146156
49.10146156
49.10146156
49.10146156
49.10146156
49.10146156
49.10146156
49.10146156
49.10146156
49.10146156
49.10146156
58.12974134
58.12974134
58.71660548
58.72619225
57.46754872
49.03614626
58.40920699
55.87834332
55.79227379
57.57054732
57.57054732
57.57054732
57.57054732
57.57054732
57.57054732
57.57054732
57.57054732
57.57054732
57.57054732
57.57054732
57.57054732
57.57054732
57.57054732
57.57054732
57.57054732
57.57054732
57.57054732
57.57054732
57.57054732
57.57054732
57.57054732
57.57054732
57.57054732
57.57054732
57.57054732
57.99348482
59.52365728
59.52365728
59.52365728
59.52365728
55.92781560
55.92781560
55.92781560
55.92781560
55.92781560
55.92781560
55.92781560
55.92781560
55.92781560
55.92781560
55.92781560
55.92781560
55.92781560
55.92781560
55.92781560
55.92781560
55.92781560
55.92781560
55.92781560
55.92781560
55.92781560
55.92781560
55.92781560
55.92781560
55.92781560
55.92781560
55.92781560
55.92781560
55.92781560
55.92781560
64.67595435
65.15855012
64.84848860
67.10264758
65.62214137
72.91405035
73.58702641
73.58702641
73.58702641
73.18005363
73.18005363
73.18005363
73.18005363
73.18005363
73.18005363
73.18005363
73.18005363
73.18005363
73.18005363
73.18005363
73.18005363
73.18005363
73.18005363
73.18005363
73.18005363
73.18005363
73.18005363
73.18005363
73.18005363
73.18005363
73.18005363
73.18005363
73.18005363
73.18005363
73.18005363
55.75253593
55.75253593
55.75253593
55.75253593
55.75253593
65.51985592
65.51985592
65.51985592
65.04400569
63.03854531
63.03854531
63.03854531
63.03854531
63.03854531
63.03854531
63.03854531
63.03854531
63.03854531
63.03854531
63.03854531
63.03854531
63.03854531
63.03854531
63.03854531
63.03854531
63.03854531
63.03854531
63.03854531
63.03854531
63.03854531
63.03854531
63.03854531
63.03854531
63.03854531
63.03854531
54.23020426
54.23020426
55.81788147
55.81788147
55.81788147
56.04289835
55.91057006
58.53078744
58.41670904
56.71386438
56.71386438
56.71386438
56.71386438
56.71386438
56.71386438
56.71386438
56.71386438
56.71386438
