0.00000000
0.00000000
0.00000000
515.76009293
512.01462791
512.01462791
512.01462791
213.27819509
217.16263762
218.10058077
216.55285989
214.87323257
214.87323257
214.87323257
214.87323257
214.87323257
214.87323257
470.80638886
470.80638886
470.80638886
472.64046069
469.91332013
469.91332013
469.91332013
469.91332013
469.91332013
469.91332013
469.91332013
469.91332013
469.91332013
469.91332013
469.91332013
469.91332013
469.91332013
469.91332013
469.91332013
469.91332013
469.91332013
469.91332013
469.91332013
469.91332013
469.91332013
469.91332013
469.91332013
469.91332013
469.91332013
469.91332013
469.91332013
469.91332013
469.91332013
469.91332013
469.91332013
469.91332013
469.91332013
469.91332013
469.91332013
469.91332013
469.91332013
469.91332013
469.91332013
469.91332013
469.91332013
331.05687054
331.05687054
331.51650656
331.51650656
331.51650656
593.08667770
593.08667770
593.78761484
588.43976271
588.43976271
586.68567950
591.99586105
591.99586105
587.82804580
587.82804580
581.72127597
583.88750825
583.88750825
583.88750825
530.21030506
530.21030506
530.21030506
530.21030506
529.09485721
529.09485721
529.09485721
529.09485721
529.36638087
529.36638087
529.36638087
529.36638087
526.11378854
526.11378854
525.80504943
528.98187865
528.98187865
531.43445050
531.43445050
531.43445050
531.43445050
527.69714602
527.69714602
527.69714602
527.69714602
527.69714602
527.69714602
527.69714602
527.25236992
527.25236992
527.25236992
527.25236992
534.28784092
543.32962925
543.32962925
543.32962925
543.32962925
543.32962925
543.32962925
543.32962925
543.32962925
536.36159189
433.57957915
433.57957915
436.17062750
436.17062750
436.17062750
443.57004810
443.57004810
449.19324453
449.19324453
449.19324453
449.19324453
449.19324453
449.19324453
452.59533455
456.45632466
454.43614409
454.43614409
452.57773034
452.57773034
453.58188323
453.58188323
453.58188323
446.42441859
446.42441859
446.42441859
446.42441859
446.42441859
333.37780646
334.01347983
334.01347983
334.01347983
332.69298648
330.74145880
248.81760000
249.24765872
251.02772386
248.95235641
248.95235641
247.33636608
237.61574126
237.61574126
234.94973849
244.56091028
245.63727429
243.92828034
245.21365954
242.15389297
242.56309057
242.56309057
242.56309057
242.63561646
242.63561646
181.36818191
180.33052163
177.35805099
176.12078477
135.95419289
139.36427415
100.20237950
100.20237950
100.20237950
100.20237950
98.83484078
98.83484078
100.05467980
100.05467980
102.97800336
103.04965743
100.25360782
100.25360782
100.25360782
100.25360782
99.92271122
96.37428558
97.10901159
97.10901159
97.10901159
97.10901159
97.10901159
97.10901159
93.67046257
93.67046257
93.67046257
93.67046257
92.24685957
92.24685957
92.24685957
92.24685957
92.24685957
94.24330608
94.24330608
91.40458633
91.40458633
91.40458633
91.40458633
91.31884654
90.07311592
90.07311592
90.07311592
90.07311592
89.30735059
93.37722686
93.37722686
80.25098759
80.25098759
80.25098759
80.25098759
76.05332397
81.38920663
83.45673019
83.45673019
83.45673019
83.45673019
83.45673019
83.45673019
89.93917431
89.15863501
85.74193196
85.74193196
85.74193196
81.27661920
82.30345596
82.30345596
77.84218131
80.52394136
80.79308054
80.79308054
80.79308054
80.79308054
83.16693086
85.36867057
85.36867057
85.36867057
88.37821247
87.28584741
84.55973636
83.47147977
83.47147977
85.56012936
85.56012936
85.56012936
62.64339226
62.64339226
68.07480206
68.07480206
68.84349183
68.84349183
70.79021344
72.86364901
73.75547116
73.75547116
73.75547116
70.14054428
71.56369590
76.06828701
76.06828701
76.47566577
76.23546417
76.23546417
76.27242526
78.68055261
78.68055261
83.36820749
83.55114426
80.73119675
82.52457028
82.52457028
82.40252188
54.88694250
53.89028042
53.89028042
53.89028042
54.02741247
54.02741247
54.34972166
53.65065401
51.83465194
51.83465194
51.83465194
52.99718086
52.99718086
52.99718086
52.99718086
52.77119742
54.03916758
54.06086578
54.06086578
53.17602616
51.63857830
49.04889011
49.08715046
49.08715046
49.08715046
49.08715046
49.08715046
49.08715046
47.60352049
47.60352049
47.60352049
47.73495770
47.73495770
47.73495770
47.38475526
47.38475526
47.38475526
47.46330758
47.46330758
47.46330758
47.46330758
47.46330758
46.23880532
46.23880532
45.65617770
45.65617770
45.30096613
46.43244718
46.43244718
46.43244718
45.66885533
46.73247491
46.73247491
45.83532359
45.83532359
45.83532359
45.83532359
45.10747808
46.24508240
47.21484685
47.21484685
47.21484685
46.75744279
46.75744279
46.25346386
46.42752118
46.42752118
48.70689112
49.93352548
49.93352548
49.93352548
49.93352548
49.93352548
51.29349923
51.43755368
49.42056839
49.42056839
49.42056839
49.42056839
49.42056839
49.42056839
49.42056839
49.42056839
49.42056839
49.42056839
49.42056839
47.33891860
47.33891860
47.84588019
46.28369871
46.28369871
46.28369871
46.28369871
45.26033368
45.26033368
44.87688492
46.68187990
46.68187990
46.04071192
45.49057012
45.49057012
45.49057012
45.49057012
45.49057012
45.49057012
47.41773182
47.41773182
47.41773182
47.41773182
46.63646345
46.63646345
43.65553008
43.65553008
43.65553008
44.90702052
43.81364008
43.81364008
45.72785426
46.07746263
46.07746263
46.47207171
46.47207171
45.77361284
46.03187102
47.67232211
47.67232211
46.48311777
46.48311777
46.48311777
45.15242150
45.15242150
45.15242150
45.15242150
45.15242150
45.15242150
44.96237671
45.83740668
45.83740668
45.83740668
46.27402069
46.00648741
47.51267842
49.82704070
50.43630845
50.43630845
53.08057350
53.08057350
48.78132208
46.50271900
45.20362756
44.36786745
44.36786745
44.92608653
44.92608653
44.92608653
44.92608653
44.92608653
44.29003675
44.29003675
44.29003675
44.29003675
43.61082012
43.61082012
43.61082012
43.07645717
42.53903003
42.53903003
42.64620709
42.64620709
42.64620709
43.89173914
43.89173914
44.07302822
43.57075012
43.57075012
43.57075012
43.57075012
43.57075012
43.57075012
43.57075012
42.55321866
42.55321866
42.55321866
42.55321866
42.28329123
42.28329123
42.24007425
41.03062804
41.44275902
41.44275902
40.69241622
40.96891611
40.96891611
40.96891611
41.50615314
41.50615314
42.53636647
42.53636647
41.43066820
41.43066820
41.75836266
42.36526652
42.36526652
42.36526652
41.96346272
41.96346272
41.96346272
41.96115917
41.85320767
42.62318672
44.28610256
42.91374837
49.40613894
51.94474400
51.94474400
51.94474400
51.94474400
53.28228278
53.28228278
51.34883059
51.34883059
49.93007076
49.93007076
49.93007076
50.73411878
49.55197738
50.91965276
55.55273952
54.56564205
54.56564205
45.77918815
45.77918815
46.13369170
46.13369170
46.13369170
46.13369170
45.88851217
46.52358469
46.52358469
46.52358469
46.52358469
46.52358469
46.52358469
46.52358469
46.32455009
45.68757455
45.68757455
45.68757455
45.68757455
45.68757455
45.68757455
45.68757455
45.12712841
44.61802238
43.90493247
43.39804260
43.39804260
43.39804260
43.39804260
43.39804260
44.55724767
44.55724767
43.81308944
43.81308944
42.80380293
43.80196034
44.17600151
42.63273410
42.63273410
42.63273410
42.63273410
42.63273410
42.63273410
42.63273410
42.63273410
42.63273410
43.28825667
43.28825667
42.19099746
42.19099746
42.19099746
42.19099746
42.19099746
41.26480945
41.26480945
43.19464280
42.98915271
42.98915271
42.98915271
42.01892007
40.55243366
42.15658863
44.61753719
44.61753719
44.61753719
44.61753719
44.08441247
46.38900974
45.96928395
45.02209037
45.02209037
42.92736496
42.92736496
41.96862075
41.96862075
41.96862075
41.96862075
41.53661603
42.76517074
42.76517074
40.23527703
40.23527703
40.23527703
40.23527703
40.23527703
40.23527703
46.03965049
47.44939345
47.44939345
47.44939345
49.22403630
49.22403630
58.19700402
58.19700402
59.35211869
59.35211869
59.35211869
56.08656414
56.08656414
56.08656414
55.44003322
55.44003322
53.89872333
57.39584284
59.35255606
57.16883714
57.16883714
57.16883714
57.16883714
57.16883714
57.16883714
57.16883714
57.16883714
57.16883714
57.16883714
57.16883714
57.16883714
57.16883714
57.16883714
57.16883714
57.16883714
50.64761360
50.64761360
50.64761360
51.01752780
51.01752780
57.67950805
58.17757882
58.06337700
58.94549116
58.81545456
58.13790247
58.13790247
58.79914188
57.97123793
57.04202352
57.04202352
57.04202352
57.04202352
57.04202352
57.04202352
57.04202352
57.04202352
57.04202352
57.04202352
57.04202352
57.04202352
57.04202352
57.04202352
57.04202352
57.04202352
57.04202352
57.04202352
57.04202352
57.04202352
57.04202352
41.77103325
40.64621872
40.98877220
40.98877220
40.20685467
58.19190078
57.69757379
57.69757379
57.69757379
57.69757379
57.64753249
57.64753249
57.64753249
57.64753249
57.49070394
57.49070394
57.49070394
57.49070394
57.49070394
57.49070394
57.49070394
57.49070394
57.49070394
57.49070394
57.49070394
57.49070394
57.49070394
57.49070394
57.49070394
57.49070394
57.49070394
57.49070394
57.49070394
57.49070394
57.49070394
49.93683776
49.26363859
51.38463505
51.38463505
51.38463505
68.30489121
68.52939899
70.02935709
71.56496119
73.93421855
61.29926780
60.54845434
58.92337393
58.92337393
58.92337393
58.92337393
58.92337393
58.92337393
58.92337393
58.92337393
58.92337393
58.92337393
58.92337393
58.92337393
58.92337393
58.92337393
58.92337393
58.92337393
58.92337393
58.92337393
58.92337393
58.92337393
58.92337393
58.92337393
58.92337393
58.92337393
58.92337393
58.92337393
58.92337393
58.92337393
57.11878963
57.67461947
57.32506015
57.32506015
57.32506015
53.97282710
53.97282710
53.97282710
53.97282710
53.97282710
53.97282710
53.97282710
53.97282710
53.97282710
53.97282710
53.97282710
53.97282710
53.97282710
53.97282710
53.97282710
53.97282710
53.97282710
53.97282710
53.97282710
53.97282710
53.97282710
53.97282710
53.97282710
53.97282710
53.97282710
53.97282710
53.97282710
53.97282710
53.97282710
53.97282710
60.85057445
60.85057445
61.46913196
61.46913196
61.46913196
60.97580557
61.18477567
61.18477567
61.18477567
61.18477567
61.18477567
61.18477567
61.18477567
61.18477567
61.18477567
61.18477567
61.18477567
61.18477567
61.18477567
61.18477567
61.18477567
61.18477567
61.18477567
61.18477567
61.18477567
61.18477567
61.18477567
61.18477567
61.18477567
61.18477567
61.18477567
61.18477567
61.18477567
61.18477567
61.18477567
56.29769646
55.79641847
55.79641847
55.73307395
55.41938107
48.63365507
48.63365507
48.63365507
48.97596080
48.97596080
48.97596080
48.97596080
48.97596080
48.97596080
48.97596080
48.97596080
48.97596080
48.97596080
48.97596080
48.97596080
48.97596080
48.97596080
48.97596080
48.97596080
48.97596080
48.97596080
48.97596080
48.97596080
48.97596080
48.97596080
48.97596080
48.97596080
48.97596080
48.97596080
48.97596080
61.38333273
61.38333273
60.45231858
60.09899305
58.82554931
55.23866210
55.23866210
55.23866210
56.42465394
58.55960146
58.55960146
58.55960146
58.55960146
58.55960146
58.55960146
58.55960146
58.55960146
58.55960146
58.55960146
58.55960146
58.55960146
58.55960146
58.55960146
58.55960146
58.55960146
58.55960146
58.55960146
58.55960146
58.55960146
58.55960146
58.55960146
58.55960146
58.55960146
58.55960146
58.55960146
56.83959684
57.44383520
57.44383520
58.04663169
59.56350491
59.05566089
57.84058585
57.84058585
58.30642304
62.44049725
62.44049725
62.44049725
62.44049725
62.44049725
62.44049725
62.44049725
62.44049725
62.44049725
62.44049725
62.44049725
62.44049725
62.44049725
62.44049725
62.44049725
62.44049725
62.44049725
62.44049725
62.44049725
62.44049725
62.44049725
62.44049725
62.44049725
62.44049725
62.44049725
62.44049725
69.08822851
69.08822851
70.53210234
68.72909036
54.96289288
59.64127894
59.64127894
61.64994497
61.64994497
64.57066983
64.57066983
64.57066983
64.57066983
64.57066983
64.57066983
64.57066983
64.57066983
64.57066983
64.57066983
64.57066983
64.57066983
64.57066983
64.57066983
64.57066983
64.57066983
64.57066983
64.57066983
64.57066983
64.57066983
64.57066983
64.57066983
64.57066983
64.57066983
64.57066983
64.57066983
52.98771119
52.69768213
51.81306517
51.81306517
50.98753248
60.28983004
60.28983004
58.51577342
58.51577342
58.16885097
58.16885097
58.16885097
58.16885097
58.16885097
58.16885097
58.16885097
58.16885097
58.16885097
58.16885097
58.16885097
58.16885097
58.16885097
58.16885097
58.16885097
58.16885097
58.16885097
58.16885097
58.16885097
58.16885097
58.16885097
58.16885097
58.16885097
58.16885097
58.16885097
58.16885097
51.65353981
53.27554857
52.37257991
