0.00000000
326.16551134
326.16551134
326.01088719
329.67141174
329.67141174
329.67141174
652.20650439
651.28682767
651.28682767
649.77454641
649.77454641
649.77454641
587.22351090
586.68754699
586.68754699
594.33122634
594.33122634
594.33122634
594.33122634
594.33122634
625.52636784
717.48856593
717.71982744
717.71982744
719.78293862
715.90461086
489.24538141
489.24538141
489.24538141
489.24538141
488.87945002
710.47061138
710.47061138
708.98048467
708.98048467
708.98048467
710.92366007
710.92366007
707.00770786
703.12462411
703.12462411
707.17720537
705.32457383
704.81836035
704.81836035
709.07305221
709.07305221
709.07305221
709.07305221
709.82118117
710.17691711
710.17691711
710.17691711
710.17691711
711.48149424
707.35478473
697.28368092
697.28368092
697.28368092
697.28368092
697.28368092
696.35181374
696.35181374
696.35181374
696.35181374
696.35181374
699.74279019
700.38752556
700.38752556
700.38752556
700.38752556
700.38752556
700.38752556
700.38752556
700.38752556
700.38752556
704.50323536
704.50323536
704.50323536
704.50323536
704.50323536
706.32699320
702.97266333
704.73462446
709.22231266
709.22231266
709.22231266
709.22231266
708.87348642
710.28302920
710.28302920
710.28302920
712.23248206
713.75025756
713.75025756
721.70326848
718.68127974
718.68127974
656.78481364
656.78481364
650.95412115
648.58148115
648.58148115
648.58148115
648.58148115
652.51900767
652.84684729
649.62803721
649.62803721
577.44039304
577.44039304
577.04208177
577.04208177
577.04208177
577.04208177
576.03492977
574.44263830
571.91090523
571.91090523
571.68231462
571.68231462
579.78889915
579.78889915
576.58570870
579.24327135
579.24327135
579.24327135
572.69810517
572.69810517
448.93062416
448.93062416
456.57242485
456.57242485
456.57242485
456.57242485
456.57242485
456.57242485
460.15721064
460.15721064
461.51818493
468.39680663
464.55765131
464.55765131
464.55765131
464.55765131
460.91224355
463.22988430
463.22988430
463.22988430
463.22988430
469.20067837
468.25778288
468.25778288
468.25778288
473.42172977
474.79573264
474.79573264
474.79573264
474.79573264
286.34607512
279.06914069
279.06914069
280.69629455
280.02882992
185.27037275
185.27037275
182.02498602
182.02498602
181.72985854
181.72985854
181.72985854
181.72985854
181.72985854
183.05076681
179.33257471
177.80845524
171.23901991
173.66829036
174.58448946
174.58448946
173.85315216
173.85315216
169.94173258
169.94173258
171.68221543
171.68221543
171.68221543
174.74977747
173.05102796
173.05102796
173.05102796
171.56033697
177.05902533
177.05902533
177.05902533
175.46329670
180.83457876
180.83457876
174.65655426
174.65655426
176.35018448
176.35018448
176.35018448
170.21143591
170.67804414
173.23384289
172.01348441
172.01348441
129.26777723
129.26777723
129.26777723
129.26777723
129.26777723
129.26777723
128.11575819
129.31388126
129.31388126
125.28448209
128.73477160
128.73477160
128.73477160
128.73477160
128.90756000
128.06607294
128.06607294
128.06607294
128.54336869
128.54336869
128.54336869
128.54336869
125.46124042
119.80602421
119.80602421
121.63795999
118.81878494
116.43308015
114.79081973
114.79081973
114.79081973
114.06298327
114.06298327
114.06298327
114.06298327
111.45722816
114.77138051
116.61364093
114.55572741
114.55572741
113.57120607
113.57120607
107.06688013
107.06688013
108.73696788
108.73696788
108.73696788
108.73696788
108.73696788
90.79322445
90.79322445
90.79322445
90.79322445
90.79322445
90.79322445
91.69424074
91.69424074
91.69424074
91.69424074
89.93658382
89.93658382
91.76476392
91.76476392
91.76476392
88.88596244
84.70171974
84.70171974
86.69378494
86.20078082
86.20078082
86.20078082
87.88125269
87.88125269
87.88125269
87.88125269
87.61190181
86.07938898
69.55550212
69.55550212
67.20001011
67.20001011
67.20001011
65.24681545
65.24681545
65.24681545
65.24681545
65.24681545
65.77591729
62.69307635
62.69307635
62.69307635
62.69307635
64.38176822
63.62608900
63.98808122
62.65599069
62.65599069
59.64539758
63.54086337
61.67396692
65.53813724
69.23945912
69.23945912
69.01995405
66.38523049
65.08366366
66.62581745
68.38262646
64.80244024
64.80244024
64.80244024
64.80244024
64.28530871
64.28530871
64.28530871
64.28530871
64.28530871
64.53644383
64.53644383
65.95108095
65.62869607
65.62869607
67.03142078
67.03142078
65.37131624
64.96580851
64.96580851
68.50048111
68.50048111
66.97121792
66.97121792
66.97121792
67.65309223
64.84187947
66.87428053
66.87428053
66.87428053
66.87428053
63.03656292
63.03656292
62.27697401
62.27697401
62.27697401
62.27697401
62.62300150
62.62300150
62.62300150
64.48471666
65.71176248
66.59464586
66.59464586
65.17054207
65.17054207
64.46361687
64.46361687
64.46361687
68.29373265
70.39558328
70.11508567
70.11508567
71.78516908
72.38067411
72.38067411
72.38067411
72.38067411
72.81498363
72.81498363
72.81498363
72.81498363
70.16276155
70.16276155
75.17406723
75.17406723
74.68548419
74.68548419
75.53932301
76.24086662
74.21706718
74.21706718
74.21706718
74.21706718
77.67561292
77.67561292
77.67561292
77.67561292
77.67561292
77.67561292
77.67561292
75.42195193
75.42195193
74.85744392
79.37487609
78.72698854
78.72698854
79.56900648
79.56900648
79.56900648
79.56900648
79.56900648
79.56900648
73.82809457
73.82809457
73.82809457
73.82809457
73.82809457
73.60142342
75.24018751
75.24018751
75.24018751
75.24018751
75.24018751
75.24018751
75.24018751
73.00989594
75.10243188
75.10243188
71.31887075
71.31887075
72.92738175
76.61186783
81.75704730
81.75704730
81.75704730
81.75704730
81.76246541
81.76246541
81.76246541
83.90812267
83.90812267
83.35918124
83.35918124
81.05154563
81.55593810
81.55593810
80.61945700
80.61945700
83.39674329
85.90482949
89.02134210
89.60491064
89.60491064
89.60491064
87.71948296
87.71948296
89.74417257
89.74417257
89.74417257
56.10853096
56.61645483
61.75329515
61.56694796
61.27646860
67.82183242
67.90177854
69.37418670
68.29743356
68.29743356
68.29743356
67.89028791
67.89028791
67.89028791
68.57608964
68.57608964
68.50348097
68.50348097
68.28856749
66.45224306
66.96823260
66.96823260
66.96823260
66.96823260
66.13639180
68.00123921
67.74276122
66.38895862
66.38895862
66.38895862
65.91755065
66.38275236
67.16994594
72.60024456
72.60024456
75.03067925
76.11118699
77.99307741
77.99307741
81.65909344
81.65909344
81.48371342
81.48371342
79.79306313
79.79306313
83.32671610
85.10907042
85.10907042
85.10907042
84.89235213
84.89235213
84.34070644
76.49414186
81.03398133
81.03398133
80.31119485
80.31119485
80.31119485
82.33059905
82.33059905
80.62335241
79.92724327
79.92724327
79.92724327
79.92724327
77.75308180
81.13892675
81.13892675
77.61791294
79.63302730
72.92523413
76.57240989
77.74907214
77.74907214
78.73417877
74.89857348
74.89857348
74.89857348
72.21171709
69.72182179
69.81984289
69.81984289
68.44236853
69.24570549
69.77417167
69.94860862
72.56883794
72.56883794
72.56883794
73.68660579
73.68660579
73.68660579
70.94445446
70.94445446
70.94445446
72.09670349
72.09670349
72.09670349
72.09670349
72.15474565
70.99287012
69.93995697
72.26118245
72.26118245
72.26118245
72.26118245
74.02828147
74.02828147
74.02828147
73.98357512
73.98357512
71.98441246
72.74371087
74.80974226
74.80974226
77.78075547
77.78075547
77.78075547
77.78075547
77.78075547
78.19216604
78.19216604
79.16017107
79.16017107
79.16017107
79.16017107
79.16017107
79.16017107
80.42653459
81.46160884
81.46160884
81.30115501
81.01739975
81.01739975
80.64652471
80.64652471
81.85096844
83.51476885
83.77419697
81.66869957
77.16245840
77.16245840
77.16245840
82.02951523
81.38247817
79.92287484
79.92287484
79.92287484
79.92287484
79.92287484
79.92287484
79.92287484
79.92287484
79.92287484
79.92287484
79.92287484
79.92287484
79.92287484
79.92287484
79.92287484
79.92287484
79.92287484
79.92287484
79.92287484
79.92287484
79.92287484
42.94002846
45.65363325
45.65363325
46.37451535
46.37451535
46.37451535
46.37451535
46.37451535
46.37451535
46.37451535
46.37451535
46.37451535
46.37451535
46.37451535
46.37451535
46.37451535
46.37451535
46.37451535
46.37451535
46.37451535
46.37451535
46.37451535
46.37451535
46.37451535
46.37451535
46.37451535
46.37451535
46.37451535
46.37451535
46.37451535
46.37451535
46.37451535
46.37451535
46.37451535
46.37451535
46.37451535
46.37451535
46.37451535
46.37451535
46.37451535
50.45950397
49.37484589
51.76910601
51.76910601
51.76910601
51.76910601
51.76910601
51.76910601
51.76910601
51.76910601
51.76910601
51.76910601
51.76910601
51.76910601
51.76910601
51.76910601
51.76910601
51.76910601
51.76910601
51.76910601
51.76910601
51.76910601
51.76910601
51.76910601
51.76910601
51.76910601
51.76910601
51.76910601
51.76910601
51.76910601
51.76910601
51.76910601
51.76910601
51.76910601
51.76910601
51.76910601
51.76910601
51.76910601
51.76910601
51.76910601
35.71037717
35.71037717
34.62394980
34.62394980
34.62394980
34.62394980
34.62394980
34.62394980
34.62394980
34.62394980
34.62394980
34.62394980
34.62394980
34.62394980
34.62394980
34.62394980
34.62394980
34.62394980
34.62394980
34.62394980
34.62394980
34.62394980
34.62394980
34.62394980
34.62394980
34.62394980
34.62394980
34.62394980
34.62394980
34.62394980
34.62394980
34.62394980
34.62394980
34.62394980
34.62394980
34.62394980
34.62394980
34.62394980
34.62394980
34.62394980
44.33631370
45.92165416
45.72856642
47.03259060
47.03259060
47.03259060
47.03259060
47.03259060
47.03259060
47.03259060
47.03259060
47.03259060
47.03259060
47.03259060
47.03259060
47.03259060
47.03259060
47.03259060
47.03259060
47.03259060
47.03259060
47.03259060
47.03259060
47.03259060
47.03259060
47.03259060
47.03259060
47.03259060
47.03259060
47.03259060
47.03259060
47.03259060
47.03259060
47.03259060
47.03259060
47.03259060
47.03259060
47.03259060
47.03259060
47.03259060
44.69811849
46.63041064
46.63041064
46.63041064
46.63041064
46.63041064
46.63041064
46.63041064
46.63041064
46.63041064
46.63041064
46.63041064
46.63041064
46.63041064
46.63041064
46.63041064
46.63041064
46.63041064
46.63041064
46.63041064
46.63041064
46.63041064
46.63041064
46.63041064
46.63041064
46.63041064
46.63041064
46.63041064
46.63041064
46.63041064
46.63041064
46.63041064
46.63041064
46.63041064
46.63041064
46.63041064
46.63041064
46.63041064
46.63041064
46.63041064
32.86247728
32.42045484
32.42045484
32.42045484
32.76964955
32.76964955
32.76964955
32.76964955
32.76964955
32.76964955
32.76964955
32.76964955
32.76964955
32.76964955
32.76964955
32.76964955
32.76964955
32.76964955
32.76964955
32.76964955
32.76964955
32.76964955
32.76964955
32.76964955
32.76964955
32.76964955
32.76964955
32.76964955
32.76964955
32.76964955
32.76964955
32.76964955
32.76964955
32.76964955
32.76964955
32.76964955
32.76964955
32.76964955
32.76964955
32.76964955
37.13654246
35.01484468
36.56076009
35.26635126
35.26635126
35.26635126
35.26635126
35.26635126
35.26635126
35.26635126
35.26635126
35.26635126
35.26635126
35.26635126
35.26635126
35.26635126
35.26635126
35.26635126
35.26635126
35.26635126
35.26635126
35.26635126
35.26635126
35.26635126
35.26635126
35.26635126
35.26635126
35.26635126
35.26635126
35.26635126
35.26635126
35.26635126
35.26635126
35.26635126
35.26635126
35.26635126
35.26635126
35.26635126
35.26635126
35.26635126
45.20249594
45.20249594
45.20249594
45.20249594
44.72397103
44.72397103
44.72397103
44.72397103
44.72397103
44.72397103
44.72397103
44.72397103
44.72397103
44.72397103
44.72397103
44.72397103
44.72397103
44.72397103
44.72397103
44.72397103
44.72397103
44.72397103
44.72397103
44.72397103
44.72397103
44.72397103
44.72397103
44.72397103
44.72397103
44.72397103
44.72397103
44.72397103
44.72397103
44.72397103
44.72397103
44.72397103
44.72397103
44.72397103
44.72397103
44.72397103
42.81281054
42.06291265
42.06291265
42.84701172
43.02139636
43.02139636
43.02139636
43.02139636
43.02139636
43.02139636
43.02139636
43.02139636
43.02139636
43.02139636
43.02139636
43.02139636
43.02139636
43.02139636
43.02139636
43.02139636
43.02139636
43.02139636
43.02139636
43.02139636
43.02139636
43.02139636
43.02139636
43.02139636
43.02139636
43.02139636
43.02139636
43.02139636
43.02139636
43.02139636
43.02139636
43.02139636
43.02139636
43.02139636
43.02139636
43.02139636
47.62768753
47.83989295
46.41483091
46.41483091
46.41483091
46.41483091
46.41483091
46.41483091
46.41483091
46.41483091
46.41483091
46.41483091
46.41483091
46.41483091
46.41483091
46.41483091
46.41483091
46.41483091
