0.00000000
725.37804221
725.37804221
724.21775582
726.85945198
726.85945198
726.85945198
454.31352206
451.61975580
451.61975580
449.56517295
449.56517295
449.56517295
450.43207648
451.02383117
451.02383117
460.85740514
460.85740514
462.19715502
462.19715502
462.19715502
456.53811177
456.53811177
457.50624543
457.50624543
460.30762997
449.13520460
446.06326097
446.06326097
446.06326097
446.06326097
444.07043363
439.91117680
439.91117680
440.18064834
440.18064834
440.18064834
443.33241113
443.33241113
437.14788640
431.48969101
431.48969101
436.32364290
431.69401617
432.06776323
432.06776323
435.31051880
435.31051880
435.31051880
435.31051880
435.65525716
434.97526086
434.97526086
434.97526086
434.97526086
436.76504709
430.96400271
419.29514396
419.29514396
419.29514396
419.29514396
419.29514396
416.63971941
416.63971941
416.63971941
416.63971941
416.63971941
421.87183494
420.14855389
420.14855389
420.14855389
420.14855389
420.14855389
420.14855389
420.14855389
420.14855389
420.14855389
418.09544150
418.09544150
418.09544150
418.09544150
418.09544150
423.25329015
417.52628990
420.85492250
425.69671098
425.69671098
425.69671098
425.69671098
431.45762703
431.55346638
431.55346638
431.55346638
438.35388818
442.47919341
442.47919341
450.38900907
446.20335028
446.20335028
323.84867239
323.84867239
319.10920560
317.86127499
317.86127499
317.86127499
317.86127499
326.72166859
326.60372818
324.22276144
324.22276144
218.86053471
218.86053471
218.48116202
218.48116202
218.48116202
218.48116202
225.04409097
222.28461273
221.65850087
221.65850087
226.02011718
226.02011718
227.43393733
227.43393733
226.78528495
224.08359229
224.08359229
224.08359229
219.56317039
219.56317039
125.23865920
125.23865920
130.94086018
130.94086018
130.94086018
130.94086018
130.94086018
130.94086018
133.37600887
133.37600887
134.46233532
140.92338038
140.16623744
140.16623744
140.16623744
140.16623744
146.19405059
144.89238693
144.89238693
144.89238693
144.89238693
148.89396893
146.39464969
146.39464969
146.39464969
146.74742323
143.35108165
143.35108165
143.35108165
143.35108165
89.91342233
87.50198608
87.50198608
94.32556923
99.04498457
71.80439313
71.80439313
68.86109390
68.86109390
67.13062810
67.13062810
67.13062810
67.13062810
67.13062810
67.43471603
62.15404122
61.19930142
59.33884059
60.02053969
62.15405996
62.15405996
61.98040931
61.98040931
62.50263669
62.50263669
64.43340921
64.43340921
64.43340921
65.02338763
63.72180715
63.72180715
63.72180715
60.97821090
63.20107328
63.20107328
63.20107328
64.48582309
62.91494521
62.91494521
62.09433047
62.09433047
61.39682972
61.39682972
61.39682972
62.18768067
63.54754309
68.39721506
68.53926858
68.53926858
56.31198855
56.31198855
56.31198855
56.31198855
56.31198855
56.31198855
54.00652696
54.40148989
54.40148989
54.55639911
55.06304669
55.06304669
55.06304669
55.06304669
52.91621590
52.07374240
52.07374240
52.07374240
50.60181397
50.60181397
50.60181397
50.60181397
48.91813677
50.00613623
50.00613623
51.71154287
49.36666338
50.37703470
49.68511675
49.68511675
49.68511675
48.25494136
48.25494136
48.25494136
48.25494136
47.49244071
48.33301458
48.63559044
47.14950017
47.14950017
47.60995968
47.60995968
46.23721558
46.23721558
46.20629192
46.20629192
46.20629192
46.20629192
46.20629192
50.98696331
50.98696331
50.98696331
50.98696331
50.98696331
50.98696331
51.39851769
51.39851769
51.39851769
51.39851769
52.12241073
52.12241073
52.79659938
52.79659938
52.79659938
51.38008875
49.26152396
49.26152396
51.14005640
51.88964852
51.88964852
51.88964852
50.70678941
50.70678941
50.70678941
50.70678941
48.61372848
48.30988350
48.86736881
48.86736881
48.53275099
48.53275099
48.53275099
48.26868377
48.26868377
48.26868377
48.26868377
48.26868377
47.37285973
45.83739734
45.83739734
45.83739734
45.83739734
45.56401207
44.57613270
44.79625930
45.32384600
45.32384600
43.96764919
43.70133740
43.76191537
45.09326225
46.15001300
46.15001300
45.32245353
45.50534507
45.26815446
46.19609438
46.44852904
46.05878050
46.05878050
46.05878050
46.05878050
45.57158082
45.57158082
45.57158082
45.57158082
45.57158082
44.89915188
44.89915188
44.83541529
45.99686808
45.99686808
46.39244803
46.39244803
46.05662581
45.73701467
45.73701467
45.13003225
45.13003225
44.33717184
44.33717184
44.33717184
43.89158378
43.72338098
43.60133910
43.60133910
43.60133910
43.60133910
49.25500393
49.25500393
47.98344505
47.98344505
47.98344505
47.98344505
48.25433298
48.25433298
48.25433298
48.50705418
49.39067601
47.50025691
47.50025691
45.84878335
45.84878335
44.75812529
44.75812529
44.75812529
47.69002409
48.68883401
49.85353306
49.85353306
51.96675639
53.28783155
53.28783155
53.28783155
53.28783155
52.62656685
52.62656685
52.62656685
52.62656685
52.22076103
52.22076103
52.46156404
52.46156404
52.19090194
52.19090194
51.95084098
51.11503084
50.46265123
50.46265123
50.46265123
50.46265123
50.51075817
50.51075817
50.51075817
50.51075817
50.51075817
50.51075817
50.51075817
51.00641535
51.00641535
50.86853839
53.43519694
54.28741379
54.28741379
55.30046981
55.30046981
55.30046981
55.30046981
55.30046981
55.30046981
52.98852309
52.98852309
52.98852309
52.98852309
52.98852309
54.36263442
56.79582386
56.79582386
56.79582386
56.79582386
56.79582386
56.79582386
56.79582386
56.15591751
54.77066410
54.77066410
53.15967453
53.15967453
55.46216807
55.91169751
59.43545472
59.43545472
59.43545472
59.43545472
59.98288122
59.98288122
59.98288122
60.95083948
60.95083948
62.30502906
62.30502906
63.23035945
64.01688470
64.01688470
62.89324986
62.89324986
64.72932930
66.23160546
67.96761077
65.96641599
65.96641599
65.96641599
65.85407803
65.85407803
66.09520462
66.09520462
66.09520462
38.26311786
38.94329651
41.39413736
40.67088620
39.27010639
41.74126770
42.34042774
42.29168217
41.41597415
41.41597415
41.41597415
41.27303217
41.27303217
41.27303217
41.57777373
41.57777373
42.22212552
42.22212552
42.36275171
41.64283396
42.65447451
42.65447451
42.65447451
42.65447451
41.86365781
43.09790226
42.25008253
41.05285674
41.05285674
41.05285674
41.01538725
41.20832173
42.18032066
40.81640742
40.81640742
42.36351288
43.32119118
45.55805549
45.55805549
47.92660601
47.92660601
47.56458094
47.56458094
48.31832625
48.31832625
47.93289524
49.31593156
49.31593156
49.31593156
48.94550891
48.94550891
48.30436071
42.66885056
45.76321557
45.76321557
45.86652072
45.86652072
45.86652072
46.27452056
46.27452056
45.80522989
45.62825814
45.62825814
45.62825814
45.62825814
44.56791105
46.42373437
46.42373437
44.02039299
45.93082584
50.85226722
51.67772973
52.70899744
52.70899744
51.84961515
47.74286121
47.74286121
47.74286121
45.60476222
50.66053861
49.92508518
49.92508518
47.15566797
45.11034496
45.39101613
45.05161969
47.31663846
47.31663846
47.31663846
46.68929349
46.68929349
46.68929349
44.08548269
44.08548269
44.08548269
45.32668481
45.32668481
45.32668481
45.32668481
43.09824869
42.62726373
42.36650894
41.87554368
41.87554368
41.87554368
41.87554368
42.04403967
42.04403967
42.04403967
41.70412088
41.70412088
40.54244170
41.15908676
41.96212085
41.96212085
42.09190669
42.09190669
42.09190669
42.09190669
42.09190669
42.61744359
42.61744359
42.88274254
42.88274254
42.88274254
42.88274254
42.88274254
42.88274254
45.40007472
46.82447958
46.82447958
46.13812530
45.42344570
45.42344570
44.93914777
44.93914777
47.02379732
48.13917712
47.66444668
47.52391825
46.28046904
46.28046904
46.28046904
50.48504808
50.38178618
51.37256256
51.37256256
51.37256256
51.37256256
51.37256256
51.37256256
51.37256256
51.37256256
51.37256256
51.37256256
51.37256256
51.37256256
51.37256256
51.37256256
51.37256256
51.37256256
51.37256256
51.37256256
51.37256256
51.37256256
51.37256256
51.37256256
51.37256256
51.37256256
51.37256256
51.37256256
51.37256256
51.37256256
51.37256256
51.37256256
51.37256256
51.37256256
51.37256256
51.37256256
51.37256256
51.37256256
42.69779921
42.69779921
42.69779921
42.69779921
42.69779921
42.69779921
42.69779921
42.69779921
42.69779921
42.69779921
42.69779921
42.69779921
42.69779921
42.69779921
42.69779921
42.69779921
42.69779921
42.69779921
42.69779921
42.69779921
42.69779921
42.69779921
42.69779921
42.69779921
42.69779921
42.69779921
42.69779921
42.69779921
42.69779921
42.69779921
42.69779921
42.69779921
42.69779921
42.69779921
42.69779921
42.69779921
42.69779921
42.69779921
42.69779921
42.69779921
38.09050477
38.58104424
39.92560758
39.92560758
39.48078690
39.48078690
39.48078690
39.48078690
39.48078690
39.48078690
39.48078690
39.48078690
39.48078690
39.48078690
39.48078690
39.48078690
39.48078690
39.48078690
39.48078690
39.48078690
39.48078690
39.48078690
39.48078690
39.48078690
39.48078690
39.48078690
39.48078690
39.48078690
39.48078690
39.48078690
39.48078690
39.48078690
39.48078690
39.48078690
39.48078690
39.48078690
39.48078690
39.48078690
39.48078690
39.48078690
37.96575725
37.96575725
37.29033442
37.29033442
37.74756988
37.74756988
37.74756988
37.74756988
37.74756988
37.74756988
37.74756988
37.74756988
37.74756988
37.74756988
37.74756988
37.74756988
37.74756988
37.74756988
37.74756988
37.74756988
37.74756988
37.74756988
37.74756988
37.74756988
37.74756988
37.74756988
37.74756988
37.74756988
37.74756988
37.74756988
37.74756988
37.74756988
37.74756988
37.74756988
37.74756988
37.74756988
37.74756988
37.74756988
37.74756988
37.74756988
44.83388930
44.83388930
48.67350307
48.67350307
51.00426318
51.00426318
51.00426318
51.00426318
51.00426318
51.00426318
51.00426318
51.00426318
51.00426318
51.00426318
51.00426318
51.00426318
51.00426318
51.00426318
51.00426318
51.00426318
51.00426318
51.00426318
51.00426318
51.00426318
51.00426318
51.00426318
51.00426318
51.00426318
51.00426318
51.00426318
51.00426318
51.00426318
51.00426318
51.00426318
51.00426318
51.00426318
51.00426318
51.00426318
51.00426318
51.00426318
46.63605862
50.98635262
53.74230541
53.74230541
53.74230541
53.74230541
53.74230541
53.74230541
53.74230541
53.74230541
53.74230541
53.74230541
53.74230541
53.74230541
53.74230541
53.74230541
53.74230541
53.74230541
53.74230541
53.74230541
53.74230541
53.74230541
53.74230541
53.74230541
53.74230541
53.74230541
53.74230541
53.74230541
53.74230541
53.74230541
53.74230541
53.74230541
53.74230541
53.74230541
53.74230541
53.74230541
53.74230541
53.74230541
53.74230541
53.74230541
42.18496894
35.21982603
35.21982603
36.21645534
36.21645534
36.21645534
36.21645534
36.21645534
36.21645534
36.21645534
36.21645534
36.21645534
36.21645534
36.21645534
36.21645534
36.21645534
36.21645534
36.21645534
36.21645534
36.21645534
36.21645534
36.21645534
36.21645534
36.21645534
36.21645534
36.21645534
36.21645534
36.21645534
36.21645534
36.21645534
36.21645534
36.21645534
36.21645534
36.21645534
36.21645534
36.21645534
36.21645534
36.21645534
36.21645534
36.21645534
36.42257925
32.13041969
33.21210873
33.21210873
33.29453432
33.29453432
33.29453432
33.29453432
33.29453432
33.29453432
33.29453432
33.29453432
33.29453432
33.29453432
33.29453432
33.29453432
33.29453432
33.29453432
33.29453432
33.29453432
33.29453432
33.29453432
33.29453432
33.29453432
33.29453432
33.29453432
33.29453432
33.29453432
33.29453432
33.29453432
33.29453432
33.29453432
33.29453432
33.29453432
33.29453432
33.29453432
33.29453432
33.29453432
33.29453432
33.29453432
36.40551360
36.40551360
34.01366322
34.01366322
33.85029609
33.85029609
33.85029609
33.85029609
33.85029609
33.85029609
33.85029609
33.85029609
33.85029609
33.85029609
33.85029609
33.85029609
33.85029609
33.85029609
33.85029609
33.85029609
33.85029609
33.85029609
33.85029609
33.85029609
33.85029609
33.85029609
33.85029609
33.85029609
33.85029609
33.85029609
33.85029609
33.85029609
33.85029609
33.85029609
33.85029609
33.85029609
33.85029609
33.85029609
33.85029609
33.85029609
36.08116453
36.43540717
36.27931435
37.24490849
38.03626702
38.03626702
38.03626702
38.03626702
38.03626702
38.03626702
38.03626702
38.03626702
38.03626702
38.03626702
38.03626702
38.03626702
38.03626702
38.03626702
38.03626702
38.03626702
38.03626702
38.03626702
38.03626702
38.03626702
38.03626702
38.03626702
38.03626702
38.03626702
38.03626702
38.03626702
38.03626702
38.03626702
38.03626702
38.03626702
38.03626702
38.03626702
38.03626702
38.03626702
38.03626702
38.03626702
46.93722286
46.54796103
45.74534974
