0.00000000
0.00000000
0.00000000
498.91037729
495.41727253
495.41727253
495.41727253
519.17195393
520.01586772
520.12395452
516.80828565
513.81847519
215.74382359
216.66853140
220.29438320
217.96624431
218.91655384
218.91655384
218.91655384
218.91655384
218.91655384
218.91655384
218.91655384
465.21208238
458.04377951
458.04377951
458.04377951
458.04377951
458.04377951
458.04377951
458.04377951
458.04377951
458.04377951
458.04377951
458.04377951
458.04377951
458.04377951
458.04377951
458.04377951
458.04377951
458.04377951
458.04377951
458.04377951
458.04377951
458.04377951
458.04377951
458.04377951
458.04377951
458.04377951
458.04377951
458.04377951
458.04377951
458.04377951
458.04377951
458.04377951
458.04377951
458.04377951
458.04377951
458.04377951
458.04377951
458.04377951
458.04377951
458.04377951
458.04377951
458.04377951
458.04377951
458.04377951
217.81661511
140.54820351
139.60200506
140.43001857
140.43001857
136.81198346
142.17053710
142.17053710
138.80860581
138.80860581
135.48763387
135.84007732
135.84007732
135.84007732
100.00570980
100.00570980
100.00570980
100.00570980
101.72312726
75.95356003
75.95356003
75.95356003
76.07190631
76.07190631
76.07190631
76.07190631
74.70753113
74.70753113
77.92373977
79.56006903
79.56006903
79.21169966
79.21169966
79.21169966
79.21169966
77.68734590
56.61263829
56.61263829
56.61263829
56.61263829
56.61263829
56.61263829
55.93386354
55.93386354
55.93386354
55.93386354
57.76664007
60.10832629
60.10832629
60.10832629
60.10832629
60.10832629
60.10832629
60.10832629
60.10832629
58.18703075
54.88508495
54.88508495
55.56340408
55.56340408
55.56340408
58.57964084
58.57964084
60.42176061
60.42176061
60.42176061
60.42176061
60.42176061
53.44821979
54.00845557
54.30703537
54.12014505
54.12014505
53.37086717
53.37086717
54.66960982
54.66960982
54.66960982
54.08433964
54.08433964
54.08433964
54.08433964
54.08433964
52.17872681
51.72621779
51.72621779
51.72621779
51.92673809
52.08251287
51.58206909
52.26260572
52.19062142
51.30693927
51.30693927
51.19267611
50.83562143
50.83562143
50.88241089
51.67880956
51.11745754
51.25976096
51.49516768
50.79259824
51.01517738
51.01517738
51.01517738
51.23997597
51.23997597
53.36047735
53.43397103
53.84164887
53.77721084
54.35997014
55.97413806
54.01119517
54.01119517
54.01119517
54.01119517
54.05088403
54.05088403
53.88370874
53.88370874
55.22487854
54.64667800
54.40923271
54.40923271
54.40923271
54.40923271
55.22399290
55.00805343
53.20960475
53.20960475
53.20960475
53.20960475
53.20960475
53.20960475
53.00656285
53.00656285
53.00656285
53.00656285
53.53749207
53.53749207
53.53749207
53.53749207
53.53749207
53.85452714
53.85452714
52.32942792
52.32942792
52.32942792
52.32942792
52.80264929
53.23467876
53.23467876
53.23467876
53.23467876
53.61948414
53.82197563
53.82197563
58.90088613
58.90088613
58.90088613
58.90088613
56.91230412
59.55664799
60.78033032
60.78033032
60.78033032
60.78033032
60.78033032
60.78033032
64.11258947
63.60356277
61.20634043
61.20634043
61.20634043
59.15048063
59.24090483
59.24090483
57.25003181
58.98183141
58.08877357
58.08877357
58.08877357
58.08877357
59.64091039
61.01019945
61.01019945
61.01019945
62.59910793
62.33438073
60.98121878
60.47726444
60.47726444
62.39349310
62.39349310
62.39349310
53.52633193
53.52633193
56.02214328
56.02214328
56.80330435
56.80330435
57.52026482
57.22405387
57.65232968
57.65232968
57.65232968
55.10109690
55.33549060
58.79065782
58.79065782
59.35282686
61.08912077
61.08912077
60.77597837
63.14514378
63.14514378
64.58752556
65.15095277
63.83665984
63.94679926
63.94679926
63.27488617
53.71087190
52.87845144
52.87845144
52.87845144
52.48652139
52.48652139
52.92993683
52.38913933
51.54660444
51.54660444
51.54660444
52.53255915
52.53255915
52.53255915
52.53255915
52.22840756
52.53645708
52.70696691
52.70696691
52.21329277
51.26956713
50.76824697
51.02462092
51.02462092
51.02462092
51.02462092
51.02462092
51.02462092
53.30535629
53.30535629
53.30535629
54.00911820
54.00911820
54.00911820
53.63423006
53.63423006
53.63423006
54.29118130
54.29118130
54.29118130
54.29118130
54.29118130
53.54905139
53.54905139
54.02671190
54.02671190
52.89652683
53.67971409
53.67971409
53.67971409
53.29283523
53.39897530
53.39897530
52.91019080
52.91019080
52.91019080
52.91019080
51.66166402
52.34131586
53.40029791
53.40029791
53.40029791
52.97838625
52.97838625
52.25455547
52.22514756
52.22514756
54.38397836
54.82690585
54.82690585
54.82690585
54.82690585
54.82690585
56.19185600
55.15858413
53.46129330
53.46129330
53.46129330
53.46129330
53.46129330
53.46129330
53.46129330
53.46129330
53.46129330
53.46129330
53.46129330
52.92337161
52.92337161
53.39489410
52.85299848
52.85299848
52.85299848
52.85299848
52.73600522
52.73600522
52.56397943
49.85293150
49.85293150
49.92490472
50.12049249
50.12049249
50.12049249
50.12049249
50.12049249
50.12049249
51.55027592
51.55027592
51.55027592
51.55027592
51.42687764
51.42687764
49.51464451
49.51464451
49.51464451
51.35047725
49.40853332
49.40853332
51.20285366
51.36314740
51.36314740
51.47052512
51.47052512
50.19290652
50.49057448
51.08205220
51.08205220
50.60045001
50.60045001
50.60045001
49.46066316
49.46066316
49.46066316
49.46066316
49.46066316
49.46066316
50.11788812
50.56455363
50.56455363
50.56455363
51.01528388
51.38681724
50.03176557
51.29470813
52.12866138
52.12866138
54.71302159
54.71302159
50.20723740
48.31101510
47.09172007
46.44636992
46.44636992
46.20125283
46.20125283
46.20125283
46.20125283
46.20125283
46.20434810
46.20434810
46.20434810
46.20434810
45.78431497
45.78431497
45.78431497
45.97883952
45.29590167
45.29590167
45.12027297
45.12027297
45.12027297
46.08669382
46.08669382
45.58618904
45.35736707
45.35736707
45.35736707
45.35736707
45.35736707
45.35736707
45.35736707
43.96052711
43.96052711
43.96052711
43.96052711
43.61781869
43.61781869
44.27996800
43.51297618
43.49263875
43.49263875
43.47936033
44.18245826
44.18245826
44.18245826
45.13823552
45.13823552
46.30104190
46.30104190
45.55225807
45.55225807
45.40308424
45.98092818
45.98092818
45.98092818
44.92505652
44.92505652
44.92505652
44.76763824
44.77221151
45.85718502
43.85084537
43.32011039
46.98443704
47.79205085
47.79205085
47.79205085
47.79205085
48.33128009
48.33128009
47.21138394
47.21138394
46.56804039
46.56804039
46.56804039
47.77552901
47.51646634
48.39302704
50.37449785
50.27437121
50.27437121
49.83663500
49.83663500
49.71996686
49.71996686
49.71996686
49.71996686
48.67717422
50.08643299
50.08643299
50.08643299
50.08643299
50.08643299
50.08643299
50.08643299
49.74389517
49.34795680
49.34795680
49.34795680
49.34795680
49.34795680
49.34795680
49.34795680
48.48425981
48.30139588
48.68318787
48.90614830
48.90614830
48.90614830
48.90614830
48.90614830
49.37983634
49.37983634
49.27353823
49.27353823
48.98074923
50.07991702
49.83263391
49.11473232
49.11473232
49.11473232
49.11473232
49.11473232
49.11473232
49.11473232
49.11473232
49.11473232
50.10803975
50.10803975
48.61174729
48.61174729
48.61174729
48.61174729
48.61174729
48.50435636
48.50435636
49.63243753
48.44124261
48.44124261
48.44124261
48.02953928
47.85073853
47.63818089
49.35902302
49.35902302
49.35902302
49.35902302
49.26507826
50.41708728
48.34299399
48.65544276
48.65544276
46.79810320
46.79810320
46.20584724
46.20584724
46.20584724
46.20584724
46.88016340
47.87025901
47.87025901
46.43825845
46.43825845
46.43825845
46.43825845
46.43825845
46.43825845
46.43825845
46.43825845
46.43825845
46.43825845
46.43825845
47.94853660
46.92739533
46.92739533
47.05978792
47.05978792
59.47842771
63.18657156
63.18657156
63.18657156
61.23052153
56.53762719
55.84211365
57.86633540
58.29489340
57.57974851
57.57974851
57.57974851
57.57974851
57.57974851
57.57974851
57.57974851
57.57974851
57.57974851
57.57974851
57.57974851
57.57974851
57.57974851
57.57974851
57.57974851
57.57974851
57.57974851
57.57974851
57.57974851
57.57974851
57.57974851
45.54203776
46.77501360
46.96455988
46.91617147
46.43257101
58.47100209
58.47100209
59.78824733
60.51915633
59.16586840
58.14884635
58.14884635
59.49312225
58.33774517
58.77616703
58.77616703
58.77616703
58.77616703
58.77616703
58.77616703
58.77616703
58.77616703
58.77616703
58.77616703
58.77616703
58.77616703
58.77616703
58.77616703
58.77616703
58.77616703
58.77616703
58.77616703
58.77616703
58.77616703
58.77616703
41.91446154
41.70804013
41.70804013
41.70804013
41.70804013
57.73091913
57.73091913
57.73091913
57.73091913
56.93894245
58.91888056
60.70778658
60.70778658
61.38924871
61.62374168
61.62374168
61.62374168
61.62374168
61.62374168
61.62374168
61.62374168
61.62374168
61.62374168
61.62374168
61.62374168
61.62374168
61.62374168
61.62374168
61.62374168
61.62374168
61.62374168
61.62374168
61.62374168
61.62374168
61.62374168
53.16924631
52.26263538
53.30227264
54.12872469
53.08100339
57.85469777
58.30278737
57.99102768
57.99102768
57.99102768
60.32204099
60.32204099
64.74589366
64.74589366
63.35605364
63.35605364
63.35605364
63.35605364
63.35605364
63.35605364
63.35605364
63.35605364
63.35605364
63.35605364
63.35605364
63.35605364
63.35605364
63.35605364
63.35605364
63.35605364
63.35605364
63.35605364
63.35605364
63.35605364
63.35605364
63.35605364
63.35605364
63.35605364
63.35605364
63.35605364
55.22014821
55.22014821
55.22014821
55.22014821
55.22014821
54.29260674
53.80308048
54.11190084
54.11190084
54.11190084
54.11190084
54.11190084
54.11190084
54.11190084
54.11190084
54.11190084
54.11190084
54.11190084
54.11190084
54.11190084
54.11190084
54.11190084
54.11190084
54.11190084
54.11190084
54.11190084
54.11190084
54.11190084
54.11190084
54.11190084
54.11190084
54.11190084
54.11190084
54.11190084
54.11190084
59.69353143
58.43808628
58.43808628
58.43808628
58.43808628
60.46653738
49.63726489
49.63726489
49.63726489
49.63726489
49.63726489
49.63726489
49.63726489
49.63726489
49.63726489
49.63726489
49.63726489
49.63726489
49.63726489
49.63726489
49.63726489
49.63726489
49.63726489
49.63726489
49.63726489
49.63726489
49.63726489
49.63726489
49.63726489
49.63726489
49.63726489
49.63726489
49.63726489
49.63726489
49.63726489
55.09334289
55.09334289
55.09334289
55.51671100
55.51671100
55.51671100
49.30092794
49.30092794
49.30092794
49.16105046
49.16105046
49.16105046
49.16105046
49.16105046
49.16105046
49.16105046
49.16105046
49.16105046
49.16105046
49.16105046
49.16105046
49.16105046
49.16105046
49.16105046
49.16105046
49.16105046
49.16105046
49.16105046
49.16105046
49.16105046
49.16105046
49.16105046
49.16105046
49.16105046
49.16105046
57.95475413
57.95475413
57.95475413
59.50877815
60.31686400
60.08821257
62.42135221
62.42135221
62.42135221
60.24889882
60.24889882
60.24889882
60.24889882
60.24889882
60.24889882
60.24889882
60.24889882
60.24889882
60.24889882
60.24889882
60.24889882
60.24889882
60.24889882
60.24889882
60.24889882
60.24889882
60.24889882
60.24889882
60.24889882
60.24889882
60.24889882
60.24889882
60.24889882
60.24889882
60.24889882
59.74753556
56.71902164
56.71902164
57.55231748
59.30122396
61.29619570
64.11183712
64.11183712
64.20614693
64.20614693
64.20614693
64.20614693
64.20614693
64.20614693
64.20614693
64.20614693
64.20614693
64.20614693
64.20614693
64.20614693
64.20614693
64.20614693
64.20614693
64.20614693
64.20614693
64.20614693
64.20614693
64.20614693
64.20614693
64.20614693
64.20614693
64.20614693
64.20614693
64.20614693
64.20614693
53.42835531
53.42835531
52.08267550
52.08267550
54.27757479
64.41978551
64.41978551
64.41978551
65.97604391
63.21618203
63.21618203
63.21618203
63.21618203
63.21618203
63.21618203
63.21618203
63.21618203
63.21618203
63.21618203
63.21618203
63.21618203
63.21618203
63.21618203
63.21618203
63.21618203
63.21618203
63.21618203
63.21618203
63.21618203
63.21618203
63.21618203
63.21618203
63.21618203
63.21618203
63.21618203
51.67890474
51.67890474
51.39557228
51.39557228
51.21643173
58.14356559
58.96687175
58.96687175
60.50634611
60.50634611
60.50634611
60.50634611
60.50634611
60.50634611
60.50634611
60.50634611
60.50634611
60.50634611
60.50634611
60.50634611
60.50634611
60.50634611
60.50634611
60.50634611
60.50634611
60.50634611
60.50634611
60.50634611
60.50634611
60.50634611
60.50634611
60.50634611
60.50634611
