0.00000000
0.00000000
0.00000000
644.60147558
644.42459168
644.42459168
644.42459168
644.42459168
644.42459168
644.42459168
644.42459168
644.42459168
644.42459168
644.42459168
644.42459168
644.42459168
644.42459168
644.42459168
644.42459168
644.42459168
644.42459168
644.42459168
644.42459168
644.42459168
644.42459168
644.42459168
644.42459168
644.42459168
644.42459168
644.42459168
644.42459168
644.42459168
644.42459168
644.42459168
644.42459168
644.42459168
644.42459168
644.42459168
644.42459168
644.42459168
644.42459168
644.42459168
644.42459168
644.42459168
644.42459168
644.42459168
644.42459168
644.42459168
644.42459168
644.42459168
644.42459168
644.42459168
644.42459168
644.42459168
644.42459168
644.42459168
644.42459168
439.60897946
639.29972792
639.29972792
639.29972792
639.29972792
634.63656194
634.63656194
635.66408140
635.66408140
635.66408140
531.04165683
531.04165683
533.22161744
529.62522728
529.62522728
529.62522728
529.62522728
529.62522728
529.62522728
529.62522728
529.62522728
529.62522728
529.62522728
529.62522728
529.62522728
529.62522728
529.62522728
529.62522728
529.62522728
529.62522728
529.62522728
529.62522728
529.62522728
529.62522728
529.62522728
529.62522728
529.62522728
529.62522728
529.62522728
529.62522728
529.62522728
529.62522728
529.62522728
529.62522728
529.62522728
529.62522728
529.62522728
529.62522728
529.62522728
529.62522728
529.62522728
529.62522728
529.62522728
529.62522728
529.62522728
529.62522728
529.62522728
529.62522728
529.62522728
529.62522728
529.62522728
529.62522728
529.62522728
529.62522728
529.62522728
529.62522728
529.62522728
529.62522728
529.62522728
529.62522728
529.62522728
529.62522728
529.62522728
529.62522728
529.62522728
529.62522728
529.62522728
529.62522728
529.62522728
529.62522728
529.62522728
529.62522728
529.62522728
529.62522728
529.62522728
529.62522728
529.62522728
529.62522728
529.62522728
529.62522728
529.62522728
529.62522728
529.62522728
529.62522728
529.62522728
529.62522728
529.62522728
529.62522728
529.62522728
529.62522728
529.62522728
529.62522728
529.62522728
529.62522728
529.62522728
529.62522728
529.62522728
529.62522728
529.62522728
529.62522728
529.62522728
529.62522728
529.62522728
529.62522728
529.62522728
529.62522728
529.62522728
529.62522728
529.62522728
529.62522728
529.62522728
529.62522728
529.62522728
529.62522728
529.62522728
529.62522728
529.62522728
529.62522728
529.62522728
529.62522728
529.62522728
529.62522728
529.62522728
529.62522728
529.62522728
529.62522728
529.62522728
529.62522728
529.62522728
529.62522728
529.62522728
529.62522728
529.62522728
529.62522728
529.62522728
529.62522728
529.62522728
529.62522728
529.62522728
529.62522728
529.62522728
529.62522728
529.62522728
529.62522728
529.62522728
529.62522728
529.62522728
529.62522728
529.62522728
529.62522728
529.62522728
529.62522728
529.62522728
529.62522728
529.62522728
529.62522728
529.62522728
529.62522728
529.62522728
529.62522728
529.62522728
529.62522728
529.62522728
529.62522728
529.62522728
529.62522728
529.62522728
529.62522728
529.62522728
529.62522728
529.62522728
529.62522728
529.62522728
529.62522728
529.62522728
529.62522728
529.62522728
529.62522728
529.62522728
529.62522728
529.62522728
529.62522728
529.62522728
529.62522728
529.62522728
529.62522728
529.62522728
529.62522728
529.62522728
529.62522728
529.62522728
529.62522728
529.62522728
529.62522728
529.62522728
529.62522728
529.62522728
529.62522728
529.62522728
529.62522728
529.62522728
529.62522728
529.62522728
529.62522728
529.62522728
529.62522728
529.62522728
529.62522728
529.62522728
529.62522728
529.62522728
529.62522728
529.62522728
529.62522728
529.62522728
529.62522728
529.62522728
529.62522728
529.62522728
529.62522728
529.62522728
529.62522728
529.62522728
529.62522728
529.62522728
529.62522728
529.62522728
529.62522728
529.62522728
529.62522728
529.62522728
529.62522728
529.62522728
529.62522728
529.62522728
529.62522728
529.62522728
529.62522728
529.62522728
529.62522728
529.62522728
529.62522728
529.62522728
529.62522728
529.62522728
529.62522728
529.62522728
529.62522728
529.62522728
529.62522728
529.62522728
529.62522728
529.62522728
529.62522728
529.62522728
529.62522728
529.62522728
529.62522728
529.62522728
529.62522728
529.62522728
529.62522728
529.62522728
529.62522728
529.62522728
529.62522728
529.62522728
529.62522728
529.62522728
529.62522728
529.62522728
529.62522728
529.62522728
529.62522728
529.62522728
529.62522728
529.62522728
529.62522728
529.62522728
529.62522728
529.62522728
529.62522728
529.62522728
529.62522728
529.62522728
529.62522728
529.62522728
529.62522728
529.62522728
529.62522728
529.62522728
529.62522728
529.62522728
529.62522728
529.62522728
529.62522728
529.62522728
529.62522728
529.62522728
529.62522728
529.62522728
529.62522728
529.62522728
529.62522728
529.62522728
529.62522728
529.62522728
529.62522728
529.62522728
529.62522728
529.62522728
529.62522728
529.62522728
529.62522728
529.62522728
529.62522728
529.62522728
529.62522728
529.62522728
529.62522728
529.62522728
529.62522728
529.62522728
529.62522728
529.62522728
529.62522728
529.62522728
529.62522728
529.62522728
529.62522728
529.62522728
529.62522728
529.62522728
529.62522728
529.62522728
529.62522728
529.62522728
529.62522728
529.62522728
529.62522728
529.62522728
529.62522728
529.62522728
529.62522728
529.62522728
529.62522728
529.62522728
529.62522728
529.62522728
529.62522728
529.62522728
529.62522728
529.62522728
529.62522728
529.62522728
529.62522728
529.62522728
529.62522728
529.62522728
529.62522728
529.62522728
529.62522728
529.62522728
529.62522728
529.62522728
529.62522728
529.62522728
529.62522728
529.62522728
529.62522728
529.62522728
529.62522728
529.62522728
529.62522728
529.62522728
529.62522728
529.62522728
529.62522728
529.62522728
529.62522728
529.62522728
529.62522728
529.62522728
529.62522728
529.62522728
529.62522728
529.62522728
529.62522728
529.62522728
529.62522728
529.62522728
529.62522728
529.62522728
529.62522728
529.62522728
529.62522728
529.62522728
529.62522728
529.62522728
529.62522728
529.62522728
529.62522728
529.62522728
529.62522728
529.62522728
529.62522728
529.62522728
529.62522728
529.62522728
529.62522728
529.62522728
529.62522728
529.62522728
529.62522728
529.62522728
529.62522728
529.62522728
529.62522728
529.62522728
529.62522728
529.62522728
529.62522728
529.62522728
529.62522728
529.62522728
529.62522728
529.62522728
529.62522728
529.62522728
529.62522728
529.62522728
529.62522728
529.62522728
529.62522728
529.62522728
529.62522728
529.62522728
529.62522728
529.62522728
529.62522728
529.62522728
529.62522728
529.62522728
529.62522728
529.62522728
529.62522728
529.62522728
529.62522728
529.62522728
529.62522728
529.62522728
529.62522728
529.62522728
529.62522728
529.62522728
529.62522728
529.62522728
529.62522728
529.62522728
529.62522728
529.62522728
529.62522728
529.62522728
529.62522728
529.62522728
529.62522728
529.62522728
529.62522728
529.62522728
529.62522728
529.62522728
529.62522728
529.62522728
529.62522728
529.62522728
529.62522728
529.62522728
529.62522728
529.62522728
529.62522728
529.62522728
529.62522728
529.62522728
529.62522728
529.62522728
529.62522728
529.62522728
529.62522728
529.62522728
529.62522728
529.62522728
529.62522728
529.62522728
529.62522728
529.62522728
529.62522728
529.62522728
529.62522728
529.62522728
529.62522728
529.62522728
529.62522728
529.62522728
529.62522728
529.62522728
529.62522728
529.62522728
529.62522728
529.62522728
529.62522728
529.62522728
529.62522728
529.62522728
529.62522728
529.62522728
529.62522728
529.62522728
529.62522728
529.62522728
529.62522728
529.62522728
529.62522728
529.62522728
529.62522728
529.62522728
529.62522728
529.62522728
529.62522728
529.62522728
529.62522728
529.62522728
529.62522728
529.62522728
529.62522728
484.71983521
484.71983521
481.66236845
481.66236845
482.21052279
482.21052279
481.97753629
477.57907209
477.57907209
477.57907209
479.66387506
479.66387506
477.26022642
477.26022642
479.30909309
479.30909309
479.30909309
479.30909309
479.30909309
479.30909309
475.07098363
482.37304021
477.39642197
479.47072918
479.28743778
479.72580416
479.72580416
482.08537121
482.08537121
481.30441067
481.30441067
485.10303303
485.10303303
486.99800138
486.99800138
487.47211922
483.84659568
487.56984021
485.29270779
477.58709180
481.26401209
481.26401209
481.26401209
481.26401209
480.45414776
480.45414776
480.45414776
484.58228293
482.42440359
481.31864979
480.30624850
480.30624850
480.30624850
482.80496000
483.02094720
482.28142308
639.31545445
639.31545445
644.16360341
644.96123398
651.87823543
518.71022561
518.71022561
518.71022561
518.71022561
518.71022561
518.71022561
518.71022561
518.71022561
518.71022561
518.71022561
518.71022561
518.71022561
518.71022561
646.65248904
645.33290638
497.68843569
495.36557383
494.79465914
494.79465914
489.76065104
489.76065104
489.76065104
489.76065104
489.76065104
489.76065104
489.76065104
489.76065104
489.76065104
489.76065104
642.62417140
494.31073015
497.76098306
497.76098306
495.84664561
493.95699189
493.95699189
493.95699189
493.95699189
493.95699189
493.95699189
524.60966330
524.60966330
524.60966330
528.00553896
528.00553896
528.00553896
442.96243049
437.86420164
437.86420164
438.24840560
438.24840560
438.24840560
438.24840560
438.24840560
438.24840560
528.20337458
537.27646179
541.07749122
536.91000991
540.56715817
364.90175818
361.82085338
360.69854832
360.69854832
360.69854832
360.69854832
360.69854832
360.69854832
360.69854832
360.69854832
360.69854832
360.69854832
530.56897027
530.56897027
525.25207089
347.26353682
347.26353682
347.26353682
347.26353682
347.26353682
347.26353682
347.26353682
347.26353682
347.26353682
347.26353682
534.84600636
534.84600636
534.84600636
534.84600636
534.51190792
287.67849792
291.92938710
291.77799914
291.77799914
291.77799914
291.77799914
291.77799914
291.77799914
291.77799914
291.77799914
291.77799914
291.77799914
291.77799914
291.77799914
291.77799914
159.84619530
165.99359114
166.32312107
164.80304020
167.22375241
167.22375241
167.22375241
167.22375241
167.22375241
167.22375241
167.22375241
167.22375241
167.22375241
167.22375241
167.22375241
177.28087206
177.28087206
177.28087206
172.72079554
172.72079554
172.72079554
172.72079554
172.72079554
172.72079554
172.72079554
172.72079554
172.72079554
172.72079554
172.72079554
172.72079554
162.89073732
118.09934687
118.09934687
118.09934687
118.09934687
118.09934687
118.09934687
118.09934687
118.09934687
118.09934687
118.09934687
118.09934687
118.09934687
118.09934687
118.09934687
118.80343384
118.80343384
120.92768111
120.92768111
118.78632666
118.78632666
118.78632666
118.78632666
118.78632666
118.78632666
118.78632666
118.78632666
118.78632666
118.78632666
118.78632666
105.38222951
105.38222951
105.38222951
110.68574047
110.68574047
110.68574047
110.68574047
110.68574047
110.68574047
110.68574047
110.68574047
110.68574047
110.68574047
110.68574047
110.68574047
95.19528280
95.19528280
97.17847059
100.00886002
94.93954549
94.93954549
94.93954549
94.93954549
94.93954549
94.93954549
94.93954549
94.93954549
94.93954549
94.93954549
94.93954549
99.72574726
99.72574726
100.04327004
99.77247691
98.87013077
98.87013077
98.87013077
98.87013077
98.87013077
98.87013077
98.87013077
98.87013077
98.87013077
98.87013077
98.87013077
98.87013077
70.38832202
70.38832202
69.79687112
69.79687112
69.79687112
69.79687112
69.79687112
69.79687112
69.79687112
69.79687112
69.79687112
69.79687112
69.79687112
69.79687112
75.98849055
75.34266604
75.34266604
77.86823229
76.07947481
76.07947481
76.07947481
76.07947481
76.07947481
76.07947481
76.07947481
76.07947481
76.07947481
76.07947481
76.07947481
62.19943846
68.69624372
68.69624372
72.56240995
72.56240995
72.56240995
72.56240995
72.56240995
72.56240995
72.56240995
72.56240995
72.56240995
72.56240995
72.56240995
72.56240995
78.64855004
79.10998754
79.10998754
79.10998754
82.25584880
82.25584880
82.25584880
82.25584880
82.25584880
82.25584880
82.25584880
82.25584880
82.25584880
82.25584880
82.25584880
52.10518275
52.10518275
51.29693901
51.29693901
52.99935327
52.99935327
52.99935327
52.99935327
52.99935327
52.99935327
52.99935327
52.99935327
52.99935327
52.99935327
52.99935327
58.43155741
58.43155741
58.43155741
58.43155741
58.43155741
58.43155741
58.43155741
58.43155741
58.43155741
58.43155741
58.43155741
58.43155741
58.43155741
58.43155741
58.43155741
53.09107715
52.92547777
54.24845762
54.24845762
56.52503124
56.52503124
56.52503124
56.52503124
56.52503124
56.52503124
56.52503124
56.52503124
56.52503124
56.52503124
56.52503124
49.38434526
49.57352215
49.57352215
49.99002832
47.29468709
47.29468709
47.29468709
47.29468709
47.29468709
47.29468709
47.29468709
47.29468709
47.29468709
47.29468709
47.29468709
47.51117888
46.85474722
46.85474722
46.85474722
47.83530232
47.83530232
47.83530232
47.83530232
