0.00000000
382.84533162
382.84533162
386.27291754
385.54747619
385.54747619
385.54747619
712.87168399
710.06759158
710.06759158
709.69081678
709.69081678
494.78716927
493.00701811
490.01901979
490.01901979
496.19525594
496.19525594
496.19525594
496.19525594
496.19525594
496.19525594
496.19525594
496.19525594
496.19525594
496.19525594
496.19525594
325.84564434
325.84564434
325.84564434
325.84564434
327.32334188
327.32334188
327.32334188
327.32334188
327.32334188
327.32334188
327.32334188
327.32334188
327.32334188
327.32334188
327.32334188
327.32334188
327.32334188
327.32334188
327.32334188
327.32334188
532.59330175
532.59330175
532.59330175
534.37249180
535.27796936
535.27796936
535.27796936
535.27796936
538.10194404
534.93773714
525.01190776
525.01190776
525.01190776
525.01190776
525.01190776
522.87280229
522.87280229
522.87280229
522.87280229
522.87280229
524.59922598
528.74537740
528.74537740
528.74537740
528.74537740
528.74537740
528.74537740
528.74537740
528.74537740
528.74537740
532.93319328
532.93319328
532.93319328
532.93319328
532.93319328
533.79967875
525.76697928
528.14037801
530.58014506
530.58014506
530.58014506
530.58014506
528.37728250
530.18679066
530.18679066
530.18679066
532.63169609
536.58085844
536.58085844
549.13282817
544.04824549
544.04824549
425.08474508
425.08474508
415.56870565
413.51808355
413.51808355
413.51808355
413.51808355
418.41264458
412.49094892
412.04754556
412.04754556
300.72332133
300.72332133
297.97932422
297.97932422
297.97932422
297.97932422
296.38127113
297.58603332
290.85016812
290.85016812
289.11271649
289.11271649
292.34860817
292.34860817
292.38956120
292.16948855
292.16948855
292.16948855
287.49594792
287.49594792
206.11171828
206.11171828
210.11118169
210.11118169
210.11118169
210.11118169
210.11118169
210.11118169
214.11770580
214.11770580
217.73758230
220.18476435
217.12541885
217.12541885
217.12541885
217.12541885
213.08749817
209.84618814
209.84618814
209.84618814
209.84618814
216.37765044
212.71486479
212.71486479
212.71486479
216.55685142
221.36676970
221.36676970
221.36676970
221.36676970
121.90352197
118.81599906
118.81599906
117.96768161
120.90027656
86.98550242
86.98550242
84.67601657
84.67601657
89.03915335
89.03915335
89.03915335
89.03915335
89.03915335
89.21666261
87.78176666
84.28831369
79.42033879
83.28012761
85.47685553
85.47685553
86.44502975
86.44502975
86.82143631
86.82143631
87.65544013
87.65544013
87.65544013
90.24470803
88.89478395
88.89478395
88.89478395
86.12591651
94.06373187
94.06373187
94.06373187
94.49708706
99.08837261
99.08837261
95.18918730
95.18918730
99.69522017
99.69522017
99.69522017
98.03035033
99.34694765
99.66181688
96.31419749
96.31419749
61.04774751
61.04774751
61.04774751
61.04774751
61.04774751
61.04774751
63.00248265
63.04617498
63.04617498
63.48350698
64.46010998
64.46010998
64.46010998
64.46010998
63.74390713
62.40798666
62.40798666
62.40798666
60.51335218
60.51335218
60.51335218
60.51335218
60.36792639
57.13912207
57.13912207
60.28517070
58.42439647
55.93898949
52.41737170
52.41737170
52.41737170
51.81354035
51.81354035
51.81354035
51.81354035
51.45060170
53.94897072
56.97973968
57.50232572
57.50232572
58.42632487
58.42632487
55.11161537
55.11161537
56.02071532
56.02071532
56.02071532
56.02071532
56.02071532
75.31988333
75.31988333
75.31988333
75.31988333
75.31988333
75.31988333
76.11746726
76.11746726
76.11746726
76.11746726
72.66497226
72.66497226
72.65420686
72.65420686
72.65420686
71.49918386
68.01209475
68.01209475
69.08970174
66.00043847
66.00043847
66.00043847
67.08958503
67.08958503
67.08958503
67.08958503
66.55761204
65.02285352
65.82467027
65.82467027
62.61995223
62.61995223
62.61995223
62.75595262
62.75595262
62.75595262
62.75595262
62.75595262
64.42232538
63.64425094
63.64425094
63.64425094
63.64425094
61.07400357
59.70321680
62.65220122
62.65272700
62.65272700
58.08622092
62.76123226
59.52635109
63.19578508
70.23333406
70.23333406
68.60676164
66.34855367
63.30628612
66.55728579
67.73507469
63.80121467
63.80121467
63.80121467
63.80121467
62.62172242
62.62172242
62.62172242
62.62172242
62.62172242
61.97526916
61.97526916
62.38328982
60.85326725
60.85326725
59.62959160
59.62959160
58.50640407
58.22857547
58.22857547
62.95327753
62.95327753
61.85557897
61.85557897
61.85557897
61.67863235
59.42445962
61.23294191
61.23294191
61.23294191
61.23294191
50.76402600
50.76402600
51.22951313
51.22951313
51.22951313
51.22951313
50.71450070
50.71450070
50.71450070
53.59448706
52.87609571
51.07907238
51.07907238
47.87454341
47.87454341
48.53200036
48.53200036
48.53200036
48.66488228
50.79793968
50.96139700
50.96139700
50.96524022
53.55830553
53.55830553
53.55830553
53.55830553
54.10509186
54.10509186
54.10509186
54.10509186
54.31862731
54.31862731
57.23053715
57.23053715
56.79850464
56.79850464
59.20931233
59.53567667
58.34953426
58.34953426
58.34953426
58.34953426
61.71617006
61.71617006
61.71617006
61.71617006
61.71617006
61.71617006
61.71617006
61.07236081
61.07236081
62.25244420
66.09791155
64.98157972
64.98157972
65.86298477
65.86298477
65.86298477
65.86298477
65.86298477
65.86298477
64.59736012
64.59736012
64.59736012
64.59736012
64.59736012
64.18076629
64.75243551
64.75243551
64.75243551
64.75243551
64.75243551
64.75243551
64.75243551
61.53384895
63.82752024
63.82752024
61.30899552
61.30899552
61.09540240
62.51623947
65.66537620
65.66537620
65.66537620
65.66537620
64.53388763
64.53388763
64.53388763
66.30891657
66.30891657
68.09479859
68.09479859
67.57343463
69.15312729
69.15312729
71.38434335
71.38434335
73.83092775
75.38157639
81.65699577
78.87591164
78.87591164
78.87591164
76.54332846
76.54332846
76.35666828
76.35666828
76.35666828
58.88832954
61.18910560
57.94035331
58.79326721
58.87321156
50.11631636
48.92906982
49.67301790
48.81867161
48.81867161
48.81867161
48.01282738
48.01282738
48.01282738
48.16628138
48.16628138
48.23105228
48.23105228
47.85159609
46.68771358
47.29688257
47.29688257
47.29688257
47.29688257
46.58415155
48.58293802
47.53564834
47.46781592
47.46781592
47.46781592
46.43810931
46.27344786
47.30595612
51.22928138
51.22928138
51.81517796
52.32457236
53.18656543
53.18656543
53.92128362
53.92128362
52.92024075
52.92024075
51.18533762
51.18533762
51.93543731
52.01472272
52.01472272
52.01472272
52.11255456
52.11255456
52.48358416
56.46013612
59.78304514
59.78304514
58.52088234
58.52088234
58.52088234
59.07744711
59.07744711
58.24904799
58.18237963
58.18237963
58.18237963
58.18237963
58.19741379
59.84346319
59.84346319
58.94768534
59.02896138
63.81404315
66.92873887
68.18440518
68.18440518
70.27215474
69.89672330
69.89672330
69.89672330
69.55859677
60.01657069
60.47969223
60.47969223
59.14620781
59.48372302
60.44561179
60.64021655
64.31807578
64.31807578
64.31807578
64.44448982
64.44448982
64.44448982
62.74354828
62.74354828
62.74354828
63.88238114
63.88238114
63.88238114
63.88238114
63.58794776
63.30785064
62.06918258
64.96968840
64.96968840
64.96968840
64.96968840
65.86315494
65.86315494
65.86315494
64.79854210
64.79854210
62.71492195
64.24401146
67.32934968
67.32934968
67.53696886
67.53696886
67.53696886
67.53696886
67.53696886
67.58469202
67.58469202
68.02386638
68.02386638
68.02386638
68.02386638
68.02386638
68.02386638
70.13135118
70.97468229
70.97468229
72.24379233
72.43678519
72.43678519
73.50057130
73.50057130
74.16397803
76.35778038
75.83047946
73.95870062
72.37596471
72.37596471
72.37596471
76.40439643
74.63509142
74.15170135
74.15170135
74.15170135
74.15170135
74.15170135
74.15170135
50.71300394
52.38911972
45.64061810
44.51764310
44.51764310
44.51764310
44.51764310
44.51764310
44.51764310
44.51764310
44.51764310
44.51764310
44.51764310
44.51764310
44.51764310
44.51764310
44.51764310
44.51764310
44.51764310
44.51764310
44.51764310
44.51764310
44.51764310
44.51764310
44.51764310
44.51764310
44.51764310
44.51764310
44.51764310
44.51764310
44.51764310
44.51764310
44.51764310
44.51764310
44.51764310
44.51764310
44.51764310
44.51764310
44.51764310
44.51764310
43.71981885
43.53461758
43.53461758
46.27697994
46.27697994
46.27697994
46.27697994
46.27697994
46.27697994
46.27697994
46.27697994
46.27697994
46.27697994
46.27697994
46.27697994
46.27697994
46.27697994
46.27697994
46.27697994
46.27697994
46.27697994
46.27697994
46.27697994
46.27697994
46.27697994
46.27697994
46.27697994
46.27697994
46.27697994
46.27697994
46.27697994
46.27697994
46.27697994
46.27697994
46.27697994
46.27697994
46.27697994
46.27697994
46.27697994
46.27697994
40.10387312
40.34290658
40.66791746
44.74648850
46.72363311
46.72363311
46.72363311
46.72363311
46.72363311
46.72363311
46.72363311
46.72363311
46.72363311
46.72363311
46.72363311
46.72363311
46.72363311
46.72363311
46.72363311
46.72363311
46.72363311
46.72363311
46.72363311
46.72363311
46.72363311
46.72363311
46.72363311
46.72363311
46.72363311
46.72363311
46.72363311
46.72363311
46.72363311
46.72363311
46.72363311
46.72363311
46.72363311
46.72363311
46.72363311
46.72363311
35.47343767
35.47343767
34.81238705
35.41307576
34.10085615
34.10085615
34.10085615
34.10085615
34.10085615
34.10085615
34.10085615
34.10085615
34.10085615
34.10085615
34.10085615
34.10085615
34.10085615
34.10085615
34.10085615
34.10085615
34.10085615
34.10085615
34.10085615
34.10085615
34.10085615
34.10085615
34.10085615
34.10085615
34.10085615
34.10085615
34.10085615
34.10085615
34.10085615
34.10085615
34.10085615
34.10085615
34.10085615
34.10085615
34.10085615
34.10085615
35.85566976
35.85566976
38.33771116
38.33771116
38.95857858
38.95857858
38.95857858
38.95857858
38.95857858
38.95857858
38.95857858
38.95857858
38.95857858
38.95857858
38.95857858
38.95857858
38.95857858
38.95857858
38.95857858
38.95857858
38.95857858
38.95857858
38.95857858
38.95857858
38.95857858
38.95857858
38.95857858
38.95857858
38.95857858
38.95857858
38.95857858
38.95857858
38.95857858
38.95857858
38.95857858
38.95857858
38.95857858
38.95857858
38.95857858
38.95857858
32.54091238
32.54091238
34.59140292
34.59140292
34.05677645
34.05677645
34.05677645
34.05677645
34.05677645
34.05677645
34.05677645
34.05677645
34.05677645
34.05677645
34.05677645
34.05677645
34.05677645
34.05677645
34.05677645
34.05677645
34.05677645
34.05677645
34.05677645
34.05677645
34.05677645
34.05677645
34.05677645
34.05677645
34.05677645
34.05677645
34.05677645
34.05677645
34.05677645
34.05677645
34.05677645
34.05677645
34.05677645
34.05677645
34.05677645
34.05677645
38.19377475
40.75658415
32.83754353
32.83754353
32.20762954
32.20762954
32.20762954
32.20762954
32.20762954
32.20762954
32.20762954
32.20762954
32.20762954
32.20762954
32.20762954
32.20762954
32.20762954
32.20762954
32.20762954
32.20762954
32.20762954
32.20762954
32.20762954
32.20762954
32.20762954
32.20762954
32.20762954
32.20762954
32.20762954
32.20762954
32.20762954
32.20762954
32.20762954
32.20762954
32.20762954
32.20762954
32.20762954
32.20762954
32.20762954
32.20762954
34.39153007
34.39153007
35.67272266
37.17729290
37.17729290
37.17729290
37.17729290
37.17729290
37.17729290
37.17729290
37.17729290
37.17729290
37.17729290
37.17729290
37.17729290
37.17729290
37.17729290
37.17729290
37.17729290
37.17729290
37.17729290
37.17729290
37.17729290
37.17729290
37.17729290
37.17729290
37.17729290
37.17729290
37.17729290
37.17729290
37.17729290
37.17729290
37.17729290
37.17729290
37.17729290
37.17729290
37.17729290
37.17729290
37.17729290
37.17729290
34.56162504
34.56162504
34.56162504
35.76263404
37.29838829
37.29838829
37.29838829
37.29838829
37.29838829
37.29838829
37.29838829
37.29838829
37.29838829
37.29838829
37.29838829
37.29838829
37.29838829
37.29838829
37.29838829
37.29838829
37.29838829
37.29838829
37.29838829
37.29838829
37.29838829
37.29838829
37.29838829
37.29838829
37.29838829
37.29838829
37.29838829
37.29838829
37.29838829
37.29838829
37.29838829
37.29838829
37.29838829
37.29838829
37.29838829
37.29838829
40.05786195
40.05786195
40.05786195
40.84122037
40.84122037
40.84122037
40.84122037
40.84122037
40.84122037
40.84122037
40.84122037
40.84122037
40.84122037
40.84122037
40.84122037
40.84122037
40.84122037
40.84122037
40.84122037
40.84122037
40.84122037
40.84122037
40.84122037
40.84122037
40.84122037
40.84122037
40.84122037
40.84122037
40.84122037
40.84122037
40.84122037
40.84122037
40.84122037
