0.00000000
0.00000000
0.00000000
347.45624447
347.56352739
347.56352739
347.56352739
484.85534362
487.65383127
487.36463026
481.54238793
477.11580955
477.11580955
477.11580955
477.11580955
477.11580955
477.11580955
477.11580955
477.11580955
477.11580955
477.11580955
477.11580955
477.11580955
477.11580955
477.11580955
477.11580955
477.11580955
477.11580955
477.11580955
477.11580955
477.11580955
477.11580955
477.11580955
477.11580955
477.11580955
477.11580955
477.11580955
477.11580955
477.11580955
477.11580955
477.11580955
477.11580955
477.11580955
477.11580955
477.11580955
477.11580955
477.11580955
477.11580955
477.11580955
477.11580955
477.11580955
477.11580955
477.11580955
477.11580955
477.11580955
477.11580955
477.11580955
654.25406234
649.20669911
649.20669911
649.20669911
649.20669911
649.20669911
649.20669911
649.20669911
649.20669911
649.20669911
649.20669911
649.20669911
649.20669911
649.20669911
649.20669911
649.20669911
649.20669911
649.20669911
649.20669911
649.20669911
649.20669911
649.20669911
649.20669911
649.20669911
649.20669911
416.12394373
416.12394373
416.12394373
419.07728796
419.07728796
419.07728796
419.07728796
419.07728796
419.07728796
419.07728796
419.07728796
419.07728796
419.07728796
419.07728796
419.07728796
419.07728796
419.07728796
419.07728796
419.07728796
419.07728796
419.07728796
419.07728796
419.07728796
419.07728796
419.07728796
419.07728796
419.07728796
419.07728796
419.07728796
419.07728796
419.07728796
419.07728796
419.07728796
419.07728796
419.07728796
419.07728796
419.07728796
419.07728796
419.07728796
419.07728796
419.07728796
419.07728796
419.07728796
419.07728796
419.07728796
419.07728796
419.07728796
419.07728796
419.07728796
419.07728796
419.07728796
419.07728796
419.07728796
419.07728796
419.07728796
419.07728796
419.07728796
419.07728796
419.07728796
419.07728796
419.07728796
419.07728796
419.07728796
419.07728796
419.07728796
419.07728796
419.07728796
419.07728796
419.07728796
419.07728796
419.07728796
419.07728796
419.07728796
419.07728796
419.07728796
419.07728796
419.07728796
419.07728796
419.07728796
419.07728796
419.07728796
419.07728796
419.07728796
419.07728796
419.07728796
419.07728796
419.07728796
419.07728796
419.07728796
419.07728796
419.07728796
419.07728796
419.07728796
419.07728796
419.07728796
419.07728796
419.07728796
419.07728796
419.07728796
419.07728796
419.07728796
419.07728796
419.07728796
419.07728796
419.07728796
419.07728796
419.07728796
419.07728796
419.07728796
419.07728796
419.07728796
419.07728796
419.07728796
419.07728796
419.07728796
419.07728796
419.07728796
419.07728796
419.07728796
419.07728796
419.07728796
419.07728796
419.07728796
419.07728796
419.07728796
419.07728796
419.07728796
419.07728796
419.07728796
419.07728796
419.07728796
419.07728796
419.07728796
419.07728796
419.07728796
419.07728796
419.07728796
419.07728796
419.07728796
419.07728796
419.07728796
419.07728796
419.07728796
419.07728796
419.07728796
419.07728796
419.07728796
419.07728796
419.07728796
419.07728796
419.07728796
419.07728796
419.07728796
419.07728796
419.07728796
419.07728796
419.07728796
419.07728796
419.07728796
419.07728796
419.07728796
419.07728796
419.07728796
419.07728796
419.07728796
419.07728796
419.07728796
419.07728796
419.07728796
419.07728796
419.07728796
419.07728796
419.07728796
419.07728796
419.07728796
419.07728796
419.07728796
419.07728796
419.07728796
419.07728796
419.07728796
419.07728796
419.07728796
419.07728796
419.07728796
419.07728796
419.07728796
419.07728796
419.07728796
419.07728796
419.07728796
419.07728796
419.07728796
419.07728796
419.07728796
419.07728796
419.07728796
419.07728796
419.07728796
419.07728796
419.07728796
419.07728796
419.07728796
419.07728796
419.07728796
419.07728796
419.07728796
419.07728796
419.07728796
419.07728796
419.07728796
419.07728796
419.07728796
419.07728796
419.07728796
419.07728796
419.07728796
419.07728796
419.07728796
419.07728796
419.07728796
419.07728796
419.07728796
419.07728796
419.07728796
419.07728796
419.07728796
419.07728796
419.07728796
419.07728796
419.07728796
419.07728796
419.07728796
419.07728796
419.07728796
419.07728796
419.07728796
419.07728796
419.07728796
419.07728796
419.07728796
419.07728796
419.07728796
419.07728796
419.07728796
419.07728796
419.07728796
419.07728796
419.07728796
419.07728796
419.07728796
419.07728796
419.07728796
419.07728796
419.07728796
419.07728796
419.07728796
419.07728796
419.07728796
419.07728796
419.07728796
419.07728796
419.07728796
419.07728796
419.07728796
419.07728796
419.07728796
419.07728796
419.07728796
419.07728796
419.07728796
419.07728796
419.07728796
419.07728796
419.07728796
419.07728796
419.07728796
419.07728796
419.07728796
419.07728796
419.07728796
419.07728796
419.07728796
419.07728796
419.07728796
419.07728796
419.07728796
419.07728796
419.07728796
419.07728796
419.07728796
419.07728796
419.07728796
419.07728796
419.07728796
419.07728796
419.07728796
419.07728796
419.07728796
419.07728796
419.07728796
419.07728796
419.07728796
419.07728796
419.07728796
419.07728796
419.07728796
419.07728796
419.07728796
419.07728796
419.07728796
419.07728796
419.07728796
419.07728796
419.07728796
419.07728796
419.07728796
419.07728796
419.07728796
419.07728796
419.07728796
419.07728796
419.07728796
419.07728796
419.07728796
419.07728796
419.07728796
419.07728796
419.07728796
419.07728796
419.07728796
419.07728796
419.07728796
419.07728796
419.07728796
419.07728796
419.07728796
419.07728796
419.07728796
419.07728796
419.07728796
419.07728796
419.07728796
419.07728796
419.07728796
419.07728796
419.07728796
419.07728796
419.07728796
419.07728796
419.07728796
419.07728796
419.07728796
419.07728796
419.07728796
419.07728796
419.07728796
419.07728796
419.07728796
419.07728796
419.07728796
419.07728796
419.07728796
419.07728796
419.07728796
419.07728796
419.07728796
419.07728796
419.07728796
419.07728796
419.07728796
419.07728796
419.07728796
419.07728796
419.07728796
419.07728796
419.07728796
419.07728796
419.07728796
419.07728796
419.07728796
419.07728796
419.07728796
419.07728796
419.07728796
419.07728796
419.07728796
419.07728796
419.07728796
419.07728796
419.07728796
419.07728796
419.07728796
419.07728796
419.07728796
419.07728796
419.07728796
419.07728796
419.07728796
419.07728796
419.07728796
419.07728796
419.07728796
419.07728796
419.07728796
419.07728796
419.07728796
419.07728796
419.07728796
419.07728796
419.07728796
419.07728796
419.07728796
419.07728796
419.07728796
419.07728796
419.07728796
419.07728796
419.07728796
419.07728796
419.07728796
419.07728796
419.07728796
419.07728796
419.07728796
419.07728796
419.07728796
419.07728796
419.07728796
419.07728796
419.07728796
419.07728796
419.07728796
419.07728796
419.07728796
419.07728796
419.07728796
419.07728796
419.07728796
419.07728796
419.07728796
419.07728796
419.07728796
419.07728796
419.07728796
419.07728796
419.07728796
419.07728796
419.07728796
419.07728796
419.07728796
419.07728796
419.07728796
419.07728796
419.07728796
419.07728796
419.07728796
419.07728796
419.07728796
419.07728796
419.07728796
419.07728796
419.07728796
419.07728796
419.07728796
419.07728796
419.07728796
419.07728796
419.07728796
419.07728796
419.07728796
419.07728796
419.07728796
419.07728796
419.07728796
419.07728796
419.07728796
419.07728796
419.07728796
419.07728796
419.07728796
419.07728796
419.07728796
419.07728796
419.07728796
419.07728796
419.07728796
419.07728796
419.07728796
419.07728796
419.07728796
419.07728796
419.07728796
419.07728796
419.07728796
419.07728796
419.07728796
419.07728796
419.07728796
419.07728796
419.07728796
419.07728796
419.07728796
419.07728796
419.07728796
419.07728796
419.07728796
419.07728796
419.07728796
419.07728796
419.07728796
419.07728796
419.07728796
419.07728796
419.07728796
419.07728796
419.07728796
419.07728796
419.07728796
511.43872196
511.43872196
502.75157498
502.75157498
497.73764900
497.73764900
502.04772682
499.65213687
499.65213687
499.65213687
498.01892891
498.01892891
492.33655964
492.33655964
491.93643922
491.93643922
491.93643922
583.46320482
583.46320482
583.46320482
575.86682235
678.68144220
674.08646935
677.78957523
677.15574030
676.56348034
676.56348034
588.80398558
588.80398558
585.92505422
585.92505422
679.83832060
679.83832060
678.70629594
678.70629594
677.25683304
587.51903349
592.14757223
591.17574528
586.56571810
590.87054686
590.87054686
590.87054686
590.87054686
590.87054686
590.87054686
502.30288975
509.33185310
506.53395983
503.63042571
507.29080577
507.29080577
507.29080577
643.30364441
643.74575830
641.17486085
641.17486085
641.17486085
509.25159678
509.06424679
514.44598047
514.44598047
514.44598047
514.44598047
514.44598047
514.44598047
651.72113415
651.72113415
651.72113415
650.21319040
651.07210794
509.94913603
509.12782783
509.12782783
502.65591524
501.04694765
501.04694765
501.04694765
501.04694765
501.04694765
501.04694765
501.04694765
501.04694765
501.04694765
501.04694765
501.04694765
501.04694765
490.17200793
490.17200793
490.17200793
492.10573792
492.10573792
492.10573792
492.10573792
492.10573792
492.10573792
492.10573792
641.60014119
641.60014119
641.60014119
525.36296357
444.17736060
444.17736060
444.17736060
440.54351590
440.54351590
440.54351590
440.54351590
440.54351590
440.54351590
440.54351590
522.32835972
529.51179592
529.57307478
529.57307478
529.57307478
442.21794092
450.72715482
452.50850529
451.71060564
457.31570620
457.31570620
457.31570620
457.31570620
457.31570620
457.31570620
457.31570620
457.31570620
457.31570620
457.31570620
457.31570620
360.03518625
360.03518625
346.73689459
346.73689459
341.50119395
341.50119395
341.50119395
341.50119395
341.50119395
341.50119395
341.50119395
341.50119395
341.50119395
341.50119395
529.37893947
354.42510025
354.42510025
354.42510025
354.42510025
355.30150877
355.30150877
355.30150877
355.30150877
355.30150877
355.30150877
355.30150877
355.30150877
355.30150877
355.30150877
355.30150877
221.40739464
221.32187056
157.50760692
157.50760692
157.50760692
157.50760692
157.50760692
157.50760692
157.50760692
157.50760692
157.50760692
157.50760692
157.50760692
157.50760692
157.50760692
171.63632932
171.63632932
170.59727078
169.39353137
169.39353137
169.39353137
169.39353137
169.39353137
169.39353137
169.39353137
169.39353137
169.39353137
169.39353137
169.39353137
169.39353137
169.39353137
167.46084580
167.46084580
167.46084580
167.46084580
167.46084580
167.46084580
167.46084580
167.46084580
167.46084580
167.46084580
167.46084580
167.46084580
167.46084580
167.46084580
116.94830890
116.94830890
116.02206237
116.02206237
116.02206237
116.02206237
116.02206237
116.02206237
116.02206237
116.02206237
116.02206237
116.02206237
116.02206237
116.02206237
116.02206237
109.13074672
112.22814689
112.22814689
111.34778334
107.61596358
107.61596358
107.61596358
107.61596358
107.61596358
107.61596358
107.61596358
107.61596358
107.61596358
107.61596358
107.61596358
92.39267831
97.74547658
100.12766381
98.18954832
98.04941105
98.04941105
98.04941105
98.04941105
98.04941105
98.04941105
98.04941105
98.04941105
98.04941105
98.04941105
98.04941105
86.50248338
86.50248338
88.83741629
94.69541115
94.69541115
94.69541115
94.69541115
94.69541115
94.69541115
94.69541115
94.69541115
94.69541115
94.69541115
94.69541115
94.69541115
97.35007555
93.41053886
93.41053886
93.41053886
91.09045189
91.09045189
91.09045189
91.09045189
91.09045189
91.09045189
91.09045189
91.09045189
91.09045189
91.09045189
91.09045189
74.24445778
74.24445778
74.24445778
74.24445778
74.24445778
74.24445778
74.24445778
74.24445778
74.24445778
74.24445778
74.24445778
74.24445778
74.24445778
74.24445778
74.24445778
82.49393091
62.23928475
62.23928475
62.79724224
61.23046774
61.23046774
61.23046774
61.23046774
61.23046774
61.23046774
61.23046774
61.23046774
61.23046774
61.23046774
61.23046774
61.23046774
78.96524291
77.08491993
79.18966666
77.44811813
77.44811813
77.44811813
77.44811813
77.44811813
77.44811813
77.44811813
77.44811813
77.44811813
77.44811813
77.44811813
85.39495850
85.39495850
86.55834144
85.53790331
53.72048032
53.72048032
53.72048032
53.72048032
53.72048032
53.72048032
53.72048032
53.72048032
53.72048032
53.72048032
53.72048032
55.57035191
53.16762178
56.77944685
57.79947343
57.79947343
57.79947343
57.79947343
57.79947343
57.79947343
57.79947343
57.79947343
57.79947343
57.79947343
57.79947343
57.79947343
52.26879984
50.59902157
50.59902157
51.30461836
50.94460986
50.94460986
50.94460986
50.94460986
50.94460986
50.94460986
50.94460986
50.94460986
50.94460986
50.94460986
50.94460986
53.97550765
55.77885421
55.77885421
50.29619234
50.29619234
50.29619234
50.29619234
50.29619234
50.29619234
50.29619234
50.29619234
50.29619234
50.29619234
50.29619234
50.29619234
48.36719608
48.78036098
48.25851355
48.65983522
46.61071023
46.61071023
46.61071023
46.61071023
46.61071023
46.61071023
46.61071023
46.61071023
46.61071023
