0.00000000
0.38289241
0.38289241
0.38397101
0.38229438
0.38229438
0.38229438
0.43701715
0.43537825
0.43537825
0.43492048
0.43492048
0.43926792
0.43825795
0.43788872
0.43788872
0.44340268
0.39836349
0.39811748
0.39811748
0.39811748
0.39580208
0.39580208
0.39580208
0.39580208
0.39580208
0.43632896
0.47502348
0.47502348
0.47502348
0.47502348
0.47265976
0.33718748
0.33718748
0.33362692
0.33362692
0.33362692
0.39196856
0.39196856
0.38988195
0.38726730
0.38726730
0.39016287
0.38790547
0.38833905
0.38833905
0.39211050
0.39211050
0.39211050
0.39211050
0.39237365
0.39392769
0.39392769
0.39392769
0.39392769
0.39456938
0.38883090
0.38169306
0.38169306
0.38169306
0.38169306
0.38169306
0.38091575
0.38091575
0.38091575
0.38091575
0.38091575
0.38120828
0.38257238
0.38257238
0.38257238
0.38257238
0.38257238
0.38257238
0.38257238
0.38257238
0.38257238
0.38435988
0.38435988
0.38435988
0.38435988
0.38435988
0.38544253
0.38446609
0.38682285
0.38902296
0.38902296
0.38902296
0.38902296
0.38894811
0.38975925
0.38975925
0.38975925
0.39330992
0.39564122
0.39564122
0.40095581
0.39927621
0.39927621
0.34088442
0.34088442
0.33901115
0.33976429
0.33976429
0.33976429
0.33976429
0.34368064
0.34068407
0.34026805
0.34026805
0.28166517
0.28166517
0.27955135
0.27955135
0.27955135
0.27955135
0.28462452
0.28695542
0.28519042
0.28519042
0.28665485
0.28665485
0.29009145
0.29009145
0.28917525
0.28660478
0.28660478
0.28660478
0.28240902
0.28240902
0.20535583
0.20535583
0.20978845
0.20978845
0.20978845
0.20978845
0.20978845
0.20978845
0.21311663
0.21311663
0.21636777
0.22468898
0.22207762
0.22207762
0.22207762
0.22207762
0.22955771
0.22767275
0.22767275
0.22767275
0.22767275
0.23381355
0.22884129
0.22884129
0.22884129
0.23217768
0.23345340
0.23345340
0.23345340
0.23345340
0.15265222
0.15022934
0.15022934
0.15950784
0.16105465
0.11946156
0.11946156
0.11604019
0.11604019
0.11793775
0.11793775
0.11793775
0.11793775
0.11793775
0.11626983
0.11155203
0.10757555
0.10577236
0.10763721
0.11007310
0.11007310
0.11073359
0.11073359
0.11349041
0.11349041
0.11714616
0.11714616
0.11714616
0.11811316
0.11584265
0.11584265
0.11584265
0.11379440
0.11686468
0.11686468
0.11686468
0.11908052
0.11716921
0.11716921
0.11240219
0.11240219
0.11452889
0.11452889
0.11452889
0.11545896
0.11982477
0.13130723
0.12934501
0.12934501
0.06790494
0.06790494
0.06790494
0.06790494
0.06790494
0.06790494
0.06670959
0.06556688
0.06556688
0.06313774
0.06460983
0.06460983
0.06460983
0.06460983
0.05979525
0.05839883
0.05839883
0.05839883
0.05491028
0.05491028
0.05491028
0.05491028
0.05282320
0.05475952
0.05475952
0.05673612
0.05436429
0.05556454
0.05572596
0.05572596
0.05572596
0.05416048
0.05416048
0.05416048
0.05416048
0.05265353
0.05557523
0.05806434
0.05788581
0.05788581
0.05629885
0.05629885
0.05769200
0.05769200
0.05882910
0.05882910
0.05882910
0.05882910
0.05882910
0.05798699
0.05798699
0.05798699
0.05798699
0.05798699
0.05798699
0.06002156
0.06002156
0.06002156
0.06002156
0.05677887
0.05677887
0.05774799
0.05774799
0.05774799
0.05593797
0.05496450
0.05496450
0.05894542
0.06363362
0.06363362
0.06363362
0.06578558
0.06578558
0.06578558
0.06578558
0.06249579
0.06211023
0.04912444
0.04912444
0.04636470
0.04636470
0.04636470
0.04717181
0.04717181
0.04717181
0.04717181
0.04717181
0.04626217
0.04583555
0.04583555
0.04583555
0.04583555
0.04615692
0.04693400
0.04754874
0.04740190
0.04740190
0.04472342
0.04730652
0.04782393
0.05094686
0.05314745
0.05314745
0.05252195
0.05494504
0.04915156
0.05155474
0.05179670
0.04920750
0.04920750
0.04920750
0.04920750
0.04877561
0.04877561
0.04877561
0.04877561
0.04877561
0.04649576
0.04649576
0.04504434
0.04403924
0.04403924
0.04381034
0.04381034
0.04490298
0.04499422
0.04499422
0.04651728
0.04651728
0.05096597
0.05096597
0.05096597
0.05317948
0.05703027
0.05450912
0.05450912
0.05450912
0.05450912
0.04362686
0.04362686
0.04253871
0.04253871
0.04253871
0.04253871
0.04260008
0.04260008
0.04260008
0.04317457
0.04386798
0.04371130
0.04371130
0.04573178
0.04573178
0.04396271
0.04396271
0.04396271
0.04988710
0.05173195
0.05442751
0.05442751
0.05519591
0.05860442
0.05860442
0.05860442
0.05860442
0.05990153
0.05990153
0.05990153
0.05990153
0.05929963
0.05929963
0.06158319
0.06158319
0.06204681
0.06204681
0.06580018
0.06790286
0.06843284
0.06843284
0.06843284
0.06843284
0.06809713
0.06809713
0.06809713
0.06809713
0.06809713
0.06809713
0.06809713
0.06666756
0.06666756
0.06559500
0.07204629
0.07137203
0.07137203
0.07434808
0.07434808
0.07434808
0.07434808
0.07434808
0.07434808
0.06560101
0.06560101
0.06560101
0.06560101
0.06560101
0.06918078
0.07218190
0.07218190
0.07218190
0.07218190
0.07218190
0.07218190
0.07218190
0.07301552
0.07358129
0.07358129
0.07113706
0.07113706
0.07272615
0.07609499
0.08270485
0.08270485
0.08270485
0.08270485
0.08546992
0.08546992
0.08546992
0.08687778
0.08687778
0.08522956
0.08522956
0.08464784
0.08890742
0.08890742
0.08846427
0.08846427
0.09409863
0.09541247
0.09630756
0.09452332
0.09452332
0.09452332
0.09762410
0.09762410
0.10004085
0.10004085
0.10004085
0.04789868
0.04766572
0.04650889
0.05030560
0.04987978
0.04449759
0.04511678
0.05117323
0.05745021
0.05745021
0.05745021
0.05313437
0.05313437
0.05313437
0.05508467
0.05508467
0.05216005
0.05216005
0.05427910
0.05509476
0.05466466
0.05466466
0.05466466
0.05466466
0.05342117
0.05379862
0.05065891
0.05081382
0.05081382
0.05081382
0.05067548
0.05337124
0.05256712
0.04291673
0.04291673
0.03984683
0.04005670
0.03940882
0.03940882
0.04040411
0.04040411
0.04171665
0.04171665
0.04315966
0.04315966
0.04429705
0.04572331
0.04572331
0.04572331
0.04677121
0.04677121
0.04847973
0.04271022
0.04124092
0.04124092
0.04147847
0.04147847
0.04147847
0.04133614
0.04133614
0.04139860
0.04325925
0.04325925
0.04325925
0.04325925
0.04396445
0.04292003
0.04292003
0.04374411
0.04307537
0.04341604
0.04500775
0.04642847
0.04642847
0.04603399
0.04507824
0.04507824
0.04507824
0.04515195
0.04606238
0.04799689
0.04799689
0.04597485
0.04534083
0.04523350
0.04361408
0.04773320
0.04773320
0.04773320
0.04730775
0.04730775
0.04730775
0.04431084
0.04431084
0.04431084
0.04404151
0.04404151
0.04404151
0.04404151
0.04214357
0.04132897
0.04094550
0.04226123
0.04226123
0.04226123
0.04226123
0.04264764
0.04264764
0.04264764
0.04364861
0.04364861
0.04308379
0.04346772
0.04285762
0.04285762
0.04525892
0.04525892
0.04525892
0.04525892
0.04525892
0.04940722
0.04940722
0.05041505
0.05041505
0.05041505
0.05041505
0.05041505
0.05041505
0.05566360
0.05949528
0.05949528
0.05574577
0.05457503
0.05457503
0.05627361
0.05627361
0.05813080
0.06042431
0.06218895
0.05789833
0.05573657
0.05573657
0.05573657
0.06416183
0.06202672
0.06470688
0.06470688
0.06470688
0.06470688
0.06470688
0.06470688
0.06470688
0.06470688
0.06470688
0.06470688
0.06470688
0.06470688
0.06470688
0.06470688
0.06470688
0.06470688
0.06470688
0.06470688
0.06470688
0.06470688
0.06470688
0.06470688
0.06470688
0.06470688
0.06470688
0.06470688
0.06412322
0.05836801
0.05373671
0.05273862
0.05261144
0.05261144
0.05261144
0.05261144
0.05261144
0.05261144
0.05261144
0.05261144
0.05261144
0.05261144
0.05261144
0.05261144
0.05261144
0.05261144
0.05261144
0.05261144
0.05261144
0.05261144
0.05261144
0.05261144
0.05261144
0.05261144
0.05261144
0.05261144
0.05261144
0.05261144
0.05261144
0.05261144
0.05261144
0.05261144
0.05261144
0.05261144
0.05261144
0.05261144
0.05261144
0.05261144
0.04675311
0.04715656
0.04715656
0.04480642
0.04761850
0.04761850
0.04761850
0.04761850
0.04761850
0.04761850
0.04761850
0.04761850
0.04761850
0.04761850
0.04761850
0.04761850
0.04761850
0.04761850
0.04761850
0.04761850
0.04761850
0.04761850
0.04761850
0.04761850
0.04761850
0.04761850
0.04761850
0.04761850
0.04761850
0.04761850
0.04761850
0.04761850
0.04761850
0.04761850
0.04761850
0.04761850
0.04761850
0.04761850
0.04761850
0.04761850
0.04446981
0.04446981
0.04446981
0.04490165
0.04536499
0.04536499
0.04536499
0.04536499
0.04536499
0.04536499
0.04536499
0.04536499
0.04536499
0.04536499
0.04536499
0.04536499
0.04536499
0.04536499
0.04536499
0.04536499
0.04536499
0.04536499
0.04536499
0.04536499
0.04536499
0.04536499
0.04536499
0.04536499
0.04536499
0.04536499
0.04536499
0.04536499
0.04536499
0.04536499
0.04536499
0.04536499
0.04536499
0.04536499
0.04536499
0.04536499
0.04940542
0.05368735
0.05368735
0.06154221
0.05813048
0.05813048
0.05813048
0.05813048
0.05813048
0.05813048
0.05813048
0.05813048
0.05813048
0.05813048
0.05813048
0.05813048
0.05813048
0.05813048
0.05813048
0.05813048
0.05813048
0.05813048
0.05813048
0.05813048
0.05813048
0.05813048
0.05813048
0.05813048
0.05813048
0.05813048
0.05813048
0.05813048
0.05813048
0.05813048
0.05813048
0.05813048
0.05813048
0.05813048
0.05813048
0.05813048
0.07163340
0.07163340
0.07163340
0.07389624
0.08115663
0.08115663
0.08115663
0.08115663
0.08115663
0.08115663
0.08115663
0.08115663
0.08115663
0.08115663
0.08115663
0.08115663
0.08115663
0.08115663
0.08115663
0.08115663
0.08115663
0.08115663
0.08115663
0.08115663
0.08115663
0.08115663
0.08115663
0.08115663
0.08115663
0.08115663
0.08115663
0.08115663
0.08115663
0.08115663
0.08115663
0.08115663
0.08115663
0.08115663
0.08115663
0.08115663
0.05033354
0.05490259
0.05599441
0.05599441
0.05610923
0.05610923
0.05610923
0.05610923
0.05610923
0.05610923
0.05610923
0.05610923
0.05610923
0.05610923
0.05610923
0.05610923
0.05610923
0.05610923
0.05610923
0.05610923
0.05610923
0.05610923
0.05610923
0.05610923
0.05610923
0.05610923
0.05610923
0.05610923
0.05610923
0.05610923
0.05610923
0.05610923
0.05610923
0.05610923
0.05610923
0.05610923
0.05610923
0.05610923
0.05610923
0.05610923
0.04403139
0.04403139
0.04120072
0.04120072
0.04323619
0.04323619
0.04323619
0.04323619
0.04323619
0.04323619
0.04323619
0.04323619
0.04323619
0.04323619
0.04323619
0.04323619
0.04323619
0.04323619
0.04323619
0.04323619
0.04323619
0.04323619
0.04323619
0.04323619
0.04323619
0.04323619
0.04323619
0.04323619
0.04323619
0.04323619
0.04323619
0.04323619
0.04323619
0.04323619
0.04323619
0.04323619
0.04323619
0.04323619
0.04323619
0.04323619
0.06355206
0.06156254
0.06156254
0.06156254
0.06156254
0.06156254
0.06156254
0.06156254
0.06156254
0.06156254
0.06156254
0.06156254
0.06156254
0.06156254
0.06156254
0.06156254
0.06156254
0.06156254
0.06156254
0.06156254
0.06156254
0.06156254
0.06156254
0.06156254
0.06156254
0.06156254
0.06156254
0.06156254
0.06156254
0.06156254
0.06156254
0.06156254
0.06156254
0.06156254
0.06156254
0.06156254
0.06156254
0.06156254
0.06156254
0.06156254
0.06592041
0.06592041
0.06592041
0.06592041
0.06321612
0.06321612
0.06321612
0.06321612
0.06321612
0.06321612
0.06321612
0.06321612
0.06321612
0.06321612
0.06321612
0.06321612
0.06321612
0.06321612
0.06321612
0.06321612
0.06321612
0.06321612
0.06321612
0.06321612
0.06321612
0.06321612
0.06321612
0.06321612
0.06321612
0.06321612
0.06321612
0.06321612
0.06321612
0.06321612
0.06321612
0.06321612
0.06321612
0.06321612
0.06321612
0.06321612
0.06831605
0.06989814
0.06989814
0.06708305
0.06953114
0.06953114
0.06953114
0.06953114
0.06953114
0.06953114
0.06953114
0.06953114
0.06953114
