0.00000000
0.39902500
0.39902500
0.40047780
0.40036243
0.40036243
0.40036243
0.43565737
0.43479177
0.43479177
0.43389417
0.43389417
0.43389417
0.39735052
0.39591985
0.39591985
0.40176510
0.40176510
0.40176510
0.40176510
0.40176510
0.43675080
0.47858068
0.47895255
0.47895255
0.47984095
0.47614587
0.33476695
0.33476695
0.33476695
0.33476695
0.33372130
0.47214438
0.47214438
0.47090871
0.47090871
0.47090871
0.47226661
0.47226661
0.46949739
0.46602563
0.46602563
0.46945166
0.46802517
0.46809819
0.46809819
0.47124539
0.47124539
0.47124539
0.47124539
0.47187609
0.47281311
0.47281311
0.47281311
0.47281311
0.47349805
0.46945600
0.46121341
0.46121341
0.46121341
0.46121341
0.46121341
0.46026157
0.46026157
0.46026157
0.46026157
0.46026157
0.46315212
0.46377185
0.46377185
0.46377185
0.46377185
0.46377185
0.46377185
0.46377185
0.46377185
0.46377185
0.46587334
0.46587334
0.46587334
0.46587334
0.46587334
0.46695252
0.46411092
0.46605096
0.46979287
0.46979287
0.46979287
0.46979287
0.46986897
0.47116638
0.47116638
0.47116638
0.47273120
0.47430307
0.47430307
0.48063120
0.47858727
0.47858727
0.44275071
0.44275071
0.43861344
0.43718849
0.43718849
0.43718849
0.43718849
0.43998144
0.44056956
0.43808461
0.43808461
0.40364693
0.40364693
0.40251488
0.40251488
0.40251488
0.40251488
0.40207863
0.40081649
0.39953174
0.39953174
0.39953097
0.39953097
0.40525821
0.40525821
0.40285310
0.40476722
0.40476722
0.40476722
0.40025625
0.40025625
0.33703536
0.33703536
0.34225770
0.34225770
0.34225770
0.34225770
0.34225770
0.34225770
0.34504954
0.34504954
0.34567513
0.35216934
0.34913025
0.34913025
0.34913025
0.34913025
0.34565370
0.34853408
0.34853408
0.34853408
0.34853408
0.35464599
0.35521299
0.35521299
0.35521299
0.35918907
0.36043914
0.36043914
0.36043914
0.36043914
0.24809195
0.24435297
0.24435297
0.24420808
0.24414019
0.18594530
0.18594530
0.18157028
0.18157028
0.17973782
0.17973782
0.17973782
0.17973782
0.17973782
0.18204401
0.17595201
0.17181723
0.16335479
0.16710089
0.16977887
0.16977887
0.16888550
0.16888550
0.16326873
0.16326873
0.16256637
0.16256637
0.16256637
0.16484911
0.16350627
0.16350627
0.16350627
0.16276260
0.16805800
0.16805800
0.16805800
0.16548422
0.17040965
0.17040965
0.16437885
0.16437885
0.16780229
0.16780229
0.16780229
0.15920769
0.15828667
0.16036138
0.15836224
0.15836224
0.13535958
0.13535958
0.13535958
0.13535958
0.13535958
0.13535958
0.13452213
0.13461874
0.13461874
0.12891416
0.13458577
0.13458577
0.13458577
0.13458577
0.13583056
0.13578610
0.13578610
0.13578610
0.13505064
0.13505064
0.13505064
0.13505064
0.13190429
0.12622046
0.12622046
0.12839858
0.12433405
0.12320775
0.12289503
0.12289503
0.12289503
0.12098054
0.12098054
0.12098054
0.12098054
0.11955244
0.12403519
0.13104900
0.13044314
0.13044314
0.12654140
0.12654140
0.11806546
0.11806546
0.11938088
0.11938088
0.11938088
0.11938088
0.11938088
0.10531957
0.10531957
0.10531957
0.10531957
0.10531957
0.10531957
0.10497052
0.10497052
0.10497052
0.10497052
0.10017592
0.10017592
0.10225729
0.10225729
0.10225729
0.09869210
0.09342539
0.09342539
0.09433291
0.09575877
0.09575877
0.09575877
0.09892129
0.09892129
0.09892129
0.09892129
0.10143918
0.09755298
0.07507269
0.07507269
0.07317274
0.07317274
0.07317274
0.06944005
0.06944005
0.06944005
0.06944005
0.06944005
0.06948941
0.06572743
0.06572743
0.06572743
0.06572743
0.06767489
0.06589584
0.06783339
0.06590342
0.06590342
0.06368371
0.06112322
0.05998279
0.06581465
0.06745403
0.06745403
0.06973955
0.06667611
0.06324755
0.06412324
0.06684526
0.06308922
0.06308922
0.06308922
0.06308922
0.06366491
0.06366491
0.06366491
0.06366491
0.06366491
0.06603285
0.06603285
0.06910377
0.07190772
0.07190772
0.07734743
0.07734743
0.07665187
0.07572573
0.07572573
0.08082596
0.08082596
0.07799479
0.07799479
0.07799479
0.07791781
0.07607322
0.07562940
0.07562940
0.07562940
0.07562940
0.05629941
0.05629941
0.05602065
0.05602065
0.05602065
0.05602065
0.05687699
0.05687699
0.05687699
0.05975693
0.06131102
0.06457991
0.06457991
0.06516140
0.06516140
0.06333141
0.06333141
0.06333141
0.07109220
0.07289047
0.07304731
0.07304731
0.07305682
0.07445230
0.07445230
0.07445230
0.07445230
0.07798452
0.07798452
0.07798452
0.07798452
0.07318548
0.07318548
0.08100272
0.08100272
0.08093317
0.08093317
0.08443307
0.08890033
0.08526927
0.08526927
0.08526927
0.08526927
0.08968664
0.08968664
0.08968664
0.08968664
0.08968664
0.08968664
0.08968664
0.08350616
0.08350616
0.08300042
0.09221285
0.08983985
0.08983985
0.09108654
0.09108654
0.09108654
0.09108654
0.09108654
0.09108654
0.08133203
0.08133203
0.08133203
0.08133203
0.08133203
0.08054990
0.08501263
0.08501263
0.08501263
0.08501263
0.08501263
0.08501263
0.08501263
0.08528184
0.08756951
0.08756951
0.08033429
0.08033429
0.08216634
0.08936221
0.09572982
0.09572982
0.09572982
0.09572982
0.09523840
0.09523840
0.09523840
0.09469002
0.09469002
0.09381872
0.09381872
0.09177997
0.09377003
0.09377003
0.09088125
0.09088125
0.09304430
0.09461518
0.09836415
0.09961719
0.09961719
0.09961719
0.09831799
0.09831799
0.10254461
0.10254461
0.10254461
0.05258923
0.05089006
0.05223091
0.05644568
0.05837689
0.04937919
0.05369365
0.06374441
0.07062599
0.07062599
0.07062599
0.07301888
0.07301888
0.07301888
0.07604240
0.07604240
0.06939012
0.06939012
0.07007338
0.07397852
0.07036252
0.07036252
0.07036252
0.07036252
0.06658206
0.06280787
0.06615102
0.06763292
0.06763292
0.06763292
0.07125140
0.07872095
0.07439604
0.04815327
0.04815327
0.04637752
0.04513128
0.04595346
0.04595346
0.04798958
0.04798958
0.04871808
0.04871808
0.04944625
0.04944625
0.05131459
0.05411326
0.05411326
0.05411326
0.05512333
0.05512333
0.05522792
0.05181172
0.04934236
0.04934236
0.04930671
0.04930671
0.04930671
0.04962916
0.04962916
0.04884741
0.05158669
0.05158669
0.05158669
0.05158669
0.04923006
0.05034406
0.05034406
0.04723032
0.04878299
0.04565915
0.04683391
0.04846195
0.04846195
0.04956596
0.04752606
0.04752606
0.04752606
0.04416897
0.04586240
0.05015763
0.05015763
0.05549477
0.06407973
0.06343139
0.07025966
0.07393504
0.07393504
0.07393504
0.07619968
0.07619968
0.07619968
0.06944048
0.06944048
0.06944048
0.07192341
0.07192341
0.07192341
0.07192341
0.07536482
0.07417312
0.07275885
0.04543657
0.04543657
0.04543657
0.04543657
0.04767515
0.04767515
0.04767515
0.04850086
0.04850086
0.05176238
0.05697165
0.05874236
0.05874236
0.06578660
0.06578660
0.06578660
0.06578660
0.06578660
0.06856181
0.06856181
0.08151565
0.08151565
0.08151565
0.08151565
0.08151565
0.08151565
0.07977484
0.07711859
0.07711859
0.07127982
0.06967246
0.06967246
0.07616025
0.07616025
0.07617112
0.08049145
0.08392385
0.07510921
0.07176171
0.07176171
0.07176171
0.07484817
0.07767689
0.08182169
0.08182169
0.08182169
0.08182169
0.08182169
0.08182169
0.08182169
0.08182169
0.08182169
0.08182169
0.08182169
0.08182169
0.08182169
0.08182169
0.08182169
0.08182169
0.08182169
0.08182169
0.08182169
0.08182169
0.08182169
0.04982421
0.05660509
0.05660509
0.05884630
0.05884630
0.05884630
0.05884630
0.05884630
0.05884630
0.05884630
0.05884630
0.05884630
0.05884630
0.05884630
0.05884630
0.05884630
0.05884630
0.05884630
0.05884630
0.05884630
0.05884630
0.05884630
0.05884630
0.05884630
0.05884630
0.05884630
0.05884630
0.05884630
0.05884630
0.05884630
0.05884630
0.05884630
0.05884630
0.05884630
0.05884630
0.05884630
0.05884630
0.05884630
0.05884630
0.05884630
0.05838366
0.05698601
0.06195358
0.06195358
0.06195358
0.06195358
0.06195358
0.06195358
0.06195358
0.06195358
0.06195358
0.06195358
0.06195358
0.06195358
0.06195358
0.06195358
0.06195358
0.06195358
0.06195358
0.06195358
0.06195358
0.06195358
0.06195358
0.06195358
0.06195358
0.06195358
0.06195358
0.06195358
0.06195358
0.06195358
0.06195358
0.06195358
0.06195358
0.06195358
0.06195358
0.06195358
0.06195358
0.06195358
0.06195358
0.06195358
0.04501264
0.04501264
0.04407564
0.04407564
0.04407564
0.04407564
0.04407564
0.04407564
0.04407564
0.04407564
0.04407564
0.04407564
0.04407564
0.04407564
0.04407564
0.04407564
0.04407564
0.04407564
0.04407564
0.04407564
0.04407564
0.04407564
0.04407564
0.04407564
0.04407564
0.04407564
0.04407564
0.04407564
0.04407564
0.04407564
0.04407564
0.04407564
0.04407564
0.04407564
0.04407564
0.04407564
0.04407564
0.04407564
0.04407564
0.04407564
0.05201485
0.05331402
0.05275626
0.05511282
0.05511282
0.05511282
0.05511282
0.05511282
0.05511282
0.05511282
0.05511282
0.05511282
0.05511282
0.05511282
0.05511282
0.05511282
0.05511282
0.05511282
0.05511282
0.05511282
0.05511282
0.05511282
0.05511282
0.05511282
0.05511282
0.05511282
0.05511282
0.05511282
0.05511282
0.05511282
0.05511282
0.05511282
0.05511282
0.05511282
0.05511282
0.05511282
0.05511282
0.05511282
0.05511282
0.05511282
0.06562999
0.06979106
0.06979106
0.06979106
0.06979106
0.06979106
0.06979106
0.06979106
0.06979106
0.06979106
0.06979106
0.06979106
0.06979106
0.06979106
0.06979106
0.06979106
0.06979106
0.06979106
0.06979106
0.06979106
0.06979106
0.06979106
0.06979106
0.06979106
0.06979106
0.06979106
0.06979106
0.06979106
0.06979106
0.06979106
0.06979106
0.06979106
0.06979106
0.06979106
0.06979106
0.06979106
0.06979106
0.06979106
0.06979106
0.06979106
0.04053360
0.04026225
0.04026225
0.04026225
0.04217307
0.04217307
0.04217307
0.04217307
0.04217307
0.04217307
0.04217307
0.04217307
0.04217307
0.04217307
0.04217307
0.04217307
0.04217307
0.04217307
0.04217307
0.04217307
0.04217307
0.04217307
0.04217307
0.04217307
0.04217307
0.04217307
0.04217307
0.04217307
0.04217307
0.04217307
0.04217307
0.04217307
0.04217307
0.04217307
0.04217307
0.04217307
0.04217307
0.04217307
0.04217307
0.04217307
0.04560303
0.04076097
0.04180187
0.04152219
0.04152219
0.04152219
0.04152219
0.04152219
0.04152219
0.04152219
0.04152219
0.04152219
0.04152219
0.04152219
0.04152219
0.04152219
0.04152219
0.04152219
0.04152219
0.04152219
0.04152219
0.04152219
0.04152219
0.04152219
0.04152219
0.04152219
0.04152219
0.04152219
0.04152219
0.04152219
0.04152219
0.04152219
0.04152219
0.04152219
0.04152219
0.04152219
0.04152219
0.04152219
0.04152219
0.04152219
0.05886340
0.05886340
0.05886340
0.05886340
0.05682984
0.05682984
0.05682984
0.05682984
0.05682984
0.05682984
0.05682984
0.05682984
0.05682984
0.05682984
0.05682984
0.05682984
0.05682984
0.05682984
0.05682984
0.05682984
0.05682984
0.05682984
0.05682984
0.05682984
0.05682984
0.05682984
0.05682984
0.05682984
0.05682984
0.05682984
0.05682984
0.05682984
0.05682984
0.05682984
0.05682984
0.05682984
0.05682984
0.05682984
0.05682984
0.05682984
0.06043226
0.05990785
0.05990785
0.06251802
0.06514175
0.06514175
0.06514175
0.06514175
0.06514175
0.06514175
0.06514175
0.06514175
0.06514175
0.06514175
0.06514175
0.06514175
0.06514175
0.06514175
0.06514175
0.06514175
0.06514175
0.06514175
0.06514175
0.06514175
0.06514175
0.06514175
0.06514175
0.06514175
0.06514175
0.06514175
0.06514175
0.06514175
0.06514175
0.06514175
0.06514175
0.06514175
0.06514175
0.06514175
0.06514175
0.06514175
0.06232277
0.06172892
0.06027814
0.06027814
0.06027814
0.06027814
0.06027814
0.06027814
0.06027814
0.06027814
0.06027814
0.06027814
0.06027814
0.06027814
0.06027814
0.06027814
0.06027814
0.06027814
