0.00000000
0.39180221
0.39180221
0.39379239
0.39400575
0.39400575
0.39400575
0.47519443
0.47288283
0.47288283
0.47279044
0.47279044
0.34011736
0.33905998
0.33764547
0.33764547
0.34189068
0.34189068
0.34189068
0.34189068
0.34189068
0.34189068
0.34189068
0.34189068
0.34189068
0.34189068
0.34189068
0.39662081
0.39662081
0.39662081
0.39662081
0.39751618
0.39751618
0.39751618
0.39751618
0.39751618
0.39751618
0.39751618
0.39751618
0.39751618
0.39751618
0.39751618
0.39751618
0.39751618
0.39751618
0.39751618
0.39751618
0.37193399
0.37193399
0.37193399
0.37318135
0.37355341
0.37355341
0.37355341
0.37355341
0.37596086
0.37321495
0.36548521
0.36548521
0.36548521
0.36548521
0.36548521
0.36395585
0.36395585
0.36395585
0.36395585
0.36395585
0.36531065
0.36860656
0.36860656
0.36860656
0.36860656
0.36860656
0.36860656
0.36860656
0.36860656
0.36860656
0.37249610
0.37249610
0.37249610
0.37249610
0.37249610
0.37340942
0.36685910
0.36809615
0.36932144
0.36932144
0.36932144
0.36932144
0.36894524
0.37003275
0.37003275
0.37003275
0.37322347
0.37469470
0.37469470
0.38379195
0.37975563
0.37975563
0.31329418
0.31329418
0.30722069
0.30567443
0.30567443
0.30567443
0.30567443
0.30933833
0.30552682
0.30563136
0.30563136
0.24913750
0.24913750
0.24611062
0.24611062
0.24611062
0.24611062
0.24645853
0.24779177
0.24205378
0.24205378
0.24145306
0.24145306
0.24255482
0.24255482
0.24145146
0.24021220
0.24021220
0.24021220
0.23688830
0.23688830
0.19177093
0.19177093
0.19533805
0.19533805
0.19533805
0.19533805
0.19533805
0.19533805
0.19526591
0.19526591
0.19964316
0.20352008
0.20059360
0.20059360
0.20059360
0.20059360
0.19642240
0.19283638
0.19283638
0.19283638
0.19283638
0.20042917
0.19748795
0.19748795
0.19748795
0.20139466
0.20499706
0.20499706
0.20499706
0.20499706
0.12718423
0.12427508
0.12427508
0.12393452
0.12617841
0.09534544
0.09534544
0.09070408
0.09070408
0.09738336
0.09738336
0.09738336
0.09738336
0.09738336
0.09734825
0.09411213
0.08826522
0.08116710
0.08546806
0.08883536
0.08883536
0.09319425
0.09319425
0.09536827
0.09536827
0.09423591
0.09423591
0.09423591
0.09645053
0.09569347
0.09569347
0.09569347
0.09256349
0.10231433
0.10231433
0.10231433
0.10286121
0.10847951
0.10847951
0.10496927
0.10496927
0.11069081
0.11069081
0.11069081
0.10590194
0.10683445
0.10925787
0.10560410
0.10560410
0.06170239
0.06170239
0.06170239
0.06170239
0.06170239
0.06170239
0.06421641
0.06397066
0.06397066
0.06531806
0.06741766
0.06741766
0.06741766
0.06741766
0.06536076
0.06194911
0.06194911
0.06194911
0.05617029
0.05617029
0.05617029
0.05617029
0.05533943
0.05428593
0.05428593
0.05600915
0.05484333
0.05531861
0.05058760
0.05058760
0.05058760
0.05063566
0.05063566
0.05063566
0.05063566
0.05309480
0.05358572
0.05927456
0.06041849
0.06041849
0.06177318
0.06177318
0.06087964
0.06087964
0.06127914
0.06127914
0.06127914
0.06127914
0.06127914
0.07477074
0.07477074
0.07477074
0.07477074
0.07477074
0.07477074
0.07496109
0.07496109
0.07496109
0.07496109
0.06988988
0.06988988
0.06919088
0.06919088
0.06919088
0.06668635
0.06316654
0.06316654
0.06611210
0.06501039
0.06501039
0.06501039
0.06761241
0.06761241
0.06761241
0.06761241
0.06537659
0.06324288
0.06462961
0.06462961
0.06412688
0.06412688
0.06412688
0.06402687
0.06402687
0.06402687
0.06402687
0.06402687
0.06668048
0.06814386
0.06814386
0.06814386
0.06814386
0.06257899
0.05992289
0.06258954
0.06510974
0.06510974
0.06097292
0.06590728
0.06194988
0.06870030
0.07605348
0.07605348
0.07749076
0.07273813
0.06590812
0.06852669
0.06977750
0.06522378
0.06522378
0.06522378
0.06522378
0.06483466
0.06483466
0.06483466
0.06483466
0.06483466
0.06438464
0.06438464
0.06668051
0.06513225
0.06513225
0.06519005
0.06519005
0.06614083
0.06365335
0.06365335
0.07048716
0.07048716
0.07066833
0.07066833
0.07066833
0.07152458
0.07178206
0.07187887
0.07187887
0.07187887
0.07187887
0.05466194
0.05466194
0.05774640
0.05774640
0.05774640
0.05774640
0.05635735
0.05635735
0.05635735
0.06234289
0.05887905
0.05553971
0.05553971
0.05527491
0.05527491
0.05610076
0.05610076
0.05610076
0.05613482
0.05909902
0.06044752
0.06044752
0.05880293
0.06305189
0.06305189
0.06305189
0.06305189
0.06660048
0.06660048
0.06660048
0.06660048
0.06711847
0.06711847
0.07131730
0.07131730
0.07116190
0.07116190
0.07456005
0.07541484
0.07360729
0.07360729
0.07360729
0.07360729
0.07629863
0.07629863
0.07629863
0.07629863
0.07629863
0.07629863
0.07629863
0.07601966
0.07601966
0.07787427
0.08484835
0.08407527
0.08407527
0.08760388
0.08760388
0.08760388
0.08760388
0.08760388
0.08760388
0.08462305
0.08462305
0.08462305
0.08462305
0.08462305
0.08721683
0.09026521
0.09026521
0.09026521
0.09026521
0.09026521
0.09026521
0.09026521
0.08782042
0.08849424
0.08849424
0.08624325
0.08624325
0.08592508
0.08774985
0.09563639
0.09563639
0.09563639
0.09563639
0.09404395
0.09404395
0.09404395
0.09582050
0.09582050
0.10115392
0.10115392
0.10080795
0.10299191
0.10299191
0.10512568
0.10512568
0.10918565
0.10776256
0.11328448
0.11145952
0.11145952
0.11145952
0.11235927
0.11235927
0.11146253
0.11146253
0.11146253
0.05627377
0.05882496
0.05518886
0.05906773
0.06064986
0.04758580
0.04763329
0.05363121
0.05624109
0.05624109
0.05624109
0.05618653
0.05618653
0.05618653
0.05898188
0.05898188
0.05538288
0.05538288
0.06100246
0.06292043
0.06265764
0.06265764
0.06265764
0.06265764
0.05830464
0.05695599
0.05615804
0.05750782
0.05750782
0.05750782
0.05962741
0.06322213
0.06320522
0.04791356
0.04791356
0.04800043
0.04664614
0.04591415
0.04591415
0.04715424
0.04715424
0.04710389
0.04710389
0.04939251
0.04939251
0.04795979
0.04981850
0.04981850
0.04981850
0.05071668
0.05071668
0.05058238
0.04496290
0.04380654
0.04380654
0.04457589
0.04457589
0.04457589
0.04610558
0.04610558
0.04635980
0.04985642
0.04985642
0.04985642
0.04985642
0.04956946
0.04825671
0.04825671
0.04959715
0.04695677
0.04504320
0.04818899
0.04920286
0.04920286
0.05301632
0.05582598
0.05582598
0.05582598
0.05487430
0.04183758
0.04428994
0.04428994
0.04759916
0.05278389
0.05166304
0.05676677
0.06048130
0.06048130
0.06048130
0.06162015
0.06162015
0.06162015
0.05938531
0.05938531
0.05938531
0.05772831
0.05772831
0.05772831
0.05772831
0.05793698
0.05399510
0.04992520
0.04567020
0.04567020
0.04567020
0.04567020
0.04748990
0.04748990
0.04748990
0.04882049
0.04882049
0.04789239
0.05094216
0.05368067
0.05368067
0.05959701
0.05959701
0.05959701
0.05959701
0.05959701
0.06482887
0.06482887
0.07305561
0.07305561
0.07305561
0.07305561
0.07305561
0.07305561
0.07658473
0.07420420
0.07420420
0.06856691
0.07058095
0.07058095
0.07388592
0.07388592
0.07013171
0.07394001
0.07738465
0.07369791
0.07058125
0.07058125
0.07058125
0.07534723
0.07452530
0.07894465
0.07894465
0.07894465
0.07894465
0.07894465
0.07894465
0.06955526
0.07075615
0.05016822
0.05006050
0.05006050
0.05006050
0.05006050
0.05006050
0.05006050
0.05006050
0.05006050
0.05006050
0.05006050
0.05006050
0.05006050
0.05006050
0.05006050
0.05006050
0.05006050
0.05006050
0.05006050
0.05006050
0.05006050
0.05006050
0.05006050
0.05006050
0.05006050
0.05006050
0.05006050
0.05006050
0.05006050
0.05006050
0.05006050
0.05006050
0.05006050
0.05006050
0.05006050
0.05006050
0.05006050
0.05006050
0.06406283
0.06139311
0.06139311
0.06305791
0.06305791
0.06305791
0.06305791
0.06305791
0.06305791
0.06305791
0.06305791
0.06305791
0.06305791
0.06305791
0.06305791
0.06305791
0.06305791
0.06305791
0.06305791
0.06305791
0.06305791
0.06305791
0.06305791
0.06305791
0.06305791
0.06305791
0.06305791
0.06305791
0.06305791
0.06305791
0.06305791
0.06305791
0.06305791
0.06305791
0.06305791
0.06305791
0.06305791
0.06305791
0.06305791
0.06305791
0.04897891
0.05038470
0.05126638
0.05716145
0.05877501
0.05877501
0.05877501
0.05877501
0.05877501
0.05877501
0.05877501
0.05877501
0.05877501
0.05877501
0.05877501
0.05877501
0.05877501
0.05877501
0.05877501
0.05877501
0.05877501
0.05877501
0.05877501
0.05877501
0.05877501
0.05877501
0.05877501
0.05877501
0.05877501
0.05877501
0.05877501
0.05877501
0.05877501
0.05877501
0.05877501
0.05877501
0.05877501
0.05877501
0.05877501
0.05877501
0.04047294
0.04047294
0.03930968
0.04153595
0.04234092
0.04234092
0.04234092
0.04234092
0.04234092
0.04234092
0.04234092
0.04234092
0.04234092
0.04234092
0.04234092
0.04234092
0.04234092
0.04234092
0.04234092
0.04234092
0.04234092
0.04234092
0.04234092
0.04234092
0.04234092
0.04234092
0.04234092
0.04234092
0.04234092
0.04234092
0.04234092
0.04234092
0.04234092
0.04234092
0.04234092
0.04234092
0.04234092
0.04234092
0.04234092
0.04234092
0.04611375
0.04611375
0.04961433
0.04961433
0.04980873
0.04980873
0.04980873
0.04980873
0.04980873
0.04980873
0.04980873
0.04980873
0.04980873
0.04980873
0.04980873
0.04980873
0.04980873
0.04980873
0.04980873
0.04980873
0.04980873
0.04980873
0.04980873
0.04980873
0.04980873
0.04980873
0.04980873
0.04980873
0.04980873
0.04980873
0.04980873
0.04980873
0.04980873
0.04980873
0.04980873
0.04980873
0.04980873
0.04980873
0.04980873
0.04980873
0.04173015
0.04173015
0.04163291
0.04163291
0.04167089
0.04167089
0.04167089
0.04167089
0.04167089
0.04167089
0.04167089
0.04167089
0.04167089
0.04167089
0.04167089
0.04167089
0.04167089
0.04167089
0.04167089
0.04167089
0.04167089
0.04167089
0.04167089
0.04167089
0.04167089
0.04167089
0.04167089
0.04167089
0.04167089
0.04167089
0.04167089
0.04167089
0.04167089
0.04167089
0.04167089
0.04167089
0.04167089
0.04167089
0.04167089
0.04167089
0.04926952
0.05415783
0.04038290
0.04038290
0.04148364
0.04148364
0.04148364
0.04148364
0.04148364
0.04148364
0.04148364
0.04148364
0.04148364
0.04148364
0.04148364
0.04148364
0.04148364
0.04148364
0.04148364
0.04148364
0.04148364
0.04148364
0.04148364
0.04148364
0.04148364
0.04148364
0.04148364
0.04148364
0.04148364
0.04148364
0.04148364
0.04148364
0.04148364
0.04148364
0.04148364
0.04148364
0.04148364
0.04148364
0.04148364
0.04148364
0.04073070
0.04073070
0.04356279
0.04590575
0.04590575
0.04590575
0.04590575
0.04590575
0.04590575
0.04590575
0.04590575
0.04590575
0.04590575
0.04590575
0.04590575
0.04590575
0.04590575
0.04590575
0.04590575
0.04590575
0.04590575
0.04590575
0.04590575
0.04590575
0.04590575
0.04590575
0.04590575
0.04590575
0.04590575
0.04590575
0.04590575
0.04590575
0.04590575
0.04590575
0.04590575
0.04590575
0.04590575
0.04590575
0.04590575
0.04590575
0.04675248
0.04675248
0.04675248
0.04865971
0.04777443
0.04777443
0.04777443
0.04777443
0.04777443
0.04777443
0.04777443
0.04777443
0.04777443
0.04777443
0.04777443
0.04777443
0.04777443
0.04777443
0.04777443
0.04777443
0.04777443
0.04777443
0.04777443
0.04777443
0.04777443
0.04777443
0.04777443
0.04777443
0.04777443
0.04777443
0.04777443
0.04777443
0.04777443
0.04777443
0.04777443
0.04777443
0.04777443
0.04777443
0.04777443
0.04777443
0.06493601
0.06493601
0.06493601
0.06526255
0.06526255
0.06526255
0.06526255
0.06526255
0.06526255
0.06526255
0.06526255
0.06526255
0.06526255
0.06526255
0.06526255
0.06526255
0.06526255
0.06526255
0.06526255
0.06526255
0.06526255
0.06526255
0.06526255
0.06526255
0.06526255
0.06526255
0.06526255
0.06526255
0.06526255
0.06526255
0.06526255
0.06526255
0.06526255
