0.00000000
0.34861545
0.34861545
0.34846853
0.34974179
0.34974179
0.34974179
0.34974179
0.34974179
0.34974179
0.34974179
0.34974179
0.47549892
0.47497960
0.47465734
0.47465734
0.47955531
0.34075360
0.34083505
0.34083505
0.34083505
0.33652896
0.33652896
0.33652896
0.33652896
0.33652896
0.33652896
0.33652896
0.33652896
0.33652896
0.33652896
0.33652896
0.39837586
0.39837586
0.39924490
0.39924490
0.39924490
0.43599576
0.43599576
0.43286980
0.43019817
0.43019817
0.43424855
0.43152477
0.43065278
0.43065278
0.43170755
0.43170755
0.43170755
0.43170755
0.43357975
0.43488342
0.43488342
0.43488342
0.43488342
0.43648331
0.43373120
0.42489229
0.42489229
0.42489229
0.42489229
0.42489229
0.42356207
0.42356207
0.42356207
0.42356207
0.42356207
0.42476677
0.42532349
0.42532349
0.42532349
0.42532349
0.42532349
0.42532349
0.42532349
0.42532349
0.42532349
0.43189715
0.43189715
0.43189715
0.43189715
0.43189715
0.43309979
0.43235971
0.43350270
0.43626149
0.43626149
0.43626149
0.43626149
0.43566418
0.43709068
0.43709068
0.43709068
0.43868510
0.43965532
0.43965532
0.44636489
0.44288320
0.44288320
0.41374730
0.41374730
0.41060031
0.39650672
0.39650672
0.39650672
0.39650672
0.39567931
0.39539173
0.39533019
0.39533019
0.39533019
0.39533019
0.39693827
0.39693827
0.39693827
0.39693827
0.39884982
0.39947450
0.40036750
0.40036750
0.39899962
0.39899962
0.39999657
0.39999657
0.39583045
0.39734027
0.39734027
0.39734027
0.39841730
0.39841730
0.39841730
0.39841730
0.39933627
0.39933627
0.39933627
0.39933627
0.39933627
0.39933627
0.39875804
0.39875804
0.39854169
0.39713451
0.39919405
0.39919405
0.39919405
0.39919405
0.39943584
0.40015549
0.40015549
0.40015549
0.40015549
0.40117731
0.39865001
0.39865001
0.39865001
0.39785768
0.40061186
0.40061186
0.40061186
0.40061186
0.47286743
0.46996928
0.46996928
0.47196133
0.47238938
0.47238938
0.47238938
0.47224956
0.47224956
0.47239793
0.47239793
0.47239793
0.47239793
0.47239793
0.47286748
0.47009083
0.46841039
0.46531007
0.46544814
0.46608953
0.46608953
0.46750758
0.46750758
0.46712986
0.46712986
0.46802284
0.46802284
0.46802284
0.47237615
0.47436300
0.47436300
0.47436300
0.47289481
0.47406665
0.47406665
0.47406665
0.47159349
0.47231834
0.47231834
0.47014589
0.47014589
0.46974578
0.46974578
0.46974578
0.46744247
0.46812527
0.46771734
0.46913896
0.46913896
0.42371400
0.42371400
0.42371400
0.42371400
0.42371400
0.42371400
0.42141420
0.41924538
0.41924538
0.41845237
0.41830651
0.41830651
0.41830651
0.41830651
0.41903466
0.41884365
0.41884365
0.41884365
0.41641746
0.41641746
0.41641746
0.41641746
0.41312389
0.40997542
0.40997542
0.41458674
0.40952023
0.40346032
0.39971929
0.39971929
0.39971929
0.39817359
0.39817359
0.39817359
0.39817359
0.39876491
0.40194462
0.40031149
0.40010627
0.40010627
0.40051035
0.40051035
0.39552058
0.39552058
0.39593280
0.39593280
0.39593280
0.39593280
0.39593280
0.35523005
0.35523005
0.35523005
0.35523005
0.35523005
0.35523005
0.35257665
0.35257665
0.35257665
0.35257665
0.35417567
0.35417567
0.35380297
0.35380297
0.35380297
0.35225102
0.34617714
0.34617714
0.34837362
0.34676086
0.34676086
0.34676086
0.34491733
0.34491733
0.34491733
0.34491733
0.34414915
0.34430200
0.25775080
0.25775080
0.26093053
0.26093053
0.26093053
0.25831239
0.25831239
0.25831239
0.25831239
0.25831239
0.26210232
0.25862391
0.25862391
0.25862391
0.25862391
0.25419508
0.24975607
0.25312595
0.25183452
0.25183452
0.25054059
0.17653371
0.17236302
0.18025117
0.18795441
0.18795441
0.18420244
0.17471546
0.17207399
0.17409209
0.17433193
0.17092721
0.17092721
0.17092721
0.17092721
0.16856719
0.16856719
0.16856719
0.16856719
0.16856719
0.17058900
0.17058900
0.17743542
0.17782276
0.17782276
0.18015144
0.18015144
0.18099845
0.17462953
0.17462953
0.18010158
0.18010158
0.18002240
0.18002240
0.18002240
0.17902649
0.17694470
0.18087110
0.18087110
0.18087110
0.18087110
0.11926065
0.11926065
0.11704961
0.11704961
0.11704961
0.11704961
0.11520754
0.11520754
0.11520754
0.11540264
0.11351134
0.10815653
0.10815653
0.10717200
0.10717200
0.10585711
0.10585711
0.10585711
0.10493761
0.10351952
0.10244618
0.10244618
0.10418617
0.10396498
0.10396498
0.10396498
0.10396498
0.10982859
0.10982859
0.10982859
0.10982859
0.10997752
0.10997752
0.11483378
0.11483378
0.11152082
0.11152082
0.10885629
0.10467608
0.10213212
0.10213212
0.10213212
0.10213212
0.10633855
0.10633855
0.10633855
0.10633855
0.10633855
0.10633855
0.10633855
0.10350539
0.10350539
0.10475560
0.11006041
0.11004018
0.11004018
0.11527999
0.11527999
0.11527999
0.11527999
0.11527999
0.11527999
0.11619571
0.11619571
0.11619571
0.11619571
0.11619571
0.11419626
0.11458068
0.11458068
0.11458068
0.11458068
0.11458068
0.11458068
0.11458068
0.11059882
0.11117890
0.11117890
0.10611715
0.10611715
0.10684480
0.10589085
0.11422742
0.11422742
0.11422742
0.11422742
0.10806835
0.10806835
0.10806835
0.10823876
0.10823876
0.11381100
0.11381100
0.11082663
0.10849559
0.10849559
0.11050037
0.11050037
0.10972957
0.11256812
0.12102372
0.11916299
0.11916299
0.11916299
0.11565368
0.11565368
0.11794920
0.11794920
0.11794920
0.07340255
0.07381036
0.05640058
0.05903551
0.06051925
0.04611159
0.04651449
0.04874434
0.05016571
0.05016571
0.05016571
0.05027129
0.05027129
0.05027129
0.05066496
0.05066496
0.04953833
0.04953833
0.04959524
0.05120524
0.05200429
0.05200429
0.05200429
0.05200429
0.05098515
0.05377006
0.05322527
0.05404800
0.05404800
0.05404800
0.05376876
0.05695459
0.05668777
0.04564276
0.04564276
0.04613763
0.04582963
0.04801925
0.04801925
0.04834006
0.04834006
0.04878264
0.04878264
0.04887493
0.04887493
0.04984816
0.05023449
0.05023449
0.05023449
0.05075455
0.05075455
0.05229011
0.04569763
0.04433010
0.04433010
0.04544429
0.04544429
0.04544429
0.04469226
0.04469226
0.04514143
0.04669150
0.04669150
0.04669150
0.04669150
0.04685365
0.04434237
0.04434237
0.04666411
0.04457096
0.04459834
0.04431765
0.04378266
0.04378266
0.04350583
0.04475518
0.04475518
0.04475518
0.04570548
0.04647467
0.04834648
0.04834648
0.05074194
0.05456113
0.05327937
0.05799599
0.05690646
0.05690646
0.05690646
0.05812377
0.05812377
0.05812377
0.06186334
0.06186334
0.06186334
0.05636786
0.05636786
0.05636786
0.05636786
0.05404534
0.05639031
0.05703836
0.04456196
0.04456196
0.04456196
0.04456196
0.04567464
0.04567464
0.04567464
0.04755363
0.04755363
0.05061714
0.05015398
0.05134066
0.05134066
0.05605121
0.05605121
0.05605121
0.05605121
0.05605121
0.05864845
0.05864845
0.06536157
0.06536157
0.06536157
0.06536157
0.06536157
0.06536157
0.06545090
0.06478686
0.06478686
0.06286398
0.06354536
0.06354536
0.06537634
0.06537634
0.06457600
0.06585199
0.06891984
0.06735913
0.06369840
0.06369840
0.06369840
0.06876343
0.06740473
0.06952671
0.06952671
0.06952671
0.06952671
0.06952671
0.06952671
0.06952671
0.06952671
0.06952671
0.06952671
0.06952671
0.04999409
0.05058070
0.04099070
0.04099070
0.04038013
0.04038013
0.04038013
0.04038013
0.04038013
0.04038013
0.04038013
0.04038013
0.04038013
0.04038013
0.04038013
0.04038013
0.04038013
0.04038013
0.04038013
0.04038013
0.04038013
0.04038013
0.04038013
0.04038013
0.04038013
0.04038013
0.04038013
0.04038013
0.04038013
0.04038013
0.04038013
0.04038013
0.04038013
0.04038013
0.04038013
0.04038013
0.04038013
0.04038013
0.04038013
0.04038013
0.05816078
0.05617520
0.05241873
0.05241873
0.05241873
0.05241873
0.05241873
0.05241873
0.05241873
0.05241873
0.05241873
0.05241873
0.05241873
0.05241873
0.05241873
0.05241873
0.05241873
0.05241873
0.05241873
0.05241873
0.05241873
0.05241873
0.05241873
0.05241873
0.05241873
0.05241873
0.05241873
0.05241873
0.05241873
0.05241873
0.05241873
0.05241873
0.05241873
0.05241873
0.05241873
0.05241873
0.05241873
0.05241873
0.05241873
0.05241873
0.06475624
0.06921097
0.06921097
0.06653891
0.06568659
0.06568659
0.06568659
0.06568659
0.06568659
0.06568659
0.06568659
0.06568659
0.06568659
0.06568659
0.06568659
0.06568659
0.06568659
0.06568659
0.06568659
0.06568659
0.06568659
0.06568659
0.06568659
0.06568659
0.06568659
0.06568659
0.06568659
0.06568659
0.06568659
0.06568659
0.06568659
0.06568659
0.06568659
0.06568659
0.06568659
0.06568659
0.06568659
0.06568659
0.06568659
0.06568659
0.04340459
0.04340459
0.04340459
0.04379245
0.04462451
0.04462451
0.04462451
0.04462451
0.04462451
0.04462451
0.04462451
0.04462451
0.04462451
0.04462451
0.04462451
0.04462451
0.04462451
0.04462451
0.04462451
0.04462451
0.04462451
0.04462451
0.04462451
0.04462451
0.04462451
0.04462451
0.04462451
0.04462451
0.04462451
0.04462451
0.04462451
0.04462451
0.04462451
0.04462451
0.04462451
0.04462451
0.04462451
0.04462451
0.04462451
0.04462451
0.04329602
0.04562484
0.04562484
0.04507793
0.04507793
0.04507793
0.04507793
0.04507793
0.04507793
0.04507793
0.04507793
0.04507793
0.04507793
0.04507793
0.04507793
0.04507793
0.04507793
0.04507793
0.04507793
0.04507793
0.04507793
0.04507793
0.04507793
0.04507793
0.04507793
0.04507793
0.04507793
0.04507793
0.04507793
0.04507793
0.04507793
0.04507793
0.04507793
0.04507793
0.04507793
0.04507793
0.04507793
0.04507793
0.04507793
0.04507793
0.03984966
0.04125778
0.04125778
0.04158086
0.04056936
0.04056936
0.04056936
0.04056936
0.04056936
0.04056936
0.04056936
0.04056936
0.04056936
0.04056936
0.04056936
0.04056936
0.04056936
0.04056936
0.04056936
0.04056936
0.04056936
0.04056936
0.04056936
0.04056936
0.04056936
0.04056936
0.04056936
0.04056936
0.04056936
0.04056936
0.04056936
0.04056936
0.04056936
0.04056936
0.04056936
0.04056936
0.04056936
0.04056936
0.04056936
0.04056936
0.04494370
0.04494370
0.04494370
0.04169997
0.03929630
0.03929630
0.03929630
0.03929630
0.03929630
0.03929630
0.03929630
0.03929630
0.03929630
0.03929630
0.03929630
0.03929630
0.03929630
0.03929630
0.03929630
0.03929630
0.03929630
0.03929630
0.03929630
0.03929630
0.03929630
0.03929630
0.03929630
0.03929630
0.03929630
0.03929630
0.03929630
0.03929630
0.03929630
0.03929630
0.03929630
0.03929630
0.03929630
0.03929630
0.03929630
0.03929630
0.04931586
0.04868394
0.05171453
0.05454704
0.05372275
0.05372275
0.05372275
0.05372275
0.05372275
0.05372275
0.05372275
0.05372275
0.05372275
0.05372275
0.05372275
0.05372275
0.05372275
0.05372275
0.05372275
0.05372275
0.05372275
0.05372275
0.05372275
0.05372275
0.05372275
0.05372275
0.05372275
0.05372275
0.05372275
0.05372275
0.05372275
0.05372275
0.05372275
0.05372275
0.05372275
0.05372275
0.05372275
0.05372275
0.05372275
0.05372275
0.05138705
0.05138705
0.05169161
0.05169161
0.05252033
0.05252033
0.05252033
0.05252033
0.05252033
0.05252033
0.05252033
0.05252033
0.05252033
0.05252033
0.05252033
0.05252033
0.05252033
0.05252033
0.05252033
0.05252033
0.05252033
0.05252033
0.05252033
0.05252033
0.05252033
0.05252033
0.05252033
0.05252033
0.05252033
0.05252033
0.05252033
0.05252033
0.05252033
0.05252033
0.05252033
0.05252033
0.05252033
0.05252033
0.05252033
0.05252033
0.06385658
0.06385658
0.06385658
0.06385658
0.06831317
0.06831317
0.06831317
0.06831317
0.06831317
0.06831317
0.06831317
0.06831317
0.06831317
0.06831317
0.06831317
0.06831317
0.06831317
0.06831317
0.06831317
0.06831317
0.06831317
0.06831317
0.06831317
0.06831317
0.06831317
0.06831317
0.06831317
0.06831317
