0.00000000
0.00000000
0.00000000
0.42180414
0.41824300
0.41824300
0.41824300
0.42355125
0.42555829
0.42746905
0.42203700
0.41902704
0.29329842
0.29359774
0.29118034
0.28795265
0.28804126
0.28804126
0.28804126
0.28804126
0.37153365
0.37038305
0.37038305
0.36783588
0.36847759
0.36847759
0.36847759
0.36847759
0.36847759
0.36685211
0.36700413
0.36540021
0.36540021
0.36313716
0.36313716
0.41845892
0.41802426
0.41802426
0.38772478
0.38520220
0.39080967
0.39080967
0.33850074
0.33850074
0.33628775
0.33628775
0.33628775
0.33628775
0.33628775
0.33628775
0.33467921
0.33467921
0.39513690
0.39513690
0.39513690
0.39513690
0.39513690
0.33899858
0.25645219
0.25645219
0.25645219
0.25645219
0.32714456
0.32714456
0.32988214
0.32988214
0.32988214
0.18053225
0.12446483
0.12111502
0.11606486
0.11606486
0.24552563
0.24981947
0.24981947
0.24729346
0.24729346
0.24668902
0.24654324
0.24654324
0.24654324
0.18911432
0.18911432
0.18911432
0.18911432
0.18583559
0.18583559
0.18583559
0.18583559
0.18143812
0.18143812
0.18143812
0.18143812
0.17805325
0.17805325
0.17195881
0.17789181
0.17789181
0.18027514
0.18027514
0.18027514
0.18027514
0.17793892
0.12219382
0.12219382
0.12219382
0.12219382
0.12219382
0.12219382
0.13100197
0.13100197
0.13100197
0.13100197
0.13174880
0.14063863
0.14063863
0.14063863
0.14063863
0.14063863
0.14063863
0.14063863
0.14063863
0.13757907
0.08738632
0.08738632
0.08980379
0.08980379
0.08980379
0.09295383
0.09295383
0.09597552
0.09597552
0.09597552
0.09597552
0.09597552
0.06702321
0.07157980
0.07029274
0.07007329
0.07007329
0.06460752
0.06460752
0.06645399
0.06645399
0.06645399
0.06305374
0.06305374
0.06305374
0.06305374
0.06305374
0.04953027
0.04849279
0.04849279
0.04849279
0.04839488
0.04789486
0.04602182
0.04566472
0.04724005
0.04930741
0.04930741
0.05172275
0.05101043
0.05101043
0.05242417
0.05412718
0.05313489
0.05817528
0.06170151
0.06107495
0.06341285
0.06341285
0.06341285
0.07245636
0.07245636
0.04546492
0.04468151
0.04645788
0.04612895
0.04379277
0.04383236
0.04286531
0.04286531
0.04286531
0.04286531
0.04526877
0.04526877
0.04578926
0.04578926
0.04564073
0.04748387
0.04978359
0.04978359
0.04978359
0.04978359
0.05108426
0.05226332
0.05255340
0.05255340
0.05255340
0.05255340
0.05255340
0.05255340
0.05508693
0.05508693
0.05508693
0.05508693
0.05497974
0.05497974
0.05497974
0.05497974
0.05497974
0.05201302
0.05201302
0.04969287
0.04969287
0.04969287
0.04969287
0.04977623
0.05214942
0.05214942
0.05214942
0.05214942
0.05296165
0.05070862
0.05070862
0.04651783
0.04651783
0.04651783
0.04651783
0.04865919
0.04655389
0.04574672
0.04574672
0.04574672
0.04574672
0.04574672
0.04574672
0.04557106
0.04628570
0.04516726
0.04516726
0.04516726
0.04810749
0.04625824
0.04625824
0.04976942
0.05052146
0.04945852
0.04945852
0.04945852
0.04945852
0.05113816
0.05382102
0.05382102
0.05382102
0.05253150
0.05343589
0.05903622
0.05542444
0.05542444
0.05366492
0.05366492
0.05366492
0.04315893
0.04315893
0.04355440
0.04355440
0.04423770
0.04423770
0.04356770
0.04313201
0.04292886
0.04292886
0.04292886
0.04375333
0.04449191
0.04386567
0.04386567
0.04417079
0.04572280
0.04572280
0.04676255
0.04685750
0.04685750
0.05211052
0.05610447
0.05342419
0.05552919
0.05552919
0.05549730
0.04453086
0.04468613
0.04468613
0.04468613
0.04545974
0.04545974
0.04635477
0.04795988
0.04933617
0.04933617
0.04933617
0.04744196
0.04744196
0.04744196
0.04744196
0.04762055
0.04670438
0.04547515
0.04547515
0.04668156
0.04968375
0.05134549
0.05078587
0.05078587
0.05078587
0.05078587
0.05078587
0.05078587
0.04827514
0.04827514
0.04827514
0.05333250
0.05333250
0.05333250
0.05256143
0.05256143
0.05256143
0.05334519
0.05334519
0.05334519
0.05334519
0.05334519
0.05396467
0.05396467
0.06090033
0.06090033
0.06081707
0.05611427
0.05611427
0.05611427
0.05861320
0.05660052
0.05660052
0.06142207
0.06142207
0.06142207
0.06142207
0.05973675
0.06109949
0.04330801
0.04330801
0.04330801
0.04591968
0.04591968
0.04674104
0.04960689
0.04960689
0.04872259
0.05100624
0.05100624
0.05100624
0.05100624
0.05100624
0.05036755
0.05012375
0.05334268
0.05334268
0.05334268
0.05334268
0.05334268
0.05334268
0.05334268
0.05334268
0.05334268
0.05334268
0.05334268
0.05992249
0.05992249
0.05948037
0.06086392
0.06086392
0.06086392
0.06086392
0.05800879
0.05800879
0.06126560
0.04326889
0.04326889
0.04258903
0.04320135
0.04320135
0.04320135
0.04320135
0.04320135
0.04320135
0.04293208
0.04293208
0.04293208
0.04293208
0.04308621
0.04308621
0.04572548
0.04572548
0.04572548
0.04535611
0.04493719
0.04493719
0.04556947
0.04347730
0.04347730
0.04615458
0.04615458
0.04565030
0.04832537
0.05065231
0.05065231
0.04796880
0.04796880
0.04796880
0.05164861
0.05164861
0.05164861
0.05164861
0.05164861
0.05164861
0.05073852
0.04342673
0.04342673
0.04342673
0.04306107
0.04403420
0.04261434
0.04225188
0.04191973
0.04191973
0.04264842
0.04264842
0.04144208
0.04418205
0.04913525
0.04826792
0.04826792
0.04457728
0.04457728
0.04457728
0.04457728
0.04457728
0.04207616
0.04207616
0.04207616
0.04207616
0.04274893
0.04274893
0.04274893
0.04258931
0.04363450
0.04363450
0.04100157
0.04100157
0.04100157
0.04118245
0.04118245
0.04210206
0.04204049
0.04204049
0.04204049
0.04204049
0.04204049
0.04204049
0.04204049
0.04340892
0.04340892
0.04340892
0.04340892
0.04357417
0.04357417
0.04301600
0.04530050
0.04469189
0.04469189
0.04848459
0.04899050
0.04899050
0.04899050
0.05028174
0.05028174
0.05208033
0.05208033
0.05813551
0.05813551
0.05764764
0.05874386
0.05874386
0.05874386
0.05831268
0.05831268
0.05831268
0.06041286
0.06409807
0.06173526
0.04351704
0.04385737
0.04052719
0.04159119
0.04159119
0.04159119
0.04159119
0.04208766
0.04208766
0.04118885
0.04118885
0.04115777
0.04115777
0.04115777
0.04252707
0.04470643
0.04428404
0.04442126
0.04662010
0.04662010
0.05348915
0.05348915
0.05085501
0.05085501
0.05085501
0.05085501
0.04765423
0.04810757
0.04810757
0.04810757
0.04810757
0.04810757
0.04810757
0.04810757
0.04547947
0.04812944
0.04812944
0.04812944
0.04812944
0.04812944
0.04812944
0.04812944
0.04696076
0.04789528
0.05413986
0.05861586
0.05861586
0.05861586
0.05861586
0.05861586
0.05811565
0.05811565
0.05798434
0.05798434
0.05921344
0.05909696
0.05783238
0.06090666
0.06090666
0.06090666
0.06090666
0.06090666
0.06090666
0.06090666
0.06090666
0.06090666
0.05691889
0.05691889
0.06335530
0.06335530
0.06335530
0.06335530
0.06335530
0.05621065
0.05621065
0.05278119
0.05311768
0.05311768
0.05311768
0.05396536
0.05820432
0.05436337
0.05820929
0.05820929
0.05820929
0.05820929
0.05517050
0.05070745
0.05359271
0.05608889
0.05608889
0.05411013
0.05411013
0.05296832
0.05296832
0.05296832
0.05296832
0.04682515
0.04424522
0.04424522
0.04822840
0.04822840
0.05869001
0.05869001
0.05688864
0.05688864
0.04193020
0.04025717
0.04025717
0.04025717
0.03903493
0.03903493
0.03903493
0.03903493
0.03903493
0.03903493
0.03903493
0.03903493
0.03903493
0.03903493
0.03903493
0.03903493
0.03903493
0.03903493
0.03903493
0.03903493
0.03913431
0.03971396
0.03971396
0.03947007
0.03956947
0.04203656
0.04203656
0.04226746
0.04321657
0.04302757
0.04320196
0.04521376
0.04566113
0.04771849
0.04738446
0.04738446
0.04738446
0.04738446
0.04738446
0.04738446
0.04738446
0.04738446
0.04738446
0.04738446
0.04738446
0.04738446
0.04738446
0.04738446
0.04738446
0.04738446
0.04738446
0.04738446
0.04738446
0.04738446
0.04738446
0.04620113
0.04620113
0.04620113
0.04620113
0.04620113
0.04483922
0.04483922
0.04311678
0.04417803
0.04321959
0.04254487
0.04461897
0.04528608
0.04508729
0.04673661
0.04673661
0.04673661
0.04673661
0.04673661
0.04673661
0.04673661
0.04673661
0.04673661
0.04673661
0.04673661
0.04673661
0.04673661
0.04673661
0.04673661
0.04673661
0.04673661
0.04673661
0.04673661
0.04673661
0.04673661
0.04673661
0.04293445
0.04293445
0.04293445
0.03933982
0.04651261
0.04651261
0.04651261
0.04632582
0.04632582
0.04741220
0.04741220
0.04781354
0.04781354
0.04684912
0.04684912
0.04684912
0.04684912
0.04684912
0.04684912
0.04684912
0.04684912
0.04684912
0.04684912
0.04684912
0.04684912
0.04684912
0.04684912
0.04684912
0.04684912
0.04684912
0.04684912
0.04684912
0.04684912
0.04684912
0.04239309
0.04239309
0.03985253
0.03985253
0.04066925
0.04838913
0.04838913
0.04838913
0.04838913
0.04838913
0.05573297
0.04812335
0.04812335
0.04925095
0.05291904
0.05291904
0.05291904
0.05291904
0.05291904
0.05291904
0.05291904
0.05291904
0.05291904
0.05291904
0.05291904
0.05291904
0.05291904
0.05291904
0.05291904
0.05291904
0.05291904
0.05291904
0.05291904
0.05291904
0.05291904
0.05291904
0.05291904
0.05291904
0.05291904
0.05291904
0.04233014
0.04249903
0.04249903
0.04249903
0.04249903
0.04201117
0.04201117
0.04366059
0.04127712
0.04127712
0.04127712
0.04127712
0.04127712
0.04127712
0.04127712
0.04127712
0.04127712
0.04127712
0.04127712
0.04127712
0.04127712
0.04127712
0.04127712
0.04127712
0.04127712
0.04127712
0.04127712
0.04127712
0.04127712
0.04127712
0.04127712
0.04127712
0.04127712
0.04127712
0.04127712
0.04127712
0.04127712
0.05245871
0.05245871
0.05245871
0.04228068
0.04228068
0.04668549
0.04668549
0.04714688
0.04714688
0.04714688
0.04714688
0.04714688
0.04714688
0.04714688
0.04714688
0.04714688
0.04714688
0.04714688
0.04714688
0.04714688
0.04714688
0.04714688
0.04714688
0.04714688
0.04714688
0.04714688
0.04714688
0.04714688
0.04714688
0.04714688
0.04714688
0.04714688
0.04714688
0.04971741
0.04971741
0.05496447
0.06118298
0.06036834
0.06050445
0.04187379
0.04032842
0.03956940
0.04135227
0.04135227
0.04135227
0.04135227
0.04135227
0.04135227
0.04135227
0.04135227
0.04135227
0.04135227
0.04135227
0.04135227
0.04135227
0.04135227
0.04135227
0.04135227
0.04135227
0.04135227
0.04135227
0.04135227
0.04135227
0.04135227
0.04135227
0.04135227
0.04135227
0.04135227
0.04190326
0.04158449
0.04158449
0.04158449
0.04158449
0.04003804
0.04003804
0.04003804
0.04003804
0.04003804
0.04003804
0.04003804
0.04003804
0.04003804
0.04003804
0.04003804
0.04003804
0.04003804
0.04003804
0.04003804
0.04003804
0.04003804
0.04003804
0.04003804
0.04003804
0.04003804
0.04003804
0.04003804
0.04003804
0.04003804
0.04003804
0.04003804
0.04003804
0.04003804
0.04003804
0.04642837
0.04666970
0.04679538
0.05036104
0.04926363
0.05794177
0.05999356
0.05999356
0.05999356
0.05871096
0.05871096
0.05871096
0.05871096
0.05871096
0.05871096
0.05871096
0.05871096
0.05871096
0.05871096
0.05871096
0.05871096
0.05871096
0.05871096
0.05871096
0.05871096
0.05871096
0.05871096
0.05871096
0.05871096
0.05871096
0.05871096
0.05871096
0.05871096
0.05871096
0.05871096
0.04520705
0.04520705
0.04520705
0.04520705
0.04520705
0.05000843
0.05000843
0.05000843
0.04936660
0.04886447
0.04886447
0.04886447
0.04886447
0.04886447
0.04886447
0.04886447
0.04886447
0.04886447
0.04886447
0.04886447
0.04886447
0.04886447
0.04886447
0.04886447
0.04886447
0.04886447
0.04886447
0.04886447
0.04886447
0.04886447
0.04886447
0.04886447
0.04886447
0.04886447
0.04886447
0.04121716
0.04121716
0.04167832
0.04167832
0.04167832
0.04238340
0.04546810
0.04845865
0.04998791
0.04892217
0.04892217
0.04892217
0.04892217
0.04892217
0.04892217
0.04892217
0.04892217
0.04892217
