0.00000000
0.00000000
0.00000000
0.45048307
0.44974739
0.44974739
0.44974739
0.44974739
0.44974739
0.44974739
0.44974739
0.44974739
0.44974739
0.44974739
0.44974739
0.44974739
0.44974739
0.44974739
0.44974739
0.44974739
0.44974739
0.44974739
0.44974739
0.44974739
0.44974739
0.44974739
0.44974739
0.44974739
0.44974739
0.44974739
0.44974739
0.44974739
0.44974739
0.44974739
0.44974739
0.44974739
0.44974739
0.44974739
0.44974739
0.44974739
0.44974739
0.44974739
0.44974739
0.44974739
0.44974739
0.44974739
0.44974739
0.44974739
0.44974739
0.44974739
0.44974739
0.44974739
0.44974739
0.44974739
0.44974739
0.44974739
0.44974739
0.41936558
0.42910187
0.42910187
0.42910187
0.42910187
0.42583243
0.42583243
0.42666688
0.42666688
0.42666688
0.36506204
0.36506204
0.36646827
0.36322609
0.36322609
0.36322609
0.36322609
0.36322609
0.36322609
0.36322609
0.36322609
0.36322609
0.36322609
0.36322609
0.36322609
0.36322609
0.36322609
0.36322609
0.36322609
0.36322609
0.36322609
0.36322609
0.36322609
0.36322609
0.36322609
0.36322609
0.36322609
0.36322609
0.36322609
0.36322609
0.36322609
0.36322609
0.36322609
0.36322609
0.36322609
0.36322609
0.36322609
0.36322609
0.36322609
0.36322609
0.36322609
0.36322609
0.36322609
0.36322609
0.36322609
0.36322609
0.36322609
0.36322609
0.36322609
0.36322609
0.36322609
0.36322609
0.36322609
0.36322609
0.36322609
0.36322609
0.36322609
0.36322609
0.36322609
0.36322609
0.36322609
0.36322609
0.36322609
0.36322609
0.36322609
0.36322609
0.36322609
0.36322609
0.36322609
0.36322609
0.36322609
0.36322609
0.36322609
0.36322609
0.36322609
0.36322609
0.36322609
0.36322609
0.36322609
0.36322609
0.36322609
0.36322609
0.36322609
0.36322609
0.36322609
0.36322609
0.36322609
0.36322609
0.36322609
0.36322609
0.36322609
0.36322609
0.36322609
0.36322609
0.36322609
0.36322609
0.36322609
0.36322609
0.36322609
0.36322609
0.36322609
0.36322609
0.36322609
0.36322609
0.36322609
0.36322609
0.36322609
0.36322609
0.36322609
0.36322609
0.36322609
0.36322609
0.36322609
0.36322609
0.36322609
0.36322609
0.36322609
0.36322609
0.36322609
0.36322609
0.36322609
0.36322609
0.36322609
0.36322609
0.36322609
0.36322609
0.36322609
0.36322609
0.36322609
0.36322609
0.36322609
0.36322609
0.36322609
0.36322609
0.36322609
0.36322609
0.36322609
0.36322609
0.36322609
0.36322609
0.36322609
0.36322609
0.36322609
0.36322609
0.36322609
0.36322609
0.36322609
0.36322609
0.36322609
0.36322609
0.36322609
0.36322609
0.36322609
0.36322609
0.36322609
0.36322609
0.36322609
0.36322609
0.36322609
0.36322609
0.36322609
0.36322609
0.36322609
0.36322609
0.36322609
0.36322609
0.36322609
0.36322609
0.36322609
0.36322609
0.36322609
0.36322609
0.36322609
0.36322609
0.36322609
0.36322609
0.36322609
0.36322609
0.36322609
0.36322609
0.36322609
0.36322609
0.36322609
0.36322609
0.36322609
0.36322609
0.36322609
0.36322609
0.36322609
0.36322609
0.36322609
0.36322609
0.36322609
0.36322609
0.36322609
0.36322609
0.36322609
0.36322609
0.36322609
0.36322609
0.36322609
0.36322609
0.36322609
0.36322609
0.36322609
0.36322609
0.36322609
0.36322609
0.36322609
0.36322609
0.36322609
0.36322609
0.36322609
0.36322609
0.36322609
0.36322609
0.36322609
0.36322609
0.36322609
0.36322609
0.36322609
0.36322609
0.36322609
0.36322609
0.36322609
0.36322609
0.36322609
0.36322609
0.36322609
0.36322609
0.36322609
0.36322609
0.36322609
0.36322609
0.36322609
0.36322609
0.36322609
0.36322609
0.36322609
0.36322609
0.36322609
0.36322609
0.36322609
0.36322609
0.36322609
0.36322609
0.36322609
0.36322609
0.36322609
0.36322609
0.36322609
0.36322609
0.36322609
0.36322609
0.36322609
0.36322609
0.36322609
0.36322609
0.36322609
0.36322609
0.36322609
0.36322609
0.36322609
0.36322609
0.36322609
0.36322609
0.36322609
0.36322609
0.36322609
0.36322609
0.36322609
0.36322609
0.36322609
0.36322609
0.36322609
0.36322609
0.36322609
0.36322609
0.36322609
0.36322609
0.36322609
0.36322609
0.36322609
0.36322609
0.36322609
0.36322609
0.36322609
0.36322609
0.36322609
0.36322609
0.36322609
0.36322609
0.36322609
0.36322609
0.36322609
0.36322609
0.36322609
0.36322609
0.36322609
0.36322609
0.36322609
0.36322609
0.36322609
0.36322609
0.36322609
0.36322609
0.36322609
0.36322609
0.36322609
0.36322609
0.36322609
0.36322609
0.36322609
0.36322609
0.36322609
0.36322609
0.36322609
0.36322609
0.36322609
0.36322609
0.36322609
0.36322609
0.36322609
0.36322609
0.36322609
0.36322609
0.36322609
0.36322609
0.36322609
0.36322609
0.36322609
0.36322609
0.36322609
0.36322609
0.36322609
0.36322609
0.36322609
0.36322609
0.36322609
0.36322609
0.36322609
0.36322609
0.36322609
0.36322609
0.36322609
0.36322609
0.36322609
0.36322609
0.36322609
0.36322609
0.36322609
0.36322609
0.36322609
0.36322609
0.36322609
0.36322609
0.36322609
0.36322609
0.36322609
0.36322609
0.36322609
0.36322609
0.36322609
0.36322609
0.36322609
0.36322609
0.36322609
0.36322609
0.36322609
0.36322609
0.36322609
0.36322609
0.36322609
0.36322609
0.36322609
0.36322609
0.36322609
0.36322609
0.36322609
0.36322609
0.36322609
0.36322609
0.36322609
0.36322609
0.36322609
0.36322609
0.36322609
0.36322609
0.36322609
0.36322609
0.36322609
0.36322609
0.36322609
0.36322609
0.36322609
0.36322609
0.36322609
0.36322609
0.36322609
0.36322609
0.36322609
0.36322609
0.36322609
0.36322609
0.36322609
0.36322609
0.36322609
0.36322609
0.36322609
0.36322609
0.36322609
0.36322609
0.36322609
0.36322609
0.36322609
0.36322609
0.36322609
0.36322609
0.36322609
0.36322609
0.36322609
0.36322609
0.36322609
0.36322609
0.36322609
0.36322609
0.36322609
0.36322609
0.36322609
0.36322609
0.36322609
0.36322609
0.36322609
0.36322609
0.36322609
0.36322609
0.36322609
0.36322609
0.36322609
0.36322609
0.36322609
0.36322609
0.36322609
0.36322609
0.36322609
0.36322609
0.36322609
0.36322609
0.36322609
0.36322609
0.36322609
0.36322609
0.36322609
0.36322609
0.36322609
0.36322609
0.36322609
0.36322609
0.36322609
0.36322609
0.36322609
0.36322609
0.36322609
0.36322609
0.36322609
0.36322609
0.36322609
0.36322609
0.36322609
0.36322609
0.36322609
0.36322609
0.36322609
0.36322609
0.36322609
0.36322609
0.36322609
0.36322609
0.36322609
0.36322609
0.36322609
0.36322609
0.36322609
0.36322609
0.36322609
0.36322609
0.36322609
0.36322609
0.36322609
0.36322609
0.36322609
0.36322609
0.36322609
0.36322609
0.36322609
0.36322609
0.36322609
0.36322609
0.36322609
0.36322609
0.36322609
0.36322609
0.36322609
0.36322609
0.36322609
0.36322609
0.36322609
0.36322609
0.36322609
0.36322609
0.36322609
0.36322609
0.36322609
0.36322609
0.36322609
0.36322609
0.36322609
0.36322609
0.36322609
0.36322609
0.36322609
0.36322609
0.36322609
0.36322609
0.36322609
0.36322609
0.36322609
0.36322609
0.36322609
0.36322609
0.36322609
0.36322609
0.36322609
0.36322609
0.40184695
0.40184695
0.40021670
0.40021670
0.40065803
0.40065803
0.39939261
0.39700071
0.39700071
0.39700071
0.39710858
0.39710858
0.39474776
0.39474776
0.39722480
0.39722480
0.39722480
0.39722480
0.39722480
0.39722480
0.39667235
0.39968874
0.39784674
0.39965509
0.39976160
0.39969991
0.39969991
0.40066412
0.40066412
0.39977066
0.39977066
0.40307560
0.40307560
0.40388822
0.40388822
0.40470063
0.40238777
0.40678342
0.40492592
0.39918727
0.40188943
0.40188943
0.40188943
0.40188943
0.40029122
0.40029122
0.40029122
0.40194207
0.40220051
0.40068736
0.39972016
0.39972016
0.39972016
0.40322115
0.40398052
0.40367151
0.43360697
0.43360697
0.43760937
0.43843735
0.44351843
0.35581322
0.35581322
0.35581322
0.35581322
0.35581322
0.35581322
0.35581322
0.35581322
0.35581322
0.35581322
0.35581322
0.35581322
0.35581322
0.44193653
0.44162579
0.33563305
0.33391851
0.33385213
0.33385213
0.32888473
0.32888473
0.32888473
0.32888473
0.32888473
0.32888473
0.32888473
0.32888473
0.32888473
0.32888473
0.43996281
0.33363733
0.33710057
0.33710057
0.33531861
0.33344303
0.33344303
0.33344303
0.33344303
0.33344303
0.33344303
0.36917993
0.36917993
0.36917993
0.37128793
0.37128793
0.37128793
0.30775207
0.30299345
0.30299345
0.30311375
0.30311375
0.30311375
0.30311375
0.30311375
0.30311375
0.37217072
0.38004673
0.38190567
0.37917051
0.38156106
0.26270180
0.25815475
0.25698480
0.25698480
0.25698480
0.25698480
0.25698480
0.25698480
0.25698480
0.25698480
0.25698480
0.25698480
0.37411353
0.37411353
0.36905184
0.24878995
0.24878995
0.24878995
0.24878995
0.24878995
0.24878995
0.24878995
0.24878995
0.24878995
0.24878995
0.37689012
0.37689012
0.37689012
0.37689012
0.37644086
0.22023124
0.22498372
0.22388635
0.22388635
0.22388635
0.22388635
0.22388635
0.22388635
0.22388635
0.22388635
0.22388635
0.22388635
0.22388635
0.22388635
0.22388635
0.13855609
0.14685461
0.14889203
0.14671767
0.15175258
0.15175258
0.15175258
0.15175258
0.15175258
0.15175258
0.15175258
0.15175258
0.15175258
0.15175258
0.15175258
0.15931374
0.15931374
0.15931374
0.15494339
0.15494339
0.15494339
0.15494339
0.15494339
0.15494339
0.15494339
0.15494339
0.15494339
0.15494339
0.15494339
0.15494339
0.14318018
0.10674717
0.10674717
0.10674717
0.10674717
0.10674717
0.10674717
0.10674717
0.10674717
0.10674717
0.10674717
0.10674717
0.10674717
0.10674717
0.10674717
0.10668360
0.10668360
0.11133648
0.11133648
0.10909939
0.10909939
0.10909939
0.10909939
0.10909939
0.10909939
0.10909939
0.10909939
0.10909939
0.10909939
0.10909939
0.09138983
0.09138983
0.09138983
0.09634950
0.09634950
0.09634950
0.09634950
0.09634950
0.09634950
0.09634950
0.09634950
0.09634950
0.09634950
0.09634950
0.09634950
0.09212124
0.09212124
0.09778274
0.10095498
0.09468671
0.09468671
0.09468671
0.09468671
0.09468671
0.09468671
0.09468671
0.09468671
0.09468671
0.09468671
0.09468671
0.10781463
0.10781463
0.11018234
0.11052801
0.11011632
0.11011632
0.11011632
0.11011632
0.11011632
0.11011632
0.11011632
0.11011632
0.11011632
0.11011632
0.11011632
0.11011632
0.07414825
0.07414825
0.07588558
0.07588558
0.07588558
0.07588558
0.07588558
0.07588558
0.07588558
0.07588558
0.07588558
0.07588558
0.07588558
0.07588558
0.08422770
0.08304819
0.08304819
0.08564606
0.08293694
0.08293694
0.08293694
0.08293694
0.08293694
0.08293694
0.08293694
0.08293694
0.08293694
0.08293694
0.08293694
0.06678999
0.07809415
0.07809415
0.08337625
0.08337625
0.08337625
0.08337625
0.08337625
0.08337625
0.08337625
0.08337625
0.08337625
0.08337625
0.08337625
0.08337625
0.08882313
0.08893288
0.08893288
0.08893288
0.09637316
0.09637316
0.09637316
0.09637316
0.09637316
0.09637316
0.09637316
0.09637316
0.09637316
0.09637316
0.09637316
0.05375747
0.05375747
0.05104959
0.05104959
0.05576699
0.05576699
0.05576699
0.05576699
0.05576699
0.05576699
0.05576699
0.05576699
0.05576699
0.05576699
0.05576699
0.06870951
0.06870951
0.06870951
0.06870951
0.06870951
0.06870951
0.06870951
0.06870951
0.06870951
0.06870951
0.06870951
0.06870951
0.06870951
0.06870951
0.06870951
0.05611491
0.05545950
0.05920938
0.05920938
0.06261996
0.06261996
0.06261996
0.06261996
0.06261996
0.06261996
0.06261996
0.06261996
0.06261996
0.06261996
0.06261996
0.05043875
0.05058930
0.05058930
0.05414630
0.04771313
0.04771313
0.04771313
0.04771313
0.04771313
0.04771313
0.04771313
0.04771313
0.04771313
0.04771313
0.04771313
0.04815102
0.04741914
0.04741914
0.04741914
0.04765326
0.04765326
0.04765326
0.04765326
