0.00000000
0.00000000
0.00000000
0.31053045
0.31243428
0.31243428
0.31243428
0.33313897
0.33402056
0.33612725
0.33360368
0.33218835
0.33218835
0.33218835
0.33218835
0.33218835
0.33218835
0.33218835
0.33218835
0.33218835
0.33218835
0.33218835
0.33218835
0.33218835
0.33218835
0.33218835
0.33218835
0.33218835
0.33218835
0.33218835
0.33218835
0.33218835
0.33218835
0.33218835
0.33218835
0.33218835
0.33218835
0.33218835
0.33218835
0.33218835
0.33218835
0.33218835
0.33218835
0.33218835
0.33218835
0.33218835
0.33218835
0.33218835
0.33218835
0.33218835
0.33218835
0.33218835
0.33218835
0.33218835
0.33218835
0.33218835
0.33218835
0.45322385
0.43263326
0.43263326
0.43263326
0.43263326
0.43263326
0.43263326
0.43263326
0.43263326
0.43263326
0.43263326
0.43263326
0.43263326
0.43263326
0.43263326
0.43263326
0.43263326
0.43263326
0.43263326
0.43263326
0.43263326
0.43263326
0.43263326
0.43263326
0.43263326
0.30490870
0.30490870
0.30490870
0.30771721
0.30771721
0.30771721
0.30771721
0.30771721
0.30771721
0.30771721
0.30771721
0.30771721
0.30771721
0.30771721
0.30771721
0.30771721
0.30771721
0.30771721
0.30771721
0.30771721
0.30771721
0.30771721
0.30771721
0.30771721
0.30771721
0.30771721
0.30771721
0.30771721
0.30771721
0.30771721
0.30771721
0.30771721
0.30771721
0.30771721
0.30771721
0.30771721
0.30771721
0.30771721
0.30771721
0.30771721
0.30771721
0.30771721
0.30771721
0.30771721
0.30771721
0.30771721
0.30771721
0.30771721
0.30771721
0.30771721
0.30771721
0.30771721
0.30771721
0.30771721
0.30771721
0.30771721
0.30771721
0.30771721
0.30771721
0.30771721
0.30771721
0.30771721
0.30771721
0.30771721
0.30771721
0.30771721
0.30771721
0.30771721
0.30771721
0.30771721
0.30771721
0.30771721
0.30771721
0.30771721
0.30771721
0.30771721
0.30771721
0.30771721
0.30771721
0.30771721
0.30771721
0.30771721
0.30771721
0.30771721
0.30771721
0.30771721
0.30771721
0.30771721
0.30771721
0.30771721
0.30771721
0.30771721
0.30771721
0.30771721
0.30771721
0.30771721
0.30771721
0.30771721
0.30771721
0.30771721
0.30771721
0.30771721
0.30771721
0.30771721
0.30771721
0.30771721
0.30771721
0.30771721
0.30771721
0.30771721
0.30771721
0.30771721
0.30771721
0.30771721
0.30771721
0.30771721
0.30771721
0.30771721
0.30771721
0.30771721
0.30771721
0.30771721
0.30771721
0.30771721
0.30771721
0.30771721
0.30771721
0.30771721
0.30771721
0.30771721
0.30771721
0.30771721
0.30771721
0.30771721
0.30771721
0.30771721
0.30771721
0.30771721
0.30771721
0.30771721
0.30771721
0.30771721
0.30771721
0.30771721
0.30771721
0.30771721
0.30771721
0.30771721
0.30771721
0.30771721
0.30771721
0.30771721
0.30771721
0.30771721
0.30771721
0.30771721
0.30771721
0.30771721
0.30771721
0.30771721
0.30771721
0.30771721
0.30771721
0.30771721
0.30771721
0.30771721
0.30771721
0.30771721
0.30771721
0.30771721
0.30771721
0.30771721
0.30771721
0.30771721
0.30771721
0.30771721
0.30771721
0.30771721
0.30771721
0.30771721
0.30771721
0.30771721
0.30771721
0.30771721
0.30771721
0.30771721
0.30771721
0.30771721
0.30771721
0.30771721
0.30771721
0.30771721
0.30771721
0.30771721
0.30771721
0.30771721
0.30771721
0.30771721
0.30771721
0.30771721
0.30771721
0.30771721
0.30771721
0.30771721
0.30771721
0.30771721
0.30771721
0.30771721
0.30771721
0.30771721
0.30771721
0.30771721
0.30771721
0.30771721
0.30771721
0.30771721
0.30771721
0.30771721
0.30771721
0.30771721
0.30771721
0.30771721
0.30771721
0.30771721
0.30771721
0.30771721
0.30771721
0.30771721
0.30771721
0.30771721
0.30771721
0.30771721
0.30771721
0.30771721
0.30771721
0.30771721
0.30771721
0.30771721
0.30771721
0.30771721
0.30771721
0.30771721
0.30771721
0.30771721
0.30771721
0.30771721
0.30771721
0.30771721
0.30771721
0.30771721
0.30771721
0.30771721
0.30771721
0.30771721
0.30771721
0.30771721
0.30771721
0.30771721
0.30771721
0.30771721
0.30771721
0.30771721
0.30771721
0.30771721
0.30771721
0.30771721
0.30771721
0.30771721
0.30771721
0.30771721
0.30771721
0.30771721
0.30771721
0.30771721
0.30771721
0.30771721
0.30771721
0.30771721
0.30771721
0.30771721
0.30771721
0.30771721
0.30771721
0.30771721
0.30771721
0.30771721
0.30771721
0.30771721
0.30771721
0.30771721
0.30771721
0.30771721
0.30771721
0.30771721
0.30771721
0.30771721
0.30771721
0.30771721
0.30771721
0.30771721
0.30771721
0.30771721
0.30771721
0.30771721
0.30771721
0.30771721
0.30771721
0.30771721
0.30771721
0.30771721
0.30771721
0.30771721
0.30771721
0.30771721
0.30771721
0.30771721
0.30771721
0.30771721
0.30771721
0.30771721
0.30771721
0.30771721
0.30771721
0.30771721
0.30771721
0.30771721
0.30771721
0.30771721
0.30771721
0.30771721
0.30771721
0.30771721
0.30771721
0.30771721
0.30771721
0.30771721
0.30771721
0.30771721
0.30771721
0.30771721
0.30771721
0.30771721
0.30771721
0.30771721
0.30771721
0.30771721
0.30771721
0.30771721
0.30771721
0.30771721
0.30771721
0.30771721
0.30771721
0.30771721
0.30771721
0.30771721
0.30771721
0.30771721
0.30771721
0.30771721
0.30771721
0.30771721
0.30771721
0.30771721
0.30771721
0.30771721
0.30771721
0.30771721
0.30771721
0.30771721
0.30771721
0.30771721
0.30771721
0.30771721
0.30771721
0.30771721
0.30771721
0.30771721
0.30771721
0.30771721
0.30771721
0.30771721
0.30771721
0.30771721
0.30771721
0.30771721
0.30771721
0.30771721
0.30771721
0.30771721
0.30771721
0.30771721
0.30771721
0.30771721
0.30771721
0.30771721
0.30771721
0.30771721
0.30771721
0.30771721
0.30771721
0.30771721
0.30771721
0.30771721
0.30771721
0.30771721
0.30771721
0.30771721
0.30771721
0.30771721
0.30771721
0.30771721
0.30771721
0.30771721
0.30771721
0.30771721
0.30771721
0.30771721
0.30771721
0.30771721
0.30771721
0.30771721
0.30771721
0.30771721
0.30771721
0.30771721
0.30771721
0.30771721
0.30771721
0.30771721
0.30771721
0.30771721
0.30771721
0.30771721
0.30771721
0.30771721
0.30771721
0.30771721
0.30771721
0.30771721
0.30771721
0.30771721
0.30771721
0.30771721
0.30771721
0.30771721
0.30771721
0.30771721
0.30771721
0.30771721
0.30771721
0.30771721
0.30771721
0.30771721
0.30771721
0.30771721
0.30771721
0.30771721
0.30771721
0.30771721
0.30771721
0.30771721
0.30771721
0.30771721
0.30771721
0.30771721
0.30771721
0.30771721
0.30771721
0.30771721
0.30771721
0.30771721
0.30771721
0.30771721
0.30771721
0.30771721
0.30771721
0.30771721
0.30771721
0.30771721
0.30771721
0.30771721
0.30771721
0.30771721
0.30771721
0.30771721
0.30771721
0.30771721
0.30771721
0.30771721
0.30771721
0.30771721
0.30771721
0.30771721
0.30771721
0.30771721
0.30771721
0.30771721
0.30771721
0.30771721
0.30771721
0.30771721
0.30771721
0.30771721
0.30771721
0.30771721
0.30771721
0.30771721
0.30771721
0.30771721
0.30771721
0.30771721
0.30771721
0.30771721
0.30771721
0.30771721
0.30771721
0.30771721
0.30771721
0.41570274
0.41570274
0.39573557
0.39573557
0.39323533
0.39323533
0.41740830
0.41571451
0.41571451
0.41571451
0.41673050
0.41673050
0.39143417
0.39143417
0.38897763
0.38897763
0.38897763
0.38984828
0.38984828
0.38984828
0.38408434
0.45172046
0.44773952
0.45085859
0.45076738
0.45056444
0.45056444
0.39444776
0.39444776
0.39240446
0.39240446
0.45368552
0.45368552
0.45273422
0.45273422
0.45160258
0.39559562
0.40166552
0.40036321
0.39549409
0.39968817
0.39968817
0.39968817
0.39968817
0.39968817
0.39968817
0.33933889
0.34570559
0.34344785
0.34191258
0.34519287
0.34519287
0.34519287
0.43711746
0.43718842
0.43556174
0.43556174
0.43556174
0.34574781
0.34684018
0.35173564
0.35173564
0.35173564
0.35173564
0.35173564
0.35173564
0.44351260
0.44351260
0.44351260
0.44303818
0.44440098
0.34653244
0.34508891
0.34508891
0.34026864
0.33882126
0.33882126
0.33882126
0.33882126
0.33882126
0.33882126
0.33882126
0.33882126
0.33882126
0.33882126
0.33882126
0.33882126
0.32794406
0.32794406
0.32794406
0.32961736
0.32961736
0.32961736
0.32961736
0.32961736
0.32961736
0.32961736
0.44138096
0.44138096
0.44138096
0.36802894
0.30792939
0.30792939
0.30792939
0.30600986
0.30600986
0.30600986
0.30600986
0.30600986
0.30600986
0.30600986
0.36679739
0.37226423
0.37224615
0.37224615
0.37224615
0.30514019
0.31170270
0.31197044
0.31123199
0.31756640
0.31756640
0.31756640
0.31756640
0.31756640
0.31756640
0.31756640
0.31756640
0.31756640
0.31756640
0.31756640
0.25742187
0.25742187
0.24616979
0.24616979
0.24263605
0.24263605
0.24263605
0.24263605
0.24263605
0.24263605
0.24263605
0.24263605
0.24263605
0.24263605
0.37241107
0.25523140
0.25523140
0.25523140
0.25523140
0.25593970
0.25593970
0.25593970
0.25593970
0.25593970
0.25593970
0.25593970
0.25593970
0.25593970
0.25593970
0.25593970
0.18052820
0.18212556
0.13582946
0.13582946
0.13582946
0.13582946
0.13582946
0.13582946
0.13582946
0.13582946
0.13582946
0.13582946
0.13582946
0.13582946
0.13582946
0.15608910
0.15608910
0.15433934
0.15269743
0.15269743
0.15269743
0.15269743
0.15269743
0.15269743
0.15269743
0.15269743
0.15269743
0.15269743
0.15269743
0.15269743
0.15269743
0.14772258
0.14772258
0.14772258
0.14772258
0.14772258
0.14772258
0.14772258
0.14772258
0.14772258
0.14772258
0.14772258
0.14772258
0.14772258
0.14772258
0.10370387
0.10370387
0.10356107
0.10356107
0.10356107
0.10356107
0.10356107
0.10356107
0.10356107
0.10356107
0.10356107
0.10356107
0.10356107
0.10356107
0.10356107
0.09641637
0.10039636
0.10039636
0.09959309
0.09384217
0.09384217
0.09384217
0.09384217
0.09384217
0.09384217
0.09384217
0.09384217
0.09384217
0.09384217
0.09384217
0.08259811
0.09234154
0.09523270
0.09266888
0.09388566
0.09388566
0.09388566
0.09388566
0.09388566
0.09388566
0.09388566
0.09388566
0.09388566
0.09388566
0.09388566
0.08848788
0.08848788
0.09492436
0.10088779
0.10088779
0.10088779
0.10088779
0.10088779
0.10088779
0.10088779
0.10088779
0.10088779
0.10088779
0.10088779
0.10088779
0.10605360
0.10101678
0.10101678
0.10101678
0.09743675
0.09743675
0.09743675
0.09743675
0.09743675
0.09743675
0.09743675
0.09743675
0.09743675
0.09743675
0.09743675
0.08010452
0.08010452
0.08010452
0.08010452
0.08010452
0.08010452
0.08010452
0.08010452
0.08010452
0.08010452
0.08010452
0.08010452
0.08010452
0.08010452
0.08010452
0.09297479
0.06756004
0.06756004
0.06971451
0.06664126
0.06664126
0.06664126
0.06664126
0.06664126
0.06664126
0.06664126
0.06664126
0.06664126
0.06664126
0.06664126
0.06664126
0.09221587
0.08860630
0.09016282
0.08708933
0.08708933
0.08708933
0.08708933
0.08708933
0.08708933
0.08708933
0.08708933
0.08708933
0.08708933
0.08708933
0.09931553
0.09931553
0.10131083
0.10049545
0.05576764
0.05576764
0.05576764
0.05576764
0.05576764
0.05576764
0.05576764
0.05576764
0.05576764
0.05576764
0.05576764
0.06379504
0.05864490
0.06427472
0.06858635
0.06858635
0.06858635
0.06858635
0.06858635
0.06858635
0.06858635
0.06858635
0.06858635
0.06858635
0.06858635
0.06858635
0.05968581
0.05911846
0.05911846
0.06103522
0.05317609
0.05317609
0.05317609
0.05317609
0.05317609
0.05317609
0.05317609
0.05317609
0.05317609
0.05317609
0.05317609
0.05943602
0.06298723
0.06298723
0.05044199
0.05044199
0.05044199
0.05044199
0.05044199
0.05044199
0.05044199
0.05044199
0.05044199
0.05044199
0.05044199
0.05044199
0.04852624
0.04961973
0.04922597
0.05076552
0.04740185
0.04740185
0.04740185
0.04740185
0.04740185
0.04740185
0.04740185
0.04740185
0.04740185
