0.00000000
0.50376768
0.50376768
0.50264762
0.50443675
0.50443675
0.50443675
0.31952936
0.31819532
0.31819532
0.31672775
0.31672775
0.31672775
0.31773617
0.31939439
0.31939439
0.32792076
0.32792076
0.32921450
0.32921450
0.32921450
0.32491921
0.32491921
0.32680979
0.32680979
0.32931315
0.32034975
0.31678123
0.31678123
0.31678123
0.31678123
0.31282215
0.30927870
0.30927870
0.30815204
0.30815204
0.30815204
0.31073657
0.31073657
0.30360563
0.29899477
0.29899477
0.30268390
0.29854614
0.29958937
0.29958937
0.30217983
0.30217983
0.30217983
0.30217983
0.30320966
0.30364551
0.30364551
0.30364551
0.30364551
0.30461105
0.29878529
0.28941560
0.28941560
0.28941560
0.28941560
0.28941560
0.28744937
0.28744937
0.28744937
0.28744937
0.28744937
0.29233681
0.29101947
0.29101947
0.29101947
0.29101947
0.29101947
0.29101947
0.29101947
0.29101947
0.29101947
0.29077882
0.29077882
0.29077882
0.29077882
0.29077882
0.29429831
0.29219405
0.29517312
0.30068850
0.30068850
0.30068850
0.30068850
0.30485735
0.30539304
0.30539304
0.30539304
0.31107077
0.31455586
0.31455586
0.32159711
0.31905155
0.31905155
0.24485308
0.24485308
0.24081610
0.23980572
0.23980572
0.23980572
0.23980572
0.24905565
0.24890815
0.24778924
0.24778924
0.18187454
0.18187454
0.18331819
0.18331819
0.18331819
0.18331819
0.19112223
0.18902625
0.18819379
0.18819379
0.19291931
0.19291931
0.19355197
0.19355197
0.19404508
0.19378986
0.19378986
0.19378986
0.18943602
0.18943602
0.11186010
0.11186010
0.11904340
0.11904340
0.11904340
0.11904340
0.11904340
0.11904340
0.12277994
0.12277994
0.12415418
0.13228803
0.13028693
0.13028693
0.13028693
0.13028693
0.13855344
0.13646504
0.13646504
0.13646504
0.13646504
0.13932180
0.13712593
0.13712593
0.13712593
0.13728158
0.13205111
0.13205111
0.13205111
0.13205111
0.08375514
0.08099428
0.08099428
0.09048631
0.09929946
0.07333649
0.07333649
0.06993811
0.06993811
0.06828372
0.06828372
0.06828372
0.06828372
0.06828372
0.07056019
0.06485588
0.06230934
0.05868723
0.06007178
0.06467865
0.06467865
0.06253297
0.06253297
0.06407360
0.06407360
0.06513472
0.06513472
0.06513472
0.06475758
0.06268776
0.06268776
0.06268776
0.06066221
0.06322824
0.06322824
0.06322824
0.06642865
0.06260817
0.06260817
0.06140761
0.06140761
0.06147809
0.06147809
0.06147809
0.06762417
0.06725176
0.07754113
0.07523803
0.07523803
0.05781290
0.05781290
0.05781290
0.05781290
0.05781290
0.05781290
0.05385266
0.05599460
0.05599460
0.05828460
0.06079343
0.06079343
0.06079343
0.06079343
0.05852417
0.05753549
0.05753549
0.05753549
0.05506975
0.05506975
0.05506975
0.05506975
0.05352112
0.05668838
0.05668838
0.05871671
0.05714079
0.05927726
0.05973970
0.05973970
0.05973970
0.05880550
0.05880550
0.05880550
0.05880550
0.05737492
0.06015141
0.06294572
0.06326560
0.06326560
0.06283334
0.06283334
0.06306316
0.06306316
0.06286589
0.06286589
0.06286589
0.06286589
0.06286589
0.05253441
0.05253441
0.05253441
0.05253441
0.05253441
0.05253441
0.05514862
0.05514862
0.05514862
0.05514862
0.05565780
0.05565780
0.05596630
0.05596630
0.05596630
0.05430241
0.05155999
0.05155999
0.05467719
0.05709260
0.05709260
0.05709260
0.05878325
0.05878325
0.05878325
0.05878325
0.05524456
0.05710526
0.05360542
0.05360542
0.05236384
0.05236384
0.05236384
0.05214420
0.05214420
0.05214420
0.05214420
0.05214420
0.05080109
0.05103225
0.05103225
0.05103225
0.05103225
0.05077005
0.05148860
0.05301333
0.05430848
0.05430848
0.05017325
0.04974727
0.04935750
0.05083863
0.05232692
0.05232692
0.05075142
0.05311970
0.05174377
0.05427166
0.05420392
0.05364159
0.05364159
0.05364159
0.05364159
0.05417260
0.05417260
0.05417260
0.05417260
0.05417260
0.05217263
0.05217263
0.05270775
0.05395815
0.05395815
0.05627661
0.05627661
0.06015511
0.06207819
0.06207819
0.06360748
0.06360748
0.06764290
0.06764290
0.06764290
0.06863089
0.07198559
0.06949657
0.06949657
0.06949657
0.06949657
0.04909950
0.04909950
0.04587185
0.04587185
0.04587185
0.04587185
0.04585729
0.04585729
0.04585729
0.04707089
0.04853497
0.04791934
0.04791934
0.04704099
0.04704099
0.04549221
0.04549221
0.04549221
0.05125941
0.05424570
0.05876975
0.05876975
0.06143864
0.06609182
0.06609182
0.06609182
0.06609182
0.06285293
0.06285293
0.06285293
0.06285293
0.06577086
0.06577086
0.06666409
0.06666409
0.06876014
0.06876014
0.07114049
0.07028095
0.07044060
0.07044060
0.07044060
0.07044060
0.06765149
0.06765149
0.06765149
0.06765149
0.06765149
0.06765149
0.06765149
0.07199912
0.07199912
0.07158248
0.07785782
0.07749869
0.07749869
0.07793755
0.07793755
0.07793755
0.07793755
0.07793755
0.07793755
0.07246957
0.07246957
0.07246957
0.07246957
0.07246957
0.07595018
0.07987582
0.07987582
0.07987582
0.07987582
0.07987582
0.07987582
0.07987582
0.07887805
0.07686178
0.07686178
0.07328796
0.07328796
0.07737549
0.07884673
0.08622529
0.08622529
0.08622529
0.08622529
0.08759750
0.08759750
0.08759750
0.08937257
0.08937257
0.08984815
0.08984815
0.09338803
0.09968347
0.09968347
0.09835999
0.09835999
0.10016767
0.10036339
0.10417401
0.10249668
0.10249668
0.10249668
0.10309656
0.10309656
0.10338970
0.10338970
0.10338970
0.04416719
0.04341536
0.04307342
0.04214412
0.04279102
0.04371831
0.04404541
0.04623071
0.04601605
0.04601605
0.04601605
0.04657737
0.04657737
0.04657737
0.04671555
0.04671555
0.04827977
0.04827977
0.05224555
0.05562811
0.05625156
0.05625156
0.05625156
0.05625156
0.05553396
0.05751065
0.05551635
0.05412916
0.05412916
0.05412916
0.05688815
0.05861705
0.06071872
0.04509802
0.04509802
0.04701059
0.05036532
0.05481374
0.05481374
0.05983316
0.05983316
0.05775083
0.05775083
0.05964647
0.05964647
0.06089433
0.06101801
0.06101801
0.06101801
0.05847867
0.05847867
0.05652653
0.04325626
0.04702689
0.04702689
0.05011079
0.05011079
0.05011079
0.04821127
0.04821127
0.04541612
0.04609913
0.04609913
0.04609913
0.04609913
0.04717819
0.04699385
0.04699385
0.04509586
0.04748010
0.05102247
0.05081705
0.05226060
0.05226060
0.04967513
0.04348063
0.04348063
0.04348063
0.04225879
0.05178732
0.05115809
0.05115809
0.04723777
0.04625857
0.04664455
0.04774707
0.05344043
0.05344043
0.05344043
0.05478887
0.05478887
0.05478887
0.04985751
0.04985751
0.04985751
0.05068968
0.05068968
0.05068968
0.05068968
0.04836651
0.04793509
0.04568952
0.04374870
0.04374870
0.04374870
0.04374870
0.04318487
0.04318487
0.04318487
0.04401419
0.04401419
0.04221937
0.04220003
0.04254028
0.04254028
0.04282825
0.04282825
0.04282825
0.04282825
0.04282825
0.04397023
0.04397023
0.04538906
0.04538906
0.04538906
0.04538906
0.04538906
0.04538906
0.04797687
0.05069013
0.05069013
0.05126251
0.04873597
0.04873597
0.04994104
0.04994104
0.05517817
0.05721351
0.05662548
0.05431990
0.05600002
0.05600002
0.05600002
0.06121222
0.06186329
0.06366908
0.06366908
0.06366908
0.06366908
0.06366908
0.06366908
0.06366908
0.06366908
0.06366908
0.06366908
0.06366908
0.06366908
0.06366908
0.06366908
0.06366908
0.06366908
0.06366908
0.06366908
0.06366908
0.06366908
0.06366908
0.06366908
0.06366908
0.06366908
0.06366908
0.06366908
0.06366908
0.06366908
0.06366908
0.06366908
0.06366908
0.06366908
0.06366908
0.06366908
0.06366908
0.06366908
0.05040766
0.05040766
0.05040766
0.05040766
0.05040766
0.05040766
0.05040766
0.05040766
0.05040766
0.05040766
0.05040766
0.05040766
0.05040766
0.05040766
0.05040766
0.05040766
0.05040766
0.05040766
0.05040766
0.05040766
0.05040766
0.05040766
0.05040766
0.05040766
0.05040766
0.05040766
0.05040766
0.05040766
0.05040766
0.05040766
0.05040766
0.05040766
0.05040766
0.05040766
0.05040766
0.05040766
0.05040766
0.05040766
0.05040766
0.05040766
0.04404527
0.04749036
0.05149480
0.05149480
0.05168598
0.05168598
0.05168598
0.05168598
0.05168598
0.05168598
0.05168598
0.05168598
0.05168598
0.05168598
0.05168598
0.05168598
0.05168598
0.05168598
0.05168598
0.05168598
0.05168598
0.05168598
0.05168598
0.05168598
0.05168598
0.05168598
0.05168598
0.05168598
0.05168598
0.05168598
0.05168598
0.05168598
0.05168598
0.05168598
0.05168598
0.05168598
0.05168598
0.05168598
0.05168598
0.05168598
0.05659829
0.05659829
0.04299631
0.04299631
0.04323264
0.04323264
0.04323264
0.04323264
0.04323264
0.04323264
0.04323264
0.04323264
0.04323264
0.04323264
0.04323264
0.04323264
0.04323264
0.04323264
0.04323264
0.04323264
0.04323264
0.04323264
0.04323264
0.04323264
0.04323264
0.04323264
0.04323264
0.04323264
0.04323264
0.04323264
0.04323264
0.04323264
0.04323264
0.04323264
0.04323264
0.04323264
0.04323264
0.04323264
0.04323264
0.04323264
0.05722518
0.05722518
0.06471821
0.06471821
0.06997984
0.06997984
0.06997984
0.06997984
0.06997984
0.06997984
0.06997984
0.06997984
0.06997984
0.06997984
0.06997984
0.06997984
0.06997984
0.06997984
0.06997984
0.06997984
0.06997984
0.06997984
0.06997984
0.06997984
0.06997984
0.06997984
0.06997984
0.06997984
0.06997984
0.06997984
0.06997984
0.06997984
0.06997984
0.06997984
0.06997984
0.06997984
0.06997984
0.06997984
0.06997984
0.06997984
0.07245075
0.08345608
0.08666253
0.08666253
0.08666253
0.08666253
0.08666253
0.08666253
0.08666253
0.08666253
0.08666253
0.08666253
0.08666253
0.08666253
0.08666253
0.08666253
0.08666253
0.08666253
0.08666253
0.08666253
0.08666253
0.08666253
0.08666253
0.08666253
0.08666253
0.08666253
0.08666253
0.08666253
0.08666253
0.08666253
0.08666253
0.08666253
0.08666253
0.08666253
0.08666253
0.08666253
0.08666253
0.08666253
0.08666253
0.08666253
0.06121205
0.04229926
0.04229926
0.04472271
0.04472271
0.04472271
0.04472271
0.04472271
0.04472271
0.04472271
0.04472271
0.04472271
0.04472271
0.04472271
0.04472271
0.04472271
0.04472271
0.04472271
0.04472271
0.04472271
0.04472271
0.04472271
0.04472271
0.04472271
0.04472271
0.04472271
0.04472271
0.04472271
0.04472271
0.04472271
0.04472271
0.04472271
0.04472271
0.04472271
0.04472271
0.04472271
0.04472271
0.04472271
0.04472271
0.04472271
0.04312580
0.03770618
0.03923983
0.03923983
0.04015698
0.04015698
0.04015698
0.04015698
0.04015698
0.04015698
0.04015698
0.04015698
0.04015698
0.04015698
0.04015698
0.04015698
0.04015698
0.04015698
0.04015698
0.04015698
0.04015698
0.04015698
0.04015698
0.04015698
0.04015698
0.04015698
0.04015698
0.04015698
0.04015698
0.04015698
0.04015698
0.04015698
0.04015698
0.04015698
0.04015698
0.04015698
0.04015698
0.04015698
0.04015698
0.04015698
0.04435221
0.04435221
0.04336188
0.04336188
0.04469174
0.04469174
0.04469174
0.04469174
0.04469174
0.04469174
0.04469174
0.04469174
0.04469174
0.04469174
0.04469174
0.04469174
0.04469174
0.04469174
0.04469174
0.04469174
0.04469174
0.04469174
0.04469174
0.04469174
0.04469174
0.04469174
0.04469174
0.04469174
0.04469174
0.04469174
0.04469174
0.04469174
0.04469174
0.04469174
0.04469174
0.04469174
0.04469174
0.04469174
0.04469174
0.04469174
0.05908006
0.05329845
0.05471469
0.05839308
0.06069278
0.06069278
0.06069278
0.06069278
0.06069278
0.06069278
0.06069278
0.06069278
0.06069278
0.06069278
0.06069278
0.06069278
0.06069278
0.06069278
0.06069278
0.06069278
0.06069278
0.06069278
0.06069278
0.06069278
0.06069278
0.06069278
0.06069278
0.06069278
0.06069278
0.06069278
0.06069278
0.06069278
0.06069278
0.06069278
0.06069278
0.06069278
0.06069278
0.06069278
0.06069278
0.06069278
0.05858156
0.05743210
0.05421781
