0.00000000
0.33346923
0.33346923
0.33176441
0.33189988
0.33189988
0.33189988
0.33189988
0.33189988
0.33189988
0.33189988
0.33189988
0.33189988
0.33189988
0.40119593
0.40119593
0.39808065
0.39808065
0.39951801
0.39951801
0.39951801
0.39922289
0.39922289
0.39922289
0.39922289
0.39922289
0.39922289
0.39922289
0.39922289
0.39922289
0.39922289
0.39922289
0.39922289
0.39922289
0.39922289
0.39922289
0.39922289
0.39400131
0.39400131
0.39596291
0.39471439
0.39471439
0.39471439
0.39471439
0.39471439
0.39471439
0.39471439
0.39471439
0.39471439
0.39471439
0.39471439
0.39471439
0.39471439
0.39471439
0.39471439
0.39471439
0.39471439
0.39471439
0.39471439
0.39471439
0.39471439
0.39471439
0.39471439
0.39471439
0.39471439
0.39471439
0.39471439
0.39471439
0.39471439
0.39471439
0.39471439
0.39471439
0.39471439
0.39471439
0.39471439
0.39471439
0.39471439
0.39471439
0.39471439
0.39471439
0.39471439
0.39471439
0.39471439
0.39471439
0.39471439
0.39471439
0.39471439
0.39471439
0.39471439
0.39471439
0.39471439
0.39471439
0.39471439
0.39471439
0.39471439
0.39471439
0.39471439
0.39471439
0.39471439
0.39471439
0.39471439
0.39471439
0.39471439
0.39471439
0.39471439
0.39471439
0.39471439
0.39471439
0.39471439
0.39471439
0.39471439
0.39471439
0.39471439
0.39471439
0.39471439
0.39471439
0.39471439
0.39471439
0.39471439
0.39471439
0.39471439
0.39471439
0.39471439
0.39471439
0.39471439
0.39471439
0.39471439
0.39471439
0.39471439
0.39471439
0.39471439
0.39471439
0.39471439
0.39471439
0.39471439
0.39471439
0.39471439
0.39471439
0.39471439
0.39471439
0.39471439
0.39471439
0.39471439
0.39471439
0.39471439
0.39471439
0.39471439
0.39471439
0.39471439
0.39471439
0.39471439
0.39471439
0.39471439
0.39471439
0.39471439
0.39471439
0.39471439
0.39471439
0.39471439
0.39471439
0.39471439
0.39471439
0.39471439
0.39471439
0.39471439
0.39471439
0.39471439
0.39471439
0.39471439
0.39471439
0.39471439
0.39471439
0.39471439
0.39471439
0.39471439
0.39471439
0.39471439
0.39471439
0.39471439
0.39471439
0.39471439
0.39471439
0.39471439
0.39471439
0.39471439
0.39471439
0.39471439
0.39471439
0.39471439
0.39471439
0.39471439
0.39471439
0.39471439
0.39471439
0.39471439
0.39471439
0.39471439
0.39471439
0.39471439
0.39471439
0.39471439
0.39471439
0.39471439
0.39471439
0.39471439
0.39471439
0.39471439
0.39471439
0.39471439
0.39471439
0.39471439
0.39471439
0.39471439
0.39471439
0.39471439
0.39471439
0.39471439
0.39471439
0.39471439
0.39471439
0.39471439
0.39471439
0.39471439
0.39471439
0.39471439
0.39471439
0.39471439
0.39471439
0.39471439
0.39471439
0.39471439
0.39471439
0.39471439
0.39471439
0.39471439
0.39471439
0.39471439
0.39471439
0.39471439
0.39471439
0.39471439
0.39471439
0.39471439
0.39471439
0.39471439
0.39471439
0.39471439
0.43657862
0.43657862
0.44038932
0.44038932
0.43720281
0.43720281
0.43730614
0.43730614
0.43730614
0.43730614
0.43730614
0.43730614
0.43730614
0.43730614
0.43730614
0.43730614
0.43730614
0.43730614
0.43730614
0.43730614
0.43730614
0.43730614
0.43730614
0.43730614
0.43730614
0.43730614
0.43730614
0.43730614
0.43730614
0.43730614
0.43730614
0.43730614
0.43730614
0.43730614
0.43730614
0.43730614
0.43730614
0.43730614
0.43730614
0.43730614
0.43730614
0.43730614
0.43730614
0.43730614
0.43730614
0.43730614
0.43730614
0.43730614
0.43730614
0.43730614
0.43730614
0.43730614
0.43730614
0.43730614
0.43730614
0.43730614
0.43730614
0.43730614
0.43730614
0.43730614
0.43730614
0.43730614
0.43730614
0.43730614
0.43730614
0.43730614
0.43730614
0.43730614
0.43730614
0.43730614
0.43730614
0.43730614
0.43730614
0.43730614
0.43730614
0.43730614
0.43730614
0.43730614
0.43730614
0.43730614
0.43730614
0.43730614
0.43730614
0.43730614
0.43730614
0.43730614
0.43730614
0.43730614
0.43730614
0.43730614
0.43730614
0.43730614
0.43730614
0.43730614
0.43730614
0.43730614
0.43730614
0.43730614
0.43730614
0.43730614
0.43730614
0.43730614
0.43730614
0.43730614
0.43730614
0.43730614
0.43730614
0.43730614
0.43730614
0.43730614
0.43730614
0.43730614
0.43730614
0.43730614
0.43730614
0.43730614
0.43730614
0.43730614
0.43730614
0.43730614
0.43730614
0.43730614
0.43730614
0.43730614
0.43730614
0.43730614
0.43730614
0.43730614
0.43730614
0.43730614
0.43730614
0.43730614
0.43730614
0.43730614
0.43730614
0.43730614
0.43730614
0.43730614
0.43730614
0.43730614
0.43730614
0.43730614
0.43730614
0.43730614
0.43730614
0.43730614
0.43730614
0.43730614
0.43730614
0.43730614
0.43730614
0.43730614
0.43730614
0.43730614
0.43730614
0.43730614
0.43730614
0.43730614
0.43730614
0.43730614
0.43730614
0.43730614
0.43730614
0.43730614
0.43730614
0.43730614
0.43730614
0.43730614
0.43730614
0.43730614
0.43730614
0.43730614
0.43730614
0.43730614
0.43730614
0.43730614
0.43730614
0.43730614
0.43730614
0.43730614
0.43730614
0.43730614
0.43730614
0.43730614
0.43730614
0.43730614
0.43730614
0.43730614
0.43730614
0.43730614
0.43730614
0.43730614
0.43730614
0.43730614
0.43730614
0.43730614
0.43730614
0.43730614
0.43730614
0.43730614
0.43730614
0.43730614
0.43730614
0.43730614
0.43730614
0.43730614
0.43730614
0.43730614
0.43730614
0.43730614
0.43730614
0.43730614
0.43730614
0.43730614
0.43730614
0.43730614
0.43730614
0.43730614
0.43730614
0.43730614
0.43730614
0.43730614
0.43730614
0.43730614
0.43730614
0.43730614
0.43730614
0.43730614
0.43730614
0.43730614
0.43730614
0.43730614
0.43730614
0.43730614
0.43730614
0.43730614
0.43730614
0.43730614
0.43730614
0.43730614
0.43730614
0.43730614
0.43730614
0.43730614
0.43730614
0.43730614
0.43730614
0.43730614
0.43730614
0.43730614
0.43730614
0.43730614
0.43730614
0.43730614
0.43730614
0.43730614
0.43730614
0.43730614
0.43730614
0.43730614
0.43730614
0.43730614
0.43730614
0.43730614
0.43730614
0.43730614
0.43730614
0.43730614
0.43730614
0.43730614
0.43730614
0.43730614
0.43730614
0.43730614
0.43730614
0.43730614
0.43730614
0.43730614
0.43730614
0.43730614
0.43730614
0.43730614
0.43730614
0.43730614
0.43730614
0.43730614
0.43730614
0.43730614
0.43730614
0.43730614
0.43730614
0.43730614
0.43730614
0.43730614
0.43730614
0.43730614
0.43730614
0.43730614
0.43730614
0.43730614
0.43730614
0.43730614
0.43730614
0.43730614
0.43730614
0.43730614
0.43730614
0.43730614
0.43730614
0.43730614
0.43730614
0.43730614
0.43730614
0.43730614
0.43730614
0.43730614
0.43730614
0.43730614
0.43730614
0.43730614
0.43730614
0.43730614
0.43730614
0.43730614
0.43730614
0.43730614
0.43730614
0.43730614
0.43730614
0.43730614
0.43730614
0.43730614
0.43730614
0.43730614
0.43730614
0.43730614
0.43730614
0.43730614
0.43730614
0.43730614
0.43730614
0.43730614
0.43730614
0.43730614
0.43730614
0.43730614
0.43730614
0.43730614
0.43730614
0.43730614
0.43730614
0.43730614
0.43730614
0.43730614
0.50589195
0.50589195
0.50385732
0.50385732
0.50365783
0.50365783
0.50454340
0.50648079
0.50648079
0.50502769
0.50502769
0.50502769
0.50553879
0.40772033
0.40772033
0.40251162
0.40966795
0.41184005
0.40922935
0.41244924
0.41244924
0.41244924
0.41510691
0.41510691
0.41307738
0.41307738
0.41307738
0.41088929
0.40759165
0.40643666
0.40255549
0.40726716
0.40726716
0.40726716
0.40726716
0.40726716
0.40647731
0.40647731
0.40647731
0.40647731
0.40647731
0.40350236
0.40654897
0.40654897
0.40654897
0.40654897
0.40654897
0.40927086
0.40927086
0.41245922
0.41245922
0.41475418
0.41403157
0.37528301
0.37528301
0.37528301
0.37861893
0.37861893
0.37861893
0.37032675
0.36928331
0.36928331
0.36181731
0.36404736
0.36404736
0.36404736
0.32865129
0.27742075
0.27742075
0.27464949
0.22983234
0.22983234
0.22983234
0.22986026
0.22986026
0.22189503
0.22065268
0.22073346
0.22026411
0.22026411
0.21968301
0.21817243
0.15680537
0.15995731
0.16145560
0.16339160
0.16555532
0.16514765
0.16484174
0.17382758
0.17870352
0.17870352
0.18507294
0.18507294
0.18566928
0.18874488
0.18874488
0.11023389
0.11023389
0.11023389
0.11067990
0.11067990
0.11067990
0.10806016
0.10806016
0.10806016
0.10806016
0.10806016
0.10806016
0.10508022
0.10604128
0.10805285
0.10805285
0.10805285
0.11517362
0.11517362
0.11517362
0.11517362
0.08350777
0.08350777
0.06891199
0.06891199
0.07011889
0.07011889
0.06925972
0.06925972
0.06925972
0.06925972
0.06925972
0.06925972
0.06925972
0.06517755
0.06517755
0.06517755
0.06223891
0.05785452
0.05785452
0.05785452
0.05785452
0.05785452
0.05785452
0.05785452
0.06632695
0.06433777
0.06769027
0.06769027
0.06769027
0.06769027
0.06769027
0.06769027
0.06769027
0.06739356
0.07017450
0.05670180
0.05670180
0.05670180
0.05670180
0.05670180
0.05670180
0.05670180
0.05670180
0.06372615
0.06372615
0.06372615
0.04553387
0.04553387
0.04553387
0.04553387
0.04553387
0.04553387
0.04553387
0.04700382
0.04682219
0.04682219
0.04694269
0.04694269
0.04694269
0.04694269
0.04694269
0.04694269
0.04694269
0.06140142
0.06547370
0.06547370
0.06547370
0.06547370
0.06547370
0.06547370
0.06547370
0.06547370
0.06547370
0.07294447
0.07294447
0.07294447
0.07294447
0.07496662
0.07496662
0.07496662
0.07496662
0.07496662
0.07496662
0.09740048
0.09740048
0.10118230
0.04102729
0.04102729
0.04102729
0.04102729
0.04102729
0.04102729
0.04102729
0.04631854
0.03974908
0.03974908
0.04090114
0.04277632
0.04277632
0.04277632
0.04277632
0.04277632
0.04277632
0.04466725
0.04282172
0.04282172
0.04282172
0.04408169
0.04408169
0.04408169
0.04408169
0.04408169
0.04408169
0.05226378
0.05252549
0.05287998
0.05287998
0.05279752
0.05279752
0.05279752
0.05279752
0.05279752
0.05279752
0.06226088
0.06226088
0.06187226
0.06187226
0.06360031
0.06360031
0.06360031
0.06360031
0.06360031
0.06360031
0.04345212
0.04345212
0.04345212
0.04345301
0.04642226
0.04642226
0.04642226
0.04642226
0.04642226
0.04642226
0.04601408
0.04236167
0.04403419
0.04654334
0.04654334
0.04654334
0.04654334
0.04654334
0.04654334
0.04654334
0.03928880
0.03928880
0.03928880
0.03928880
0.03928880
0.03928880
0.03928880
0.03928880
0.03928880
0.03928880
0.04108309
0.04108309
0.04108309
0.04065887
0.04065887
0.04065887
0.04065887
0.04065887
0.04065887
0.04065887
0.04443198
0.04271952
0.04372551
0.04289343
0.04020229
0.04020229
0.04020229
0.04020229
0.04020229
0.04020229
0.04863055
0.04863055
0.04863055
0.04863055
0.04768402
0.04768402
0.04768402
0.04768402
0.04768402
0.04768402
0.04683810
0.04683810
0.04956483
0.04956483
0.04956483
0.04956483
0.04956483
0.04956483
0.04956483
0.04956483
0.04005043
0.04138111
0.04138111
0.04138111
0.04368607
0.04368607
0.04368607
0.04368607
0.04368607
0.04368607
0.04485443
0.04485443
0.04671991
0.04671991
0.05175418
0.05175418
0.05175418
0.05175418
0.05175418
0.05175418
0.04557698
0.04363651
0.04363651
0.04478920
0.04332497
0.04332497
0.04332497
0.04332497
0.04332497
0.04332497
0.04726975
0.05156949
0.05257130
0.05476737
0.05476737
0.05476737
0.05476737
0.05476737
0.05476737
0.05476737
0.04114868
0.04114868
0.04235365
0.04235365
0.03964266
0.03964266
0.03964266
0.03964266
0.03964266
0.03964266
0.04278061
0.04278061
0.04278061
0.04278061
0.04820643
0.04820643
0.04820643
0.04820643
0.04820643
0.04820643
0.04316692
0.04127639
0.04217849
0.04217849
0.04217849
0.04217849
0.04217849
0.04217849
0.04217849
0.04217849
0.05064283
0.04559727
0.04559727
0.04601921
0.04601921
0.04601921
0.04601921
0.04601921
