0.00000000
0.00000000
0.00000000
0.41068341
0.40883830
0.40883830
0.40883830
0.40217471
0.40153846
0.40500010
0.40287458
0.39997314
0.30114942
0.30013910
0.30136307
0.30227918
0.30414139
0.30414139
0.30414139
0.30414139
0.30414139
0.30414139
0.30414139
0.32251517
0.31953470
0.31953470
0.31953470
0.31953470
0.31953470
0.31953470
0.31953470
0.31953470
0.31953470
0.31953470
0.31953470
0.31953470
0.31953470
0.31953470
0.31953470
0.31953470
0.31953470
0.31953470
0.31953470
0.31953470
0.31953470
0.31953470
0.31953470
0.31953470
0.31953470
0.31953470
0.31953470
0.31953470
0.31953470
0.31953470
0.31953470
0.31953470
0.31953470
0.31953470
0.31953470
0.31953470
0.31953470
0.31953470
0.31953470
0.31953470
0.31953470
0.31953470
0.31953470
0.16789355
0.11779446
0.11644026
0.11759730
0.11759730
0.11263033
0.11978704
0.11978704
0.11685854
0.11685854
0.11442627
0.11321603
0.11321603
0.11321603
0.08817529
0.08817529
0.08817529
0.08817529
0.08881926
0.06620948
0.06620948
0.06620948
0.07062477
0.07062477
0.07062477
0.07062477
0.06945445
0.06945445
0.07554929
0.07718048
0.07718048
0.07836958
0.07836958
0.07836958
0.07836958
0.07445851
0.04775037
0.04775037
0.04775037
0.04775037
0.04775037
0.04775037
0.04613272
0.04613272
0.04613272
0.04613272
0.04913707
0.05253190
0.05253190
0.05253190
0.05253190
0.05253190
0.05253190
0.05253190
0.05253190
0.04807030
0.04681062
0.04681062
0.04754681
0.04754681
0.04754681
0.05336917
0.05336917
0.05545945
0.05545945
0.05545945
0.05545945
0.05545945
0.04399901
0.04598965
0.04720133
0.04621248
0.04621248
0.04719588
0.04719588
0.04763759
0.04763759
0.04763759
0.04748713
0.04748713
0.04748713
0.04748713
0.04748713
0.04409282
0.04223228
0.04223228
0.04223228
0.04150910
0.04295546
0.04233684
0.04211324
0.04149595
0.04235376
0.04235376
0.04278863
0.04639016
0.04639016
0.04755264
0.04506039
0.04387617
0.04465555
0.04550283
0.04811862
0.04945499
0.04945499
0.04945499
0.05484230
0.05484230
0.04135145
0.04181651
0.04304623
0.04681136
0.04310748
0.04261617
0.04246412
0.04246412
0.04246412
0.04246412
0.04598437
0.04598437
0.04526199
0.04526199
0.04794619
0.04580098
0.04955183
0.04955183
0.04955183
0.04955183
0.05199205
0.05539276
0.04985551
0.04985551
0.04985551
0.04985551
0.04985551
0.04985551
0.05393125
0.05393125
0.05393125
0.05393125
0.05369804
0.05369804
0.05369804
0.05369804
0.05369804
0.05191045
0.05191045
0.05230592
0.05230592
0.05230592
0.05230592
0.05464528
0.05850802
0.05850802
0.05850802
0.05850802
0.06114115
0.05625359
0.05625359
0.04425706
0.04425706
0.04425706
0.04425706
0.04522239
0.04552296
0.04664857
0.04664857
0.04664857
0.04664857
0.04664857
0.04664857
0.04890108
0.05035893
0.04802813
0.04802813
0.04802813
0.04938975
0.05080593
0.05080593
0.05609397
0.05688331
0.05318531
0.05318531
0.05318531
0.05318531
0.05500453
0.05838870
0.05838870
0.05838870
0.06088143
0.06158560
0.06178722
0.05706429
0.05706429
0.05635202
0.05635202
0.05635202
0.03944709
0.03944709
0.04335926
0.04335926
0.04444316
0.04444316
0.04319313
0.04251367
0.04394727
0.04394727
0.04394727
0.04337872
0.04324230
0.04892403
0.04892403
0.04906586
0.05233246
0.05233246
0.05348874
0.05388158
0.05388158
0.05759942
0.05976073
0.05823350
0.05599925
0.05599925
0.05491557
0.03990563
0.03942048
0.03942048
0.03942048
0.03978440
0.03978440
0.03922245
0.04000020
0.04127094
0.04127094
0.04127094
0.03980715
0.03980715
0.03980715
0.03980715
0.04104148
0.04037092
0.03912561
0.03912561
0.04006295
0.04210342
0.04460853
0.04651552
0.04651552
0.04651552
0.04651552
0.04651552
0.04651552
0.04272025
0.04272025
0.04272025
0.04485926
0.04485926
0.04485926
0.04312668
0.04312668
0.04312668
0.04749926
0.04749926
0.04749926
0.04749926
0.04749926
0.04973842
0.04973842
0.06028144
0.06028144
0.05825286
0.05615081
0.05615081
0.05615081
0.05508588
0.05365585
0.05365585
0.05869631
0.05869631
0.05869631
0.05869631
0.05690248
0.05642364
0.03885225
0.03885225
0.03885225
0.04050928
0.04050928
0.04103972
0.04113238
0.04113238
0.04520934
0.04658408
0.04658408
0.04658408
0.04658408
0.04658408
0.04702841
0.04347319
0.04272804
0.04272804
0.04272804
0.04272804
0.04272804
0.04272804
0.04272804
0.04272804
0.04272804
0.04272804
0.04272804
0.04391882
0.04391882
0.04581198
0.04563486
0.04563486
0.04563486
0.04563486
0.04793469
0.04793469
0.04781278
0.04130906
0.04130906
0.04191690
0.04161965
0.04161965
0.04161965
0.04161965
0.04161965
0.04161965
0.04510365
0.04510365
0.04510365
0.04510365
0.04305423
0.04305423
0.04623950
0.04623950
0.04623950
0.04981673
0.04765391
0.04765391
0.04625241
0.04397817
0.04397817
0.04239295
0.04239295
0.04146295
0.04133629
0.04203922
0.04203922
0.04156324
0.04156324
0.04156324
0.04244391
0.04244391
0.04244391
0.04244391
0.04244391
0.04244391
0.04052817
0.04029588
0.04029588
0.04029588
0.04107766
0.04091650
0.03936768
0.04224796
0.04547014
0.04547014
0.04879180
0.04879180
0.03966764
0.04051191
0.04109270
0.04112310
0.04112310
0.04014586
0.04014586
0.04014586
0.04014586
0.04014586
0.04047842
0.04047842
0.04047842
0.04047842
0.04435860
0.04435860
0.04435860
0.04946608
0.05076319
0.05076319
0.04865214
0.04865214
0.04865214
0.05107618
0.05107618
0.04912069
0.04725857
0.04725857
0.04725857
0.04725857
0.04725857
0.04725857
0.04725857
0.04603110
0.04603110
0.04603110
0.04603110
0.04680052
0.04680052
0.04965693
0.05148202
0.05201484
0.05201484
0.05373680
0.05430691
0.05430691
0.05430691
0.05815272
0.05815272
0.05837463
0.05837463
0.05767957
0.05767957
0.05830897
0.05799794
0.05799794
0.05799794
0.05177059
0.05177059
0.05177059
0.05177701
0.05341835
0.05484255
0.04182787
0.04277442
0.03748132
0.03779319
0.03779319
0.03779319
0.03779319
0.03754320
0.03754320
0.03804391
0.03804391
0.03896415
0.03896415
0.03896415
0.04123486
0.04479236
0.04451692
0.04131962
0.04282861
0.04282861
0.04235893
0.04235893
0.04155252
0.04155252
0.04155252
0.04155252
0.04005923
0.04248529
0.04248529
0.04248529
0.04248529
0.04248529
0.04248529
0.04248529
0.04058705
0.04221169
0.04221169
0.04221169
0.04221169
0.04221169
0.04221169
0.04221169
0.04111259
0.04079456
0.04867744
0.05017547
0.05017547
0.05017547
0.05017547
0.05017547
0.04730008
0.04730008
0.04728095
0.04728095
0.04940323
0.04578706
0.04091975
0.04421904
0.04421904
0.04421904
0.04421904
0.04421904
0.04421904
0.04421904
0.04421904
0.04421904
0.04437778
0.04437778
0.04265763
0.04265763
0.04265763
0.04265763
0.04265763
0.04311162
0.04311162
0.04358883
0.04380063
0.04380063
0.04380063
0.04601000
0.05025305
0.04665929
0.05009137
0.05009137
0.05009137
0.05009137
0.04674916
0.04496102
0.04390406
0.04702812
0.04702812
0.04495048
0.04495048
0.04503299
0.04503299
0.04503299
0.04503299
0.04095383
0.04054402
0.04054402
0.04706148
0.04706148
0.04706148
0.04706148
0.04706148
0.04706148
0.04706148
0.04706148
0.04706148
0.04706148
0.04706148
0.05236091
0.05202812
0.05202812
0.04980454
0.04980454
0.05442373
0.04188722
0.04188722
0.04188722
0.04446075
0.04033936
0.04430899
0.04758370
0.05218087
0.05100933
0.05100933
0.05100933
0.05100933
0.05100933
0.05100933
0.05100933
0.05100933
0.05100933
0.05100933
0.05100933
0.05100933
0.05100933
0.05100933
0.05100933
0.05100933
0.05100933
0.05100933
0.05100933
0.05100933
0.05100933
0.03839065
0.04145977
0.04113952
0.04046735
0.04117412
0.04881747
0.04881747
0.04392443
0.04341925
0.04254704
0.04719496
0.04719496
0.04532900
0.04745815
0.04408537
0.04408537
0.04408537
0.04408537
0.04408537
0.04408537
0.04408537
0.04408537
0.04408537
0.04408537
0.04408537
0.04408537
0.04408537
0.04408537
0.04408537
0.04408537
0.04408537
0.04408537
0.04408537
0.04408537
0.04408537
0.03974654
0.03952683
0.03952683
0.03952683
0.03952683
0.05436236
0.05436236
0.05436236
0.05436236
0.05420384
0.05192361
0.05074156
0.05074156
0.05549788
0.05735691
0.05735691
0.05735691
0.05735691
0.05735691
0.05735691
0.05735691
0.05735691
0.05735691
0.05735691
0.05735691
0.05735691
0.05735691
0.05735691
0.05735691
0.05735691
0.05735691
0.05735691
0.05735691
0.05735691
0.05735691
0.05874223
0.05645782
0.05688492
0.05669435
0.05269003
0.03949707
0.03948543
0.04084109
0.04084109
0.04084109
0.04223460
0.04223460
0.04724818
0.04724818
0.04676808
0.04676808
0.04676808
0.04676808
0.04676808
0.04676808
0.04676808
0.04676808
0.04676808
0.04676808
0.04676808
0.04676808
0.04676808
0.04676808
0.04676808
0.04676808
0.04676808
0.04676808
0.04676808
0.04676808
0.04676808
0.04676808
0.04676808
0.04676808
0.04676808
0.04676808
0.04128248
0.04128248
0.04128248
0.04128248
0.04128248
0.03801108
0.04026466
0.03828193
0.03828193
0.03828193
0.03828193
0.03828193
0.03828193
0.03828193
0.03828193
0.03828193
0.03828193
0.03828193
0.03828193
0.03828193
0.03828193
0.03828193
0.03828193
0.03828193
0.03828193
0.03828193
0.03828193
0.03828193
0.03828193
0.03828193
0.03828193
0.03828193
0.03828193
0.03828193
0.03828193
0.04715650
0.04829634
0.04829634
0.04829634
0.04829634
0.05232808
0.03760108
0.03760108
0.03760108
0.03760108
0.03760108
0.03760108
0.03760108
0.03760108
0.03760108
0.03760108
0.03760108
0.03760108
0.03760108
0.03760108
0.03760108
0.03760108
0.03760108
0.03760108
0.03760108
0.03760108
0.03760108
0.03760108
0.03760108
0.03760108
0.03760108
0.03760108
0.03760108
0.03760108
0.03760108
0.05431294
0.05431294
0.05431294
0.04774966
0.04774966
0.04774966
0.04259170
0.04259170
0.04259170
0.04227427
0.04227427
0.04227427
0.04227427
0.04227427
0.04227427
0.04227427
0.04227427
0.04227427
0.04227427
0.04227427
0.04227427
0.04227427
0.04227427
0.04227427
0.04227427
0.04227427
0.04227427
0.04227427
0.04227427
0.04227427
0.04227427
0.04227427
0.04227427
0.04227427
0.04227427
0.04686204
0.04686204
0.04686204
0.04576180
0.04291290
0.04351296
0.04565970
0.04565970
0.04565970
0.04568871
0.04568871
0.04568871
0.04568871
0.04568871
0.04568871
0.04568871
0.04568871
0.04568871
0.04568871
0.04568871
0.04568871
0.04568871
0.04568871
0.04568871
0.04568871
0.04568871
0.04568871
0.04568871
0.04568871
0.04568871
0.04568871
0.04568871
0.04568871
0.04568871
0.04568871
0.04333535
0.04534171
0.04534171
0.04462608
0.04256745
0.04473804
0.04809663
0.04809663
0.04663461
0.04663461
0.04663461
0.04663461
0.04663461
0.04663461
0.04663461
0.04663461
0.04663461
0.04663461
0.04663461
0.04663461
0.04663461
0.04663461
0.04663461
0.04663461
0.04663461
0.04663461
0.04663461
0.04663461
0.04663461
0.04663461
0.04663461
0.04663461
0.04663461
0.04663461
0.04663461
0.04171915
0.04171915
0.04097826
0.04097826
0.04036712
0.04852941
0.04852941
0.04852941
0.05134589
0.04930311
0.04930311
0.04930311
0.04930311
0.04930311
0.04930311
0.04930311
0.04930311
0.04930311
0.04930311
0.04930311
0.04930311
0.04930311
0.04930311
0.04930311
0.04930311
0.04930311
0.04930311
0.04930311
0.04930311
0.04930311
0.04930311
0.04930311
0.04930311
0.04930311
0.04930311
0.04956124
0.04956124
0.05086008
0.05086008
0.04898039
0.04955021
0.05182143
0.05182143
0.04212560
0.04212560
0.04212560
0.04212560
0.04212560
0.04212560
0.04212560
0.04212560
0.04212560
0.04212560
0.04212560
0.04212560
0.04212560
0.04212560
0.04212560
0.04212560
0.04212560
0.04212560
0.04212560
0.04212560
0.04212560
0.04212560
0.04212560
0.04212560
0.04212560
