0.00000 0.00000 0.00000 0.00000 0.00000
0.40277 0.40866 0.42809 0.36330 0.34374
0.40277 0.40866 0.42809 0.36330 0.34374
0.40601 0.40914 0.42492 0.36417 0.34374
0.40492 0.40931 0.42863 0.36483 0.34252
0.40492 0.40931 0.42863 0.36483 0.34252
0.40492 0.40931 0.42863 0.36483 0.34252
0.42396 0.39606 0.41280 0.37757 0.35669
0.42000 0.39357 0.40629 0.39478 0.36134
0.42000 0.39357 0.40629 0.39478 0.36134
0.42175 0.39108 0.40822 0.39250 0.36129
0.42175 0.39108 0.40822 0.39250 0.36129
0.42715 0.40051 0.38333 0.40402 0.36410
0.42700 0.40358 0.37949 0.39809 0.34744
0.44140 0.38835 0.38929 0.40462 0.39077
0.44140 0.38835 0.38929 0.40462 0.39077
0.43939 0.39283 0.39856 0.40662 0.39393
0.42509 0.36148 0.38334 0.36442 0.36046
0.42221 0.38389 0.37279 0.37449 0.36511
0.42221 0.38389 0.37279 0.37449 0.36511
0.42221 0.38389 0.37279 0.37449 0.36511
0.40988 0.38493 0.38788 0.36501 0.37047
0.40667 0.39060 0.37029 0.36232 0.35039
0.41019 0.38944 0.37143 0.35937 0.35200
0.41019 0.38944 0.37143 0.35937 0.35200
0.40681 0.38666 0.37546 0.36099 0.35203
0.40418 0.38026 0.38033 0.36332 0.36763
0.40837 0.36890 0.36749 0.35650 0.36907
0.40837 0.36890 0.36749 0.35650 0.36907
0.40837 0.36890 0.36749 0.35650 0.36907
0.40837 0.36890 0.36749 0.35650 0.36907
0.40501 0.37196 0.36600 0.35569 0.36671
0.41325 0.39162 0.38247 0.38054 0.37954
0.41325 0.39162 0.38247 0.38054 0.37954
0.41024 0.39427 0.38047 0.38312 0.37344
0.41024 0.39427 0.38047 0.38312 0.37344
0.41024 0.39427 0.38047 0.38312 0.37344
0.39596 0.41140 0.38509 0.38061 0.36859
0.39596 0.41140 0.38509 0.38061 0.36859
0.39197 0.41834 0.38070 0.38090 0.36459
0.39366 0.41674 0.37819 0.38003 0.36028
0.39366 0.41674 0.37819 0.38003 0.36028
0.37827 0.44954 0.38645 0.37484 0.34808
0.37575 0.44923 0.38780 0.37303 0.34390
0.38308 0.44497 0.38523 0.37234 0.34337
0.38308 0.44497 0.38523 0.37234 0.34337
0.38247 0.44430 0.39213 0.37437 0.34233
0.38568 0.44414 0.38480 0.37350 0.33246
0.38568 0.44414 0.38480 0.37350 0.33246
0.38568 0.44414 0.38480 0.37350 0.33246
0.38789 0.44754 0.38402 0.37180 0.33068
0.39005 0.45013 0.38043 0.36737 0.33659
0.39005 0.45013 0.38043 0.36737 0.33659
0.39005 0.45013 0.38043 0.36737 0.33659
0.39005 0.45013 0.38043 0.36737 0.33659
0.38971 0.44913 0.38166 0.37296 0.33505
0.38206 0.44785 0.38098 0.36911 0.33583
0.37957 0.44428 0.37014 0.36697 0.32716
0.37957 0.44428 0.37014 0.36697 0.32716
0.37957 0.44428 0.37014 0.36697 0.32716
0.37957 0.44428 0.37014 0.36697 0.32716
0.37957 0.44428 0.37014 0.36697 0.32716
0.38226 0.44154 0.37208 0.36267 0.32553
0.38226 0.44154 0.37208 0.36267 0.32553
0.38226 0.44154 0.37208 0.36267 0.32553
0.38226 0.44154 0.37208 0.36267 0.32553
0.38226 0.44154 0.37208 0.36267 0.32553
0.38242 0.44366 0.37726 0.35802 0.33241
0.38392 0.44448 0.37997 0.35818 0.33039
0.38392 0.44448 0.37997 0.35818 0.33039
0.38392 0.44448 0.37997 0.35818 0.33039
0.38392 0.44448 0.37997 0.35818 0.33039
0.38392 0.44448 0.37997 0.35818 0.33039
0.38392 0.44448 0.37997 0.35818 0.33039
0.38392 0.44448 0.37997 0.35818 0.33039
0.38392 0.44448 0.37997 0.35818 0.33039
0.38392 0.44448 0.37997 0.35818 0.33039
0.39042 0.43698 0.39000 0.35603 0.33142
0.39042 0.43698 0.39000 0.35603 0.33142
0.39042 0.43698 0.39000 0.35603 0.33142
0.39042 0.43698 0.39000 0.35603 0.33142
0.39042 0.43698 0.39000 0.35603 0.33142
0.39413 0.43433 0.39001 0.35811 0.33031
0.39249 0.43349 0.39280 0.35312 0.32536
0.39220 0.43436 0.39258 0.35340 0.33033
0.39236 0.43039 0.39670 0.35369 0.33870
0.39236 0.43039 0.39670 0.35369 0.33870
0.39236 0.43039 0.39670 0.35369 0.33870
0.39236 0.43039 0.39670 0.35369 0.33870
0.39225 0.43226 0.39572 0.35148 0.34087
0.39486 0.43016 0.39183 0.35197 0.34879
0.39486 0.43016 0.39183 0.35197 0.34879
0.39486 0.43016 0.39183 0.35197 0.34879
0.39788 0.42710 0.39840 0.35381 0.34986
0.39530 0.43169 0.40239 0.35571 0.34773
0.39530 0.43169 0.40239 0.35571 0.34773
0.39731 0.43372 0.40961 0.36097 0.35152
0.39367 0.43181 0.41074 0.35684 0.35092
0.39367 0.43181 0.41074 0.35684 0.35092
0.34129 0.40476 0.34378 0.35405 0.31104
0.34129 0.40476 0.34378 0.35405 0.31104
0.34149 0.40291 0.34228 0.35043 0.30313
0.34042 0.40397 0.33813 0.35087 0.30013
0.34042 0.40397 0.33813 0.35087 0.30013
0.34042 0.40397 0.33813 0.35087 0.30013
0.34042 0.40397 0.33813 0.35087 0.30013
0.34116 0.40937 0.34012 0.35254 0.30503
0.34309 0.40319 0.34168 0.35255 0.30401
0.34110 0.40185 0.33899 0.34809 0.31006
0.34110 0.40185 0.33899 0.34809 0.31006
0.30677 0.36644 0.32351 0.31024 0.28634
0.30677 0.36644 0.32351 0.31024 0.28634
0.30291 0.37052 0.32146 0.30970 0.28648
0.30291 0.37052 0.32146 0.30970 0.28648
0.30291 0.37052 0.32146 0.30970 0.28648
0.30291 0.37052 0.32146 0.30970 0.28648
0.31502 0.36900 0.32313 0.30793 0.28186
0.31874 0.36865 0.32290 0.30333 0.28157
0.31218 0.37432 0.32159 0.29851 0.28182
0.31218 0.37432 0.32159 0.29851 0.28182
0.31456 0.37150 0.32225 0.30147 0.27848
0.31456 0.37150 0.32225 0.30147 0.27848
0.31519 0.37733 0.32794 0.30295 0.27681
0.31519 0.37733 0.32794 0.30295 0.27681
0.30530 0.37580 0.33343 0.30165 0.27769
0.30743 0.37555 0.33302 0.30060 0.28011
0.30743 0.37555 0.33302 0.30060 0.28011
0.30743 0.37555 0.33302 0.30060 0.28011
0.31183 0.36492 0.32942 0.29894 0.27779
0.31183 0.36492 0.32942 0.29894 0.27779
0.25462 0.33064 0.28840 0.28435 0.24855
0.25462 0.33064 0.28840 0.28435 0.24855
0.25926 0.33516 0.28838 0.28752 0.25437
0.25926 0.33516 0.28838 0.28752 0.25437
0.25926 0.33516 0.28838 0.28752 0.25437
0.25926 0.33516 0.28838 0.28752 0.25437
0.25926 0.33516 0.28838 0.28752 0.25437
0.25926 0.33516 0.28838 0.28752 0.25437
0.25830 0.33678 0.29319 0.28978 0.25113
0.25830 0.33678 0.29319 0.28978 0.25113
0.25960 0.33886 0.29654 0.29197 0.24644
0.26224 0.33844 0.30120 0.29984 0.24998
0.26744 0.33721 0.30068 0.29715 0.24149
0.26744 0.33721 0.30068 0.29715 0.24149
0.26744 0.33721 0.30068 0.29715 0.24149
0.26744 0.33721 0.30068 0.29715 0.24149
0.26622 0.34850 0.29745 0.28757 0.24852
0.26666 0.35064 0.29788 0.28184 0.24808
0.26666 0.35064 0.29788 0.28184 0.24808
0.26666 0.35064 0.29788 0.28184 0.24808
0.26666 0.35064 0.29788 0.28184 0.24808
0.27135 0.35380 0.30091 0.28605 0.25095
0.26819 0.35092 0.29543 0.28756 0.25552
0.26819 0.35092 0.29543 0.28756 0.25552
0.26819 0.35092 0.29543 0.28756 0.25552
0.26586 0.35730 0.29459 0.29182 0.25484
0.26786 0.36784 0.29113 0.28909 0.24763
0.26786 0.36784 0.29113 0.28909 0.24763
0.26786 0.36784 0.29113 0.28909 0.24763
0.26786 0.36784 0.29113 0.28909 0.24763
0.22648 0.30922 0.26973 0.25080 0.22343
0.22295 0.30717 0.26741 0.25089 0.22049
0.22295 0.30717 0.26741 0.25089 0.22049
0.22414 0.31453 0.26706 0.25206 0.22608
0.22720 0.30921 0.26897 0.24927 0.23632
0.20394 0.28345 0.25298 0.23598 0.21115
0.20394 0.28345 0.25298 0.23598 0.21115
0.20228 0.28801 0.25451 0.22658 0.20724
0.20228 0.28801 0.25451 0.22658 0.20724
0.20348 0.29028 0.25444 0.22658 0.20525
0.20348 0.29028 0.25444 0.22658 0.20525
0.20348 0.29028 0.25444 0.22658 0.20525
0.20348 0.29028 0.25444 0.22658 0.20525
0.20348 0.29028 0.25444 0.22658 0.20525
0.20262 0.28366 0.26105 0.22710 0.20942
0.20430 0.28433 0.25821 0.21674 0.20535
0.20322 0.28069 0.25426 0.21582 0.20352
0.19710 0.27968 0.25179 0.21520 0.20093
0.19251 0.28341 0.25430 0.21631 0.20352
0.19652 0.27845 0.25403 0.22051 0.21047
0.19652 0.27845 0.25403 0.22051 0.21047
0.20068 0.28371 0.25014 0.21891 0.20758
0.20068 0.28371 0.25014 0.21891 0.20758
0.20065 0.28750 0.24874 0.21456 0.21020
0.20065 0.28750 0.24874 0.21456 0.21020
0.20007 0.28807 0.25673 0.21991 0.20261
0.20007 0.28807 0.25673 0.21991 0.20261
0.20007 0.28807 0.25673 0.21991 0.20261
0.20002 0.29167 0.25264 0.22154 0.20689
0.19748 0.29536 0.24872 0.22052 0.20677
0.19748 0.29536 0.24872 0.22052 0.20677
0.19748 0.29536 0.24872 0.22052 0.20677
0.19487 0.29549 0.25107 0.21296 0.20782
0.19404 0.29495 0.25356 0.22009 0.21385
0.19404 0.29495 0.25356 0.22009 0.21385
0.19404 0.29495 0.25356 0.22009 0.21385
0.19484 0.29623 0.25157 0.21897 0.21543
0.19321 0.29303 0.25258 0.22727 0.21437
0.19321 0.29303 0.25258 0.22727 0.21437
0.19315 0.28805 0.24997 0.22281 0.21397
0.19315 0.28805 0.24997 0.22281 0.21397
0.19792 0.28614 0.24975 0.22507 0.21523
0.19792 0.28614 0.24975 0.22507 0.21523
0.19792 0.28614 0.24975 0.22507 0.21523
0.19662 0.29110 0.24684 0.21666 0.22046
0.19973 0.29616 0.24662 0.21627 0.21487
0.20337 0.30436 0.24687 0.21295 0.22244
0.20120 0.30226 0.24406 0.21488 0.22386
0.20120 0.30226 0.24406 0.21488 0.22386
0.17846 0.25295 0.23566 0.20234 0.18721
0.17846 0.25295 0.23566 0.20234 0.18721
0.17846 0.25295 0.23566 0.20234 0.18721
0.17846 0.25295 0.23566 0.20234 0.18721
0.17846 0.25295 0.23566 0.20234 0.18721
0.17846 0.25295 0.23566 0.20234 0.18721
0.17967 0.25609 0.22941 0.20297 0.18178
0.18326 0.25460 0.22643 0.20210 0.18148
0.18326 0.25460 0.22643 0.20210 0.18148
0.18011 0.24778 0.22443 0.20761 0.18269
0.18045 0.24716 0.22286 0.21197 0.18607
0.18045 0.24716 0.22286 0.21197 0.18607
0.18045 0.24716 0.22286 0.21197 0.18607
0.18045 0.24716 0.22286 0.21197 0.18607
0.17464 0.24556 0.22215 0.21139 0.18883
0.17249 0.24706 0.22205 0.21045 0.18751
0.17249 0.24706 0.22205 0.21045 0.18751
0.17249 0.24706 0.22205 0.21045 0.18751
0.16943 0.24471 0.22323 0.20553 0.19000
0.16943 0.24471 0.22323 0.20553 0.19000
0.16943 0.24471 0.22323 0.20553 0.19000
0.16943 0.24471 0.22323 0.20553 0.19000
0.16689 0.24210 0.22392 0.20464 0.18780
0.16481 0.24080 0.22145 0.20779 0.18549
0.16481 0.24080 0.22145 0.20779 0.18549
0.16482 0.24142 0.22208 0.21169 0.18769
0.16525 0.24061 0.22226 0.20451 0.18691
0.16455 0.24064 0.22132 0.20279 0.18825
0.16165 0.24152 0.22072 0.20095 0.18855
0.16165 0.24152 0.22072 0.20095 0.18855
0.16165 0.24152 0.22072 0.20095 0.18855
0.16108 0.24005 0.22125 0.19887 0.18612
0.16108 0.24005 0.22125 0.19887 0.18612
0.16108 0.24005 0.22125 0.19887 0.18612
0.16108 0.24005 0.22125 0.19887 0.18612
0.16079 0.24056 0.22330 0.19515 0.18625
0.16190 0.24152 0.22438 0.20158 0.18339
0.16318 0.24288 0.22729 0.20456 0.18330
0.18552 0.22295 0.23844 0.19696 0.19719
0.18552 0.22295 0.23844 0.19696 0.19719
0.18668 0.22429 0.23899 0.19757 0.19596
0.18668 0.22429 0.23899 0.19757 0.19596
0.18617 0.22506 0.23317 0.19397 0.19543
0.18617 0.22506 0.23317 0.19397 0.19543
0.18544 0.22531 0.23497 0.19798 0.19271
0.18544 0.22531 0.23497 0.19798 0.19271
0.18544 0.22531 0.23497 0.19798 0.19271
0.18544 0.22531 0.23497 0.19798 0.19271
0.20600 0.20336 0.24562 0.19759 0.20710
0.19892 0.19934 0.23800 0.17866 0.18612
0.19892 0.19934 0.23800 0.17866 0.18612
0.19892 0.19934 0.23800 0.17866 0.18612
0.19892 0.19934 0.23800 0.17866 0.18612
0.19892 0.19934 0.23800 0.17866 0.18612
0.19892 0.19934 0.23800 0.17866 0.18612
0.19940 0.20156 0.23652 0.17990 0.18611
0.19940 0.20156 0.23652 0.17990 0.18611
0.19940 0.20156 0.23652 0.17990 0.18611
0.19940 0.20156 0.23652 0.17990 0.18611
0.20001 0.19766 0.23337 0.18009 0.18559
0.20001 0.19766 0.23337 0.18009 0.18559
0.19980 0.20023 0.23474 0.17921 0.18569
0.19980 0.20023 0.23474 0.17921 0.18569
0.19980 0.20023 0.23474 0.17921 0.18569
0.19120 0.20399 0.23380 0.17722 0.18308
0.18817 0.19898 0.23087 0.17611 0.17811
0.18817 0.19898 0.23087 0.17611 0.17811
0.19390 0.20680 0.23081 0.17368 0.17741
0.19201 0.21460 0.22492 0.17467 0.17691
0.19201 0.21460 0.22492 0.17467 0.17691
0.19201 0.21460 0.22492 0.17467 0.17691
0.19637 0.21689 0.22697 0.17106 0.17606
0.19637 0.21689 0.22697 0.17106 0.17606
0.19637 0.21689 0.22697 0.17106 0.17606
0.19637 0.21689 0.22697 0.17106 0.17606
0.18998 0.21313 0.23203 0.16991 0.17719
0.18869 0.21446 0.22998 0.16609 0.17683
0.17323 0.17591 0.20679 0.15678 0.17043
0.17323 0.17591 0.20679 0.15678 0.17043
0.16994 0.17106 0.20708 0.15274 0.17649
0.16994 0.17106 0.20708 0.15274 0.17649
0.16994 0.17106 0.20708 0.15274 0.17649
0.16998 0.17284 0.20570 0.15376 0.17161
0.16998 0.17284 0.20570 0.15376 0.17161
0.16998 0.17284 0.20570 0.15376 0.17161
0.16998 0.17284 0.20570 0.15376 0.17161
0.16998 0.17284 0.20570 0.15376 0.17161
0.17167 0.17154 0.20818 0.15270 0.17168
0.17228 0.17042 0.20405 0.15119 0.17098
0.17228 0.17042 0.20405 0.15119 0.17098
0.17228 0.17042 0.20405 0.15119 0.17098
0.17228 0.17042 0.20405 0.15119 0.17098
0.16985 0.17280 0.20049 0.15384 0.17054
0.17221 0.17173 0.20005 0.15178 0.16846
0.17108 0.17427 0.20077 0.15706 0.16740
0.17479 0.17648 0.19482 0.15512 0.16997
0.17479 0.17648 0.19482 0.15512 0.16997
0.17182 0.17076 0.19479 0.14878 0.17034
0.15359 0.15543 0.19356 0.13808 0.14643
0.15028 0.15516 0.19179 0.13672 0.14332
0.14969 0.15877 0.19891 0.14185 0.14402
0.14769 0.16204 0.20286 0.15056 0.14765
0.14769 0.16204 0.20286 0.15056 0.14765
0.14554 0.15871 0.20442 0.14952 0.14921
0.14848 0.15627 0.20186 0.14305 0.15040
0.14721 0.15645 0.19594 0.13708 0.15159
0.15051 0.15556 0.20154 0.13742 0.15042
0.15259 0.15653 0.19951 0.13856 0.15304
0.15063 0.14865 0.19455 0.13677 0.15609
0.15063 0.14865 0.19455 0.13677 0.15609
0.15063 0.14865 0.19455 0.13677 0.15609
0.15063 0.14865 0.19455 0.13677 0.15609
0.14971 0.14550 0.20022 0.13456 0.15228
0.14971 0.14550 0.20022 0.13456 0.15228
0.14971 0.14550 0.20022 0.13456 0.15228
0.14971 0.14550 0.20022 0.13456 0.15228
0.14971 0.14550 0.20022 0.13456 0.15228
0.15148 0.14620 0.19426 0.13658 0.15133
0.15148 0.14620 0.19426 0.13658 0.15133
0.14610 0.14666 0.20014 0.14080 0.15313
0.14583 0.14749 0.19497 0.13778 0.16070
0.14583 0.14749 0.19497 0.13778 0.16070
0.14605 0.14687 0.19603 0.14466 0.16199
0.14605 0.14687 0.19603 0.14466 0.16199
0.14540 0.14646 0.19429 0.14444 0.16223
0.14523 0.14517 0.19601 0.14373 0.15174
0.14523 0.14517 0.19601 0.14373 0.15174
0.14453 0.14565 0.20338 0.14784 0.14964
0.14453 0.14565 0.20338 0.14784 0.14964
0.14439 0.14682 0.19923 0.14937 0.14930
0.14439 0.14682 0.19923 0.14937 0.14930
0.14439 0.14682 0.19923 0.14937 0.14930
0.14473 0.14809 0.19584 0.15392 0.14824
0.14564 0.15053 0.19496 0.15252 0.14854
0.14655 0.14926 0.20033 0.15308 0.14667
0.14655 0.14926 0.20033 0.15308 0.14667
0.14655 0.14926 0.20033 0.15308 0.14667
0.14655 0.14926 0.20033 0.15308 0.14667
0.14215 0.14177 0.16302 0.12371 0.13396
0.14215 0.14177 0.16302 0.12371 0.13396
0.14184 0.13831 0.16366 0.12218 0.13317
0.14184 0.13831 0.16366 0.12218 0.13317
0.14184 0.13831 0.16366 0.12218 0.13317
0.14184 0.13831 0.16366 0.12218 0.13317
0.13680 0.13781 0.16338 0.12255 0.13772
0.13680 0.13781 0.16338 0.12255 0.13772
0.13680 0.13781 0.16338 0.12255 0.13772
0.13771 0.13787 0.16401 0.12303 0.14171
0.13963 0.13889 0.16472 0.12768 0.13852
0.13982 0.14097 0.16678 0.12183 0.13698
0.13982 0.14097 0.16678 0.12183 0.13698
0.14270 0.14189 0.16209 0.11888 0.13801
0.14270 0.14189 0.16209 0.11888 0.13801
0.13728 0.13786 0.16618 0.11942 0.13474
0.13728 0.13786 0.16618 0.11942 0.13474
0.13728 0.13786 0.16618 0.11942 0.13474
0.15179 0.13993 0.16523 0.11884 0.13940
0.15809 0.13985 0.16539 0.11688 0.13926
0.16271 0.13610 0.16430 0.11582 0.14671
0.16271 0.13610 0.16430 0.11582 0.14671
0.15878 0.13654 0.16625 0.11715 0.15373
0.16336 0.13692 0.16720 0.11602 0.15673
0.16336 0.13692 0.16720 0.11602 0.15673
0.16336 0.13692 0.16720 0.11602 0.15673
0.16336 0.13692 0.16720 0.11602 0.15673
0.17238 0.13557 0.16826 0.11777 0.14961
0.17238 0.13557 0.16826 0.11777 0.14961
0.17238 0.13557 0.16826 0.11777 0.14961
0.17238 0.13557 0.16826 0.11777 0.14961
0.16420 0.13442 0.17145 0.11622 0.15674
0.16420 0.13442 0.17145 0.11622 0.15674
0.17353 0.13624 0.17392 0.11730 0.15500
0.17353 0.13624 0.17392 0.11730 0.15500
0.17319 0.13810 0.17406 0.11700 0.15443
0.17319 0.13810 0.17406 0.11700 0.15443
0.17936 0.13938 0.17243 0.11627 0.15256
0.18018 0.14134 0.16918 0.11552 0.15059
0.18188 0.13739 0.16252 0.11519 0.14959
0.18188 0.13739 0.16252 0.11519 0.14959
0.18188 0.13739 0.16252 0.11519 0.14959
0.18188 0.13739 0.16252 0.11519 0.14959
0.18586 0.13946 0.16495 0.11712 0.14582
0.18586 0.13946 0.16495 0.11712 0.14582
0.18586 0.13946 0.16495 0.11712 0.14582
0.18586 0.13946 0.16495 0.11712 0.14582
0.18586 0.13946 0.16495 0.11712 0.14582
0.18586 0.13946 0.16495 0.11712 0.14582
0.18586 0.13946 0.16495 0.11712 0.14582
0.18700 0.13886 0.15980 0.11559 0.14682
0.18700 0.13886 0.15980 0.11559 0.14682
0.18653 0.13754 0.15982 0.11608 0.14619
0.19956 0.13932 0.15933 0.11667 0.15077
0.20015 0.14185 0.15894 0.11569 0.14702
0.20015 0.14185 0.15894 0.11569 0.14702
0.20044 0.14542 0.15869 0.11669 0.15186
0.20044 0.14542 0.15869 0.11669 0.15186
0.20044 0.14542 0.15869 0.11669 0.15186
0.20044 0.14542 0.15869 0.11669 0.15186
0.20044 0.14542 0.15869 0.11669 0.15186
0.20044 0.14542 0.15869 0.11669 0.15186
0.19362 0.14017 0.15874 0.11857 0.14442
0.19362 0.14017 0.15874 0.11857 0.14442
0.19362 0.14017 0.15874 0.11857 0.14442
0.19362 0.14017 0.15874 0.11857 0.14442
0.19362 0.14017 0.15874 0.11857 0.14442
0.19964 0.14241 0.15640 0.11728 0.13883
0.20657 0.14559 0.15567 0.11692 0.13624
0.20657 0.14559 0.15567 0.11692 0.13624
0.20657 0.14559 0.15567 0.11692 0.13624
0.20657 0.14559 0.15567 0.11692 0.13624
0.20657 0.14559 0.15567 0.11692 0.13624
0.20657 0.14559 0.15567 0.11692 0.13624
0.20657 0.14559 0.15567 0.11692 0.13624
0.20679 0.14042 0.15421 0.11742 0.13460
0.20659 0.14263 0.15712 0.11588 0.13103
0.20659 0.14263 0.15712 0.11588 0.13103
0.19950 0.13742 0.15542 0.11597 0.13010
0.19950 0.13742 0.15542 0.11597 0.13010
0.20348 0.13916 0.15485 0.11617 0.13304
0.20864 0.14566 0.15508 0.11497 0.13171
0.22065 0.15423 0.15486 0.11611 0.13344
0.22065 0.15423 0.15486 0.11611 0.13344
0.22065 0.15423 0.15486 0.11611 0.13344
0.22065 0.15423 0.15486 0.11611 0.13344
0.22299 0.15151 0.15182 0.11520 0.13362
0.22299 0.15151 0.15182 0.11520 0.13362
0.22299 0.15151 0.15182 0.11520 0.13362
0.22072 0.15759 0.15142 0.11633 0.13503
0.22072 0.15759 0.15142 0.11633 0.13503
0.22129 0.15744 0.15216 0.11694 0.13330
0.22129 0.15744 0.15216 0.11694 0.13330
0.22128 0.15492 0.15209 0.11720 0.13709
0.22683 0.15494 0.15195 0.11566 0.13897
0.22683 0.15494 0.15195 0.11566 0.13897
0.21994 0.15642 0.15397 0.11563 0.14107
0.21994 0.15642 0.15397 0.11563 0.14107
0.21999 0.15980 0.15504 0.11555 0.14404
0.21757 0.16590 0.15813 0.11553 0.14434
0.22049 0.17094 0.15899 0.11652 0.14551
0.22390 0.16532 0.15517 0.11875 0.14303
0.22390 0.16532 0.15517 0.11875 0.14303
0.22390 0.16532 0.15517 0.11875 0.14303
0.22167 0.16328 0.15389 0.12005 0.14554
0.22167 0.16328 0.15389 0.12005 0.14554
0.22414 0.16560 0.15568 0.12227 0.14756
0.22414 0.16560 0.15568 0.12227 0.14756
0.22414 0.16560 0.15568 0.12227 0.14756
0.13272 0.13204 0.14998 0.10874 0.11868
0.13212 0.13188 0.14986 0.10964 0.11845
0.12863 0.12639 0.14158 0.10711 0.11683
0.13234 0.12878 0.14296 0.10705 0.11710
0.13259 0.13005 0.14359 0.10833 0.11765
0.12296 0.12058 0.13647 0.10380 0.11381
0.12333 0.12081 0.13691 0.10472 0.11504
0.13106 0.12093 0.13930 0.10596 0.11838
0.13396 0.12186 0.14047 0.10888 0.12098
0.13396 0.12186 0.14047 0.10888 0.12098
0.13396 0.12186 0.14047 0.10888 0.12098
0.13297 0.12138 0.14119 0.11170 0.11984
0.13297 0.12138 0.14119 0.11170 0.11984
0.13297 0.12138 0.14119 0.11170 0.11984
0.13449 0.12112 0.14244 0.11141 0.12067
0.13449 0.12112 0.14244 0.11141 0.12067
0.12983 0.12159 0.14292 0.11019 0.12022
0.12983 0.12159 0.14292 0.11019 0.12022
0.13235 0.12166 0.14564 0.10943 0.12339
0.13057 0.12276 0.14735 0.11100 0.12991
0.13262 0.12176 0.14947 0.11108 0.12489
0.13262 0.12176 0.14947 0.11108 0.12489
0.13262 0.12176 0.14947 0.11108 0.12489
0.13262 0.12176 0.14947 0.11108 0.12489
0.12975 0.12158 0.14691 0.11165 0.12329
0.12948 0.12436 0.15267 0.11119 0.11804
0.12712 0.12399 0.14776 0.11195 0.12104
0.12753 0.12266 0.14545 0.11755 0.11900
0.12753 0.12266 0.14545 0.11755 0.11900
0.12753 0.12266 0.14545 0.11755 0.11900
0.12596 0.12205 0.14782 0.11958 0.12226
0.12854 0.12396 0.14978 0.12341 0.12683
0.12346 0.12459 0.14871 0.12516 0.12848
0.12008 0.11958 0.13277 0.10551 0.11262
0.12008 0.11958 0.13277 0.10551 0.11262
0.12001 0.11948 0.13405 0.10228 0.11263
0.11905 0.11956 0.13716 0.10219 0.11325
0.12112 0.12022 0.13591 0.10229 0.11688
0.12112 0.12022 0.13591 0.10229 0.11688
0.12423 0.12127 0.13730 0.10246 0.12173
0.12423 0.12127 0.13730 0.10246 0.12173
0.12646 0.12036 0.13547 0.10274 0.12017
0.12646 0.12036 0.13547 0.10274 0.12017
0.12887 0.12011 0.13657 0.10475 0.11961
0.12887 0.12011 0.13657 0.10475 0.11961
0.13205 0.12077 0.13663 0.10373 0.12303
0.13375 0.12095 0.13828 0.10419 0.12243
0.13375 0.12095 0.13828 0.10419 0.12243
0.13375 0.12095 0.13828 0.10419 0.12243
0.13090 0.12062 0.13952 0.10407 0.12360
0.13090 0.12062 0.13952 0.10407 0.12360
0.12544 0.12039 0.13765 0.10774 0.12808
0.11878 0.12232 0.13283 0.10280 0.11301
0.11421 0.12169 0.13201 0.10235 0.11441
0.11421 0.12169 0.13201 0.10235 0.11441
0.11448 0.12166 0.13353 0.10335 0.11652
0.11448 0.12166 0.13353 0.10335 0.11652
0.11448 0.12166 0.13353 0.10335 0.11652
0.11498 0.12248 0.13386 0.10248 0.11493
0.11498 0.12248 0.13386 0.10248 0.11493
0.11583 0.12168 0.13256 0.10220 0.11264
0.12017 0.12443 0.13277 0.10221 0.11342
0.12017 0.12443 0.13277 0.10221 0.11342
0.12017 0.12443 0.13277 0.10221 0.11342
0.12017 0.12443 0.13277 0.10221 0.11342
0.11984 0.12155 0.13395 0.10476 0.11409
0.11882 0.12179 0.13462 0.10312 0.11299
0.11882 0.12179 0.13462 0.10312 0.11299
0.11848 0.12127 0.13267 0.10516 0.11309
0.11617 0.12087 0.13353 0.10641 0.11445
0.11445 0.11953 0.13373 0.10343 0.11376
0.11433 0.12163 0.13269 0.10751 0.11302
0.11418 0.12590 0.13320 0.10459 0.11398
0.11418 0.12590 0.13320 0.10459 0.11398
0.11481 0.12694 0.13136 0.10438 0.11508
0.11747 0.12502 0.13091 0.10413 0.11308
0.11747 0.12502 0.13091 0.10413 0.11308
0.11747 0.12502 0.13091 0.10413 0.11308
0.11554 0.12229 0.13097 0.10449 0.11462
0.11435 0.11863 0.13535 0.10311 0.11433
0.11543 0.12003 0.13594 0.10488 0.11507
0.11543 0.12003 0.13594 0.10488 0.11507
0.11580 0.12041 0.13498 0.10708 0.11710
0.11649 0.12277 0.13733 0.11028 0.11912
0.11597 0.12444 0.13836 0.10817 0.11878
0.11760 0.12472 0.14377 0.11227 0.11921
0.11663 0.13446 0.14861 0.11111 0.11841
0.11663 0.13446 0.14861 0.11111 0.11841
0.11663 0.13446 0.14861 0.11111 0.11841
0.11720 0.13599 0.14865 0.11296 0.11990
0.11720 0.13599 0.14865 0.11296 0.11990
0.11720 0.13599 0.14865 0.11296 0.11990
0.11969 0.13001 0.14711 0.11250 0.11772
0.11969 0.13001 0.14711 0.11250 0.11772
0.11969 0.13001 0.14711 0.11250 0.11772
0.11973 0.12879 0.14568 0.11136 0.11567
0.11973 0.12879 0.14568 0.11136 0.11567
0.11973 0.12879 0.14568 0.11136 0.11567
0.11973 0.12879 0.14568 0.11136 0.11567
0.11791 0.12406 0.14849 0.11000 0.11891
0.11848 0.12243 0.14438 0.11056 0.12187
0.12016 0.12039 0.14160 0.11315 0.11750
0.11927 0.12020 0.13238 0.10216 0.11219
0.11927 0.12020 0.13238 0.10216 0.11219
0.11927 0.12020 0.13238 0.10216 0.11219
0.11927 0.12020 0.13238 0.10216 0.11219
0.12048 0.12023 0.13283 0.10299 0.11282
0.12048 0.12023 0.13283 0.10299 0.11282
0.12048 0.12023 0.13283 0.10299 0.11282
0.12205 0.12001 0.13343 0.10422 0.11316
0.12205 0.12001 0.13343 0.10422 0.11316
0.12144 0.12075 0.13367 0.10578 0.11427
0.11971 0.11944 0.13578 0.10737 0.11530
0.11637 0.12037 0.13756 0.10899 0.11573
0.11637 0.12037 0.13756 0.10899 0.11573
0.11523 0.12151 0.14245 0.11096 0.11826
0.11523 0.12151 0.14245 0.11096 0.11826
0.11523 0.12151 0.14245 0.11096 0.11826
0.11523 0.12151 0.14245 0.11096 0.11826
0.11523 0.12151 0.14245 0.11096 0.11826
0.11603 0.12358 0.14677 0.11127 0.12067
0.11603 0.12358 0.14677 0.11127 0.12067
0.11733 0.12617 0.14931 0.12044 0.12359
0.11733 0.12617 0.14931 0.12044 0.12359
0.11733 0.12617 0.14931 0.12044 0.12359
0.11733 0.12617 0.14931 0.12044 0.12359
0.11733 0.12617 0.14931 0.12044 0.12359
0.11733 0.12617 0.14931 0.12044 0.12359
0.11812 0.12907 0.14960 0.11974 0.12462
0.11650 0.13272 0.14895 0.11749 0.12554
0.11650 0.13272 0.14895 0.11749 0.12554
0.11524 0.13473 0.14534 0.11563 0.12311
0.11551 0.13179 0.14668 0.11488 0.12276
0.11551 0.13179 0.14668 0.11488 0.12276
0.11567 0.13419 0.15010 0.11865 0.12316
0.11567 0.13419 0.15010 0.11865 0.12316
0.11628 0.13523 0.14928 0.11785 0.12534
0.11664 0.13920 0.14986 0.12237 0.12448
0.11675 0.14231 0.15088 0.12323 0.12587
0.11614 0.13662 0.14564 0.12001 0.12620
0.11558 0.12841 0.14503 0.12111 0.12982
0.11558 0.12841 0.14503 0.12111 0.12982
0.11558 0.12841 0.14503 0.12111 0.12982
0.11663 0.13948 0.14580 0.11893 0.13240
0.11662 0.13366 0.14664 0.12310 0.13592
0.14996 0.14537 0.14284 0.11760 0.13357
0.14866 0.14718 0.14357 0.11539 0.13562
0.14960 0.14770 0.14315 0.11529 0.13370
0.14960 0.14770 0.14315 0.11529 0.13370
0.14835 0.15188 0.14230 0.11156 0.13599
0.14835 0.15188 0.14230 0.11156 0.13599
0.14723 0.15174 0.13717 0.10456 0.14356
0.14701 0.15229 0.13849 0.10402 0.14361
0.14758 0.14998 0.14036 0.10388 0.13600
0.14698 0.15091 0.13839 0.10368 0.13625
0.14698 0.15091 0.13839 0.10368 0.13625
0.14830 0.14594 0.13942 0.09869 0.13577
0.14961 0.14519 0.13935 0.09897 0.13548
0.13188 0.10822 0.13357 0.10413 0.14176
0.13188 0.10822 0.13357 0.10413 0.14176
0.13021 0.10924 0.13270 0.10450 0.14097
0.13223 0.11038 0.13438 0.10329 0.13345
0.13430 0.11088 0.13577 0.10311 0.13392
0.13351 0.11182 0.13676 0.10313 0.13416
0.13299 0.11390 0.13665 0.10314 0.13512
0.13299 0.11390 0.13665 0.10314 0.13512
0.12932 0.11444 0.12967 0.10031 0.13496
0.12850 0.11520 0.13450 0.09999 0.13495
0.12850 0.11520 0.13450 0.09999 0.13495
0.12896 0.11676 0.13661 0.10043 0.13367
0.12896 0.11676 0.13661 0.10043 0.13367
0.13021 0.11510 0.14118 0.10196 0.12900
0.13031 0.11091 0.13922 0.10285 0.12965
0.12826 0.11081 0.13831 0.10189 0.12855
0.12855 0.10817 0.13738 0.10244 0.12929
0.12858 0.10697 0.13638 0.10311 0.12912
0.13022 0.10144 0.13917 0.10488 0.12480
0.13022 0.10144 0.13917 0.10488 0.12480
0.13022 0.10144 0.13917 0.10488 0.12480
0.13022 0.10144 0.13917 0.10488 0.12480
0.13022 0.10144 0.13917 0.10488 0.12480
0.13085 0.09912 0.13710 0.10805 0.11963
0.13085 0.09912 0.13710 0.10805 0.11963
0.13085 0.09912 0.13710 0.10805 0.11963
0.13085 0.09912 0.13710 0.10805 0.11963
0.13085 0.09912 0.13710 0.10805 0.11963
0.13066 0.09635 0.13796 0.11174 0.11487
0.13111 0.09670 0.13899 0.11311 0.11526
0.13111 0.09670 0.13899 0.11311 0.11526
0.13111 0.09670 0.13899 0.11311 0.11526
0.13111 0.09670 0.13899 0.11311 0.11526
0.12967 0.09657 0.13807 0.11987 0.11597
0.13055 0.09671 0.13792 0.11887 0.11631
0.13055 0.09671 0.13792 0.11887 0.11631
0.12989 0.09581 0.14120 0.11808 0.11707
0.12989 0.09581 0.14120 0.11808 0.11707
0.13179 0.09848 0.14127 0.12248 0.11802
0.13146 0.09860 0.14174 0.12302 0.11637
0.12773 0.09818 0.13341 0.12029 0.11189
0.12773 0.09818 0.13341 0.12029 0.11189
0.12773 0.09818 0.13341 0.12029 0.11189
0.12846 0.09544 0.13373 0.12292 0.11274
0.12846 0.09544 0.13373 0.12292 0.11274
0.12846 0.09544 0.13373 0.12292 0.11274
0.12678 0.09330 0.13114 0.12249 0.11179
0.12588 0.09178 0.13213 0.12354 0.11116
0.12546 0.09020 0.12886 0.12741 0.11237
0.12364 0.08969 0.12635 0.12784 0.11087
0.12286 0.08900 0.13157 0.12860 0.11046
0.12286 0.08900 0.13157 0.12860 0.11046
0.12286 0.08900 0.13157 0.12860 0.11046
0.11992 0.08934 0.12459 0.11939 0.11040
0.10592 0.10465 0.11179 0.12074 0.11395
0.10592 0.10465 0.11179 0.12074 0.11395
0.10352 0.10276 0.11352 0.11957 0.11283
0.09239 0.09285 0.09889 0.10970 0.09991
0.09156 0.09275 0.09667 0.10788 0.10071
0.09156 0.09275 0.09667 0.10788 0.10071
0.09221 0.09332 0.09456 0.10899 0.10174
0.09221 0.09332 0.09456 0.10899 0.10174
0.08814 0.09224 0.09275 0.10718 0.10179
0.08700 0.09190 0.09139 0.10744 0.10075
0.08499 0.08989 0.09329 0.11194 0.09979
0.08246 0.09253 0.08963 0.11416 0.10200
0.08246 0.09253 0.08963 0.11416 0.10200
0.08326 0.09128 0.08975 0.11197 0.10460
0.08346 0.09017 0.08867 0.10701 0.10670
0.07326 0.07504 0.07215 0.08726 0.08699
0.07337 0.07509 0.07648 0.08678 0.08681
0.07186 0.07515 0.07923 0.08662 0.08980
0.07417 0.07603 0.08144 0.08609 0.08579
0.07175 0.07902 0.08044 0.08310 0.08678
0.07150 0.07788 0.08157 0.08571 0.08509
0.07171 0.07716 0.07948 0.08616 0.08686
0.07390 0.08076 0.07837 0.08753 0.09127
0.07817 0.08560 0.07867 0.08483 0.08959
0.07815 0.08890 0.07833 0.08428 0.09252
0.07554 0.09148 0.08317 0.08441 0.09444
0.07554 0.09148 0.08317 0.08441 0.09444
0.07534 0.09164 0.08530 0.08392 0.09248
0.07495 0.09003 0.08762 0.08620 0.09142
0.07385 0.09323 0.08880 0.08251 0.09451
0.06704 0.08201 0.07609 0.07684 0.08403
0.06704 0.08201 0.07609 0.07684 0.08403
0.06704 0.08201 0.07609 0.07684 0.08403
0.06905 0.08226 0.07876 0.07358 0.08293
0.06879 0.08147 0.07814 0.06815 0.08264
0.06879 0.08147 0.07814 0.06815 0.08264
0.06762 0.08328 0.07675 0.06785 0.08249
0.06762 0.08328 0.07675 0.06785 0.08249
0.06762 0.08328 0.07675 0.06785 0.08249
0.06782 0.08249 0.07747 0.06721 0.08129
0.06782 0.08249 0.07747 0.06721 0.08129
0.06782 0.08249 0.07747 0.06721 0.08129
0.06645 0.08267 0.07948 0.06527 0.07797
0.06677 0.08158 0.07938 0.06668 0.07654
0.06828 0.08149 0.08482 0.06572 0.07577
0.06828 0.08149 0.08482 0.06572 0.07577
0.06828 0.08149 0.08482 0.06572 0.07577
0.06934 0.08676 0.08594 0.06505 0.07699
0.06934 0.08676 0.08594 0.06505 0.07699
0.06818 0.08893 0.08973 0.06330 0.07612
0.06818 0.08893 0.08973 0.06330 0.07612
0.05380 0.06329 0.06344 0.05945 0.07092
0.05380 0.06329 0.06344 0.05945 0.07092
0.04880 0.05730 0.06212 0.05518 0.06106
0.04928 0.05692 0.06067 0.05623 0.06075
0.04641 0.05616 0.05855 0.05826 0.05735
0.04641 0.05616 0.05855 0.05826 0.05735
0.04527 0.05712 0.05764 0.05792 0.05736
0.04527 0.05712 0.05764 0.05792 0.05736
0.03998 0.04727 0.05243 0.05796 0.05182
0.03998 0.04727 0.05243 0.05796 0.05182
0.04011 0.04838 0.05230 0.05693 0.05187
0.04020 0.04870 0.05232 0.05866 0.05178
0.04044 0.04781 0.05239 0.05811 0.05188
0.04131 0.04269 0.04983 0.05541 0.04947
0.04131 0.04269 0.04983 0.05541 0.04947
0.04131 0.04269 0.04983 0.05541 0.04947
0.04177 0.04279 0.04987 0.05426 0.04895
0.04174 0.04289 0.05025 0.05301 0.04866
0.04233 0.04229 0.04996 0.04998 0.04789
0.04374 0.04328 0.05093 0.05083 0.04827
0.04424 0.04277 0.05254 0.05124 0.04813
0.04424 0.04277 0.05254 0.05124 0.04813
0.04424 0.04277 0.05254 0.05124 0.04813
0.04617 0.04305 0.05321 0.05197 0.04852
0.04801 0.04392 0.05237 0.05467 0.04854
0.04828 0.04455 0.05296 0.05249 0.04839
0.04886 0.04416 0.05270 0.05490 0.04830
0.04886 0.04416 0.05270 0.05490 0.04830
0.05108 0.04439 0.05064 0.05650 0.04861
0.05322 0.04514 0.05035 0.05657 0.04885
0.05322 0.04514 0.05035 0.05657 0.04885
0.05331 0.04480 0.05144 0.05933 0.04912
0.05318 0.04378 0.05161 0.05633 0.04932
0.05613 0.04296 0.05055 0.05699 0.05054
0.05782 0.04446 0.05207 0.05707 0.05057
0.05163 0.04384 0.04887 0.05348 0.05272
0.05163 0.04384 0.04887 0.05348 0.05272
0.05163 0.04384 0.04887 0.05348 0.05272
0.05021 0.04697 0.05241 0.05194 0.05346
0.05021 0.04697 0.05241 0.05194 0.05346
0.05058 0.04792 0.05386 0.05291 0.05449
0.05058 0.04792 0.05386 0.05291 0.05449
0.05274 0.04909 0.05470 0.05446 0.05454
0.05567 0.05170 0.06077 0.06005 0.05672
0.05567 0.05170 0.06077 0.06005 0.05672
0.05567 0.05170 0.06077 0.06005 0.05672
0.05168 0.04846 0.05529 0.05201 0.05314
0.05168 0.04846 0.05529 0.05201 0.05314
0.04868 0.04634 0.05486 0.04907 0.05338
0.04868 0.04634 0.05486 0.04907 0.05338
0.04910 0.04733 0.05570 0.04983 0.05342
0.04910 0.04733 0.05570 0.04983 0.05342
0.04857 0.04827 0.05578 0.05072 0.05285
0.04731 0.04877 0.05580 0.05100 0.05329
0.04763 0.04889 0.05600 0.05093 0.05375
0.04763 0.04889 0.05600 0.05093 0.05375
0.04828 0.04813 0.05599 0.05120 0.05349
0.04828 0.04813 0.05599 0.05120 0.05349
0.04902 0.04780 0.05381 0.05044 0.05463
0.05149 0.04950 0.05435 0.05305 0.05684
0.05230 0.04960 0.05545 0.05402 0.05692
0.05230 0.04960 0.05545 0.05402 0.05692
0.05230 0.04960 0.05545 0.05402 0.05692
0.05521 0.05126 0.05484 0.05795 0.06092
0.05602 0.05316 0.05482 0.05972 0.06019
0.05602 0.05316 0.05482 0.05972 0.06019
0.05602 0.05316 0.05482 0.05972 0.06019
0.05602 0.05316 0.05482 0.05972 0.06019
0.05868 0.05674 0.05280 0.06203 0.06378
0.05868 0.05674 0.05280 0.06203 0.06378
0.05868 0.05674 0.05280 0.06203 0.06378
0.05863 0.05857 0.05317 0.06173 0.06525
0.06034 0.05945 0.05384 0.06258 0.06639
0.06625 0.06375 0.05384 0.06448 0.06780
0.06625 0.06375 0.05384 0.06448 0.06780
0.06625 0.06375 0.05384 0.06448 0.06780
0.06625 0.06375 0.05384 0.06448 0.06780
0.06572 0.06362 0.05353 0.06644 0.06798
0.06910 0.06485 0.04915 0.07054 0.06544
0.07326 0.06494 0.04987 0.07212 0.06490
0.07346 0.06557 0.05044 0.07309 0.06553
0.07346 0.06557 0.05044 0.07309 0.06553
0.07346 0.06557 0.05044 0.07309 0.06553
0.08460 0.07269 0.05175 0.08622 0.06776
0.08460 0.07269 0.05175 0.08622 0.06776
0.08151 0.07323 0.05406 0.08681 0.06841
0.06796 0.06081 0.04977 0.06895 0.06349
0.06796 0.06081 0.04977 0.06895 0.06349
0.06038 0.05456 0.04801 0.06231 0.06229
0.06038 0.05456 0.04801 0.06231 0.06229
0.06054 0.05714 0.04771 0.06189 0.06217
0.06054 0.05714 0.04771 0.06189 0.06217
0.06033 0.05720 0.04910 0.06211 0.06219
0.05871 0.05779 0.05039 0.06173 0.06208
0.05866 0.05605 0.04981 0.06138 0.06211
0.05866 0.05605 0.04981 0.06138 0.06211
0.05909 0.05612 0.04905 0.06173 0.06269
0.05857 0.05662 0.04955 0.06224 0.06234
0.05580 0.05371 0.04654 0.06098 0.05984
0.05580 0.05371 0.04654 0.06098 0.05984
0.05580 0.05371 0.04654 0.06098 0.05984
0.05580 0.05371 0.04654 0.06098 0.05984
0.05580 0.05371 0.04654 0.06098 0.05984
0.05193 0.05192 0.04535 0.05674 0.05740
0.05210 0.05085 0.04540 0.05617 0.05766
0.05210 0.05085 0.04540 0.05617 0.05766
0.05210 0.05085 0.04540 0.05617 0.05766
0.05208 0.05042 0.04538 0.05690 0.05856
0.04640 0.04608 0.04443 0.05278 0.05728
0.04657 0.04732 0.04546 0.05285 0.05828
0.04619 0.04739 0.04501 0.05333 0.05924
0.04619 0.04739 0.04501 0.05333 0.05924
0.04585 0.04864 0.04555 0.05231 0.05899
0.04098 0.05013 0.04649 0.04648 0.06077
0.04124 0.05018 0.04618 0.04693 0.06097
0.04186 0.05025 0.04572 0.04785 0.06114
0.04186 0.05025 0.04572 0.04785 0.06114
0.04205 0.05135 0.04510 0.04597 0.06224
0.03552 0.05136 0.04254 0.04002 0.06574
0.03484 0.04948 0.04202 0.03954 0.05975
0.03484 0.04948 0.04202 0.03954 0.05975
0.03458 0.05216 0.04145 0.04201 0.05981
0.03458 0.05216 0.04145 0.04201 0.05981
0.03767 0.05557 0.04034 0.04682 0.05862
0.03767 0.05557 0.04034 0.04682 0.05862
0.03701 0.05584 0.04006 0.04523 0.05841
0.03701 0.05584 0.04006 0.04523 0.05841
0.03688 0.05666 0.04010 0.04501 0.05895
0.04008 0.06047 0.03984 0.04631 0.05845
0.04281 0.06070 0.04002 0.04787 0.05812
0.03668 0.05262 0.04038 0.04229 0.05867
0.03668 0.05262 0.04038 0.04229 0.05867
0.03781 0.05162 0.04078 0.04217 0.05859
0.03911 0.04646 0.04131 0.03966 0.05761
0.03911 0.04646 0.04131 0.03966 0.05761
0.03911 0.04646 0.04131 0.03966 0.05761
0.03811 0.04638 0.04105 0.03982 0.05752
0.03904 0.04594 0.04069 0.03992 0.05757
0.03820 0.04617 0.04012 0.03906 0.05728
0.03816 0.04718 0.04022 0.03899 0.05756
0.03796 0.04978 0.04063 0.03890 0.05913
0.03819 0.05108 0.04150 0.03914 0.05926
0.03819 0.05108 0.04150 0.03914 0.05926
0.03649 0.05495 0.04258 0.03849 0.05786
0.03610 0.05296 0.04152 0.03885 0.05729
0.03612 0.05458 0.04135 0.03889 0.05688
0.03659 0.05515 0.04144 0.03906 0.05683
0.03659 0.05515 0.04144 0.03906 0.05683
0.03644 0.05401 0.04042 0.03950 0.05295
0.03644 0.05401 0.04042 0.03950 0.05295
0.03654 0.05287 0.04043 0.03867 0.05276
0.03654 0.05287 0.04043 0.03867 0.05276
0.03707 0.05394 0.04075 0.03855 0.05301
0.03614 0.04873 0.04009 0.03846 0.04857
0.03614 0.04873 0.04009 0.03846 0.04857
0.03614 0.04873 0.04009 0.03846 0.04857
0.03614 0.04873 0.04009 0.03846 0.04857
0.03614 0.04873 0.04009 0.03846 0.04857
0.03623 0.04710 0.04003 0.03741 0.04929
0.03592 0.04503 0.03990 0.03703 0.04783
0.03586 0.04489 0.04013 0.03789 0.04779
0.03586 0.04489 0.04013 0.03789 0.04779
0.03620 0.04481 0.04067 0.03874 0.04748
0.03550 0.04251 0.04099 0.03938 0.04781
0.03550 0.04251 0.04099 0.03938 0.04781
0.03550 0.04251 0.04099 0.03938 0.04781
0.03630 0.04292 0.04116 0.03798 0.04751
0.03630 0.04292 0.04116 0.03798 0.04751
0.03548 0.04467 0.04032 0.03794 0.04776
0.03548 0.04467 0.04032 0.03794 0.04776
0.03530 0.04424 0.04031 0.03851 0.04930
0.03531 0.04431 0.04217 0.03777 0.04892
0.03531 0.04431 0.04217 0.03777 0.04892
0.03456 0.04602 0.04571 0.03762 0.05091
0.03467 0.04537 0.04480 0.03736 0.05153
0.03578 0.04597 0.04492 0.03782 0.05143
0.03467 0.04626 0.04625 0.03950 0.05009
0.03449 0.04533 0.04637 0.03816 0.05043
0.03509 0.04450 0.05099 0.04009 0.04811
0.03526 0.04510 0.05151 0.03967 0.04823
0.03526 0.04510 0.05151 0.03967 0.04823
0.03526 0.04510 0.05151 0.03967 0.04823
0.03515 0.04709 0.05150 0.04049 0.04824
0.03570 0.05003 0.05696 0.04212 0.04913
0.03570 0.05003 0.05696 0.04212 0.04913
0.03570 0.05003 0.05696 0.04212 0.04913
0.03570 0.05003 0.05696 0.04212 0.04913
0.03564 0.05098 0.05527 0.04143 0.04917
0.03753 0.05358 0.05928 0.04252 0.04862
0.03793 0.05167 0.05880 0.04234 0.04882
0.03793 0.05167 0.05880 0.04234 0.04882
0.03793 0.05167 0.05880 0.04234 0.04882
0.03793 0.05167 0.05880 0.04234 0.04882
0.03999 0.05512 0.06310 0.04383 0.04701
0.03999 0.05512 0.06310 0.04383 0.04701
0.04004 0.05532 0.06584 0.04407 0.04696
0.04004 0.05532 0.06584 0.04407 0.04696
0.04004 0.05532 0.06584 0.04407 0.04696
0.04069 0.05273 0.06461 0.04558 0.04683
0.04069 0.05273 0.06461 0.04558 0.04683
0.04039 0.05313 0.06459 0.04434 0.04680
0.04039 0.05313 0.06459 0.04434 0.04680
0.04048 0.05428 0.06464 0.04425 0.04645
0.04011 0.05461 0.06381 0.04510 0.04680
0.04050 0.05306 0.06440 0.04612 0.04687
0.04050 0.05306 0.06440 0.04612 0.04687
0.04050 0.05306 0.06440 0.04612 0.04687
0.03981 0.05465 0.06403 0.04692 0.04688
0.03984 0.05702 0.06360 0.04861 0.04781
0.03984 0.05702 0.06360 0.04861 0.04781
0.03984 0.05702 0.06360 0.04861 0.04781
0.04010 0.05745 0.06357 0.04960 0.04755
0.04042 0.05589 0.06394 0.05050 0.04651
0.04062 0.05700 0.06101 0.05324 0.04534
0.04062 0.05700 0.06101 0.05324 0.04534
0.04106 0.05516 0.06266 0.05385 0.04525
0.04106 0.05516 0.06266 0.05385 0.04525
0.04222 0.05573 0.06171 0.05485 0.04649
0.04298 0.05307 0.06073 0.05395 0.04837
0.04467 0.05290 0.06101 0.05481 0.04932
0.04460 0.05228 0.06185 0.05479 0.04888
0.04432 0.05230 0.06189 0.05562 0.04895
0.04432 0.05230 0.06189 0.05562 0.04895
0.04331 0.04901 0.06277 0.05454 0.05054
0.04376 0.04864 0.06257 0.05413 0.05023
0.04376 0.04864 0.06257 0.05413 0.05023
0.04500 0.05135 0.06137 0.05396 0.05081
0.04562 0.05163 0.06143 0.05337 0.05111
0.04583 0.05182 0.06117 0.05111 0.05362
0.04583 0.05182 0.06117 0.05111 0.05362
0.04583 0.05182 0.06117 0.05111 0.05362
0.04583 0.05182 0.06117 0.05111 0.05362
0.04597 0.05120 0.06043 0.05164 0.05320
0.04894 0.04785 0.05703 0.05185 0.05573
0.04918 0.04692 0.05753 0.05342 0.05519
0.04895 0.04677 0.05708 0.05420 0.05549
0.05006 0.04621 0.05799 0.05419 0.05583
0.05006 0.04621 0.05799 0.05419 0.05583
0.05459 0.04411 0.06014 0.05553 0.05768
0.05226 0.04400 0.05868 0.05635 0.05744
0.05329 0.04376 0.05903 0.05531 0.05714
0.05453 0.04375 0.05850 0.05493 0.05749
0.05488 0.04402 0.05811 0.05481 0.05717
0.05959 0.04299 0.05682 0.05028 0.05949
0.05959 0.04299 0.05682 0.05028 0.05949
0.05963 0.04368 0.05709 0.05026 0.06067
0.05963 0.04368 0.05709 0.05026 0.06067
0.05846 0.04161 0.05686 0.05011 0.06053
0.06146 0.04083 0.05759 0.04784 0.06660
0.06146 0.04083 0.05759 0.04784 0.06660
0.06146 0.04083 0.05759 0.04784 0.06660
0.06221 0.04049 0.05802 0.04750 0.06736
0.06221 0.04049 0.05802 0.04750 0.06736
0.06518 0.03941 0.05916 0.04598 0.07205
0.06518 0.03941 0.05916 0.04598 0.07205
0.06518 0.03941 0.05916 0.04598 0.07205
0.06518 0.03941 0.05916 0.04598 0.07205
0.06544 0.04231 0.06163 0.04644 0.07145
0.07128 0.04814 0.06046 0.04752 0.07150
0.07128 0.04814 0.06046 0.04752 0.07150
0.06564 0.04318 0.06022 0.04696 0.07084
0.06500 0.04310 0.05877 0.04879 0.07274
0.06500 0.04310 0.05877 0.04879 0.07274
0.06308 0.03998 0.05250 0.05508 0.07281
0.06381 0.03975 0.05249 0.05447 0.07219
0.06450 0.03978 0.05230 0.05499 0.07092
0.06450 0.03978 0.05230 0.05499 0.07092
0.06450 0.03978 0.05230 0.05499 0.07092
0.06402 0.03742 0.05181 0.06222 0.07054
0.06181 0.03821 0.05254 0.06392 0.07051
0.06181 0.03821 0.05254 0.06392 0.07051
0.06191 0.03777 0.05217 0.06415 0.06953
0.06128 0.03802 0.05211 0.06610 0.06894
0.05625 0.03833 0.05506 0.07346 0.06854
0.05634 0.03810 0.05315 0.07104 0.06716
0.05634 0.03810 0.05315 0.07104 0.06716
0.05597 0.03879 0.05246 0.07165 0.06783
0.05597 0.03879 0.05246 0.07165 0.06783
0.05237 0.03870 0.05237 0.07552 0.06671
0.05169 0.03864 0.05276 0.07325 0.06752
0.05092 0.03881 0.05453 0.06898 0.06626
