0.00000
0.00000
0.31863
0.31894
0.31894
0.31962
0.31962
0.30390
0.30390
0.30314
0.30185
0.30185
0.30237
0.30237
0.30237
0.30237
0.30237
0.30237
0.31017
0.30924
0.30924
0.30924
0.31777
0.31777
0.31243
0.31695
0.31641
0.31641
0.31822
0.32190
0.32115
0.32163
0.32629
0.32629
0.32629
0.32629
0.32629
0.32873
0.32873
0.32873
0.32988
0.32988
0.32890
0.35513
0.35513
0.35362
0.35695
0.35798
0.35798
0.35798
0.36340
0.36340
0.36414
0.36414
0.36650
0.36650
0.36636
0.36841
0.37093
0.37093
0.37093
0.37093
0.36784
0.36784
0.36836
0.36349
0.36378
0.36557
0.36557
0.36557
0.36557
0.36557
0.36557
0.36662
0.36662
0.36662
0.36559
0.36559
0.36516
0.36516
0.36516
0.36435
0.36435
0.36680
0.36680
0.36779
0.36930
0.36930
0.36930
0.36930
0.36897
0.36567
0.36269
0.36269
0.36135
0.36077
0.36077
0.36077
0.36077
0.36077
0.36009
0.36199
0.36210
0.31238
0.26043
0.26043
0.26330
0.26398
0.23773
0.23773
0.23406
0.23406
0.23452
0.23452
0.23549
0.23549
0.23549
0.23549
0.23549
0.23549
0.23549
0.23549
0.23674
0.23430
0.23430
0.23479
0.23479
0.23479
0.23479
0.19508
0.19555
0.19282
0.19064
0.19064
0.19064
0.19064
0.19261
0.19261
0.19546
0.19546
0.19245
0.19245
0.19245
0.19408
0.19344
0.19344
0.19151
0.19151
0.18946
0.18507
0.18297
0.18187
0.18187
0.18187
0.18314
0.18519
0.18581
0.18701
0.18701
0.18758
0.18758
0.18758
0.18673
0.18673
0.18673
0.18747
0.18747
0.18598
0.18346
0.18165
0.18165
0.18121
0.16994
0.16994
0.16994
0.16955
0.16955
0.16955
0.16955
0.16955
0.16955
0.17099
0.16963
0.16864
0.16643
0.17027
0.17202
0.17795
0.17785
0.17785
0.17785
0.17880
0.18013
0.18013
0.18013
0.18013
0.13708
0.14026
0.13781
0.13781
0.13781
0.13781
0.13781
0.13778
0.13778
0.12578
0.12578
0.12467
0.12467
0.12300
0.12359
0.12359
0.12292
0.12284
0.12284
0.12284
0.12284
0.12284
0.12398
0.12398
0.12398
0.12350
0.12245
0.12195
0.12195
0.12225
0.12070
0.12088
0.11956
0.11956
0.11799
0.11799
0.11799
0.11927
0.11927
0.12214
0.11910
0.11910
0.12006
0.12144
0.12144
0.12200
0.12138
0.12138
0.12138
0.12138
0.12360
0.12360
0.12360
0.11230
0.10700
0.10732
0.10687
0.10687
0.10687
0.10687
0.10738
0.10767
0.10767
0.10812
0.10796
0.10847
0.10898
0.10898
0.10898
0.10866
0.10866
0.10513
0.10513
0.10589
0.10645
0.10724
0.10724
0.10790
0.10790
0.10744
0.10744
0.10744
0.10860
0.10860
0.10716
0.10646
0.10646
0.10646
0.10646
0.10641
0.10641
0.10431
0.10423
0.10423
0.10423
0.10476
0.10476
0.10476
0.10476
0.10586
0.10586
0.10586
0.10697
0.10697
0.10756
0.10756
0.10774
0.10774
0.10944
0.10944
0.11044
0.11044
0.11044
0.11044
0.10930
0.11135
0.11195
0.10362
0.10362
0.10362
0.10362
0.10362
0.10498
0.10622
0.10622
0.10654
0.10823
0.10853
0.10853
0.10739
0.10739
0.10739
0.10739
0.10739
0.10906
0.10874
0.10874
0.10969
0.10969
0.10969
0.11026
0.11026
0.11026
0.11280
0.11054
0.11198
0.11175
0.11045
0.10956
0.10956
0.11021
0.10605
0.10528
0.10528
0.10264
0.10264
0.10300
0.10391
0.10391
0.10391
0.10457
0.10534
0.10534
0.10534
0.10226
0.10226
0.10286
0.10373
0.10493
0.10497
0.10497
0.10497
0.10497
0.10497
0.10466
0.10429
0.10490
0.10562
0.10763
0.10763
0.10763
0.10861
0.10861
0.10861
0.10951
0.10951
0.11229
0.11448
0.10373
0.10373
0.10373
0.10373
0.10335
0.10335
0.10228
0.10228
0.10471
0.10471
0.10508
0.10995
0.11015
0.10957
0.10957
0.10964
0.10964
0.11196
0.11196
0.11196
0.11196
0.11264
0.11211
0.11211
0.11397
0.11397
0.11363
0.11324
0.11324
0.11324
0.11195
0.11111
0.10979
0.10925
0.10420
0.10420
0.10390
0.10390
0.10390
0.10373
0.10373
0.10373
0.10373
0.10472
0.10472
0.10586
0.10586
0.10586
0.10629
0.10783
0.10783
0.10783
0.10941
0.10941
0.10941
0.11038
0.11038
0.11038
0.11038
0.11162
0.10148
0.10141
0.10141
0.10330
0.10330
0.10330
0.10377
0.10022
0.10059
0.10059
0.10361
0.10361
0.10115
0.10115
0.10140
0.10626
0.10626
0.10499
0.10499
0.10499
0.10499
0.10499
0.10499
0.10499
0.10560
0.10560
0.10560
0.10560
0.10540
0.10540
0.10540
0.10540
0.10540
0.10870
0.11100
0.11106
0.10987
0.11188
0.11188
0.11188
0.11411
0.11411
0.11589
0.10606
0.10606
0.10938
0.10892
0.10810
0.10810
0.10810
0.10810
0.10618
0.10618
0.10618
0.10600
0.10646
0.10781
0.10758
0.10295
0.10295
0.10574
0.10698
0.10698
0.10698
0.10698
0.11000
0.11041
0.11041
0.11111
0.11111
0.11111
0.11111
0.11305
0.11010
0.10172
0.10172
0.10383
0.10457
0.10457
0.10457
0.10457
0.10330
0.10330
0.10330
0.10330
0.10157
0.10157
0.10191
0.10197
0.10224
0.10224
0.10371
0.10371
0.10307
0.10416
0.10488
0.10488
0.10488
0.10488
0.10633
0.10633
0.10633
0.10633
0.10239
0.10400
0.10564
0.10476
0.10738
0.10738
0.10804
0.10804
0.10970
0.10945
0.10945
0.10945
0.10945
0.10945
0.11219
0.11439
0.11476
0.11476
0.11476
0.11476
0.11476
0.11629
0.11345
0.11345
0.11356
0.11356
0.11614
0.11614
0.11614
0.11668
0.11668
0.11715
0.11788
0.11788
0.11867
0.11910
0.11970
0.11970
0.12164
0.12164
0.12164
0.12253
0.12253
0.11812
0.11963
0.11917
0.10142
0.10214
0.10301
0.10336
0.10336
0.10336
0.10343
0.10343
0.09380
0.09494
0.09543
0.09543
0.09543
0.09543
0.09456
0.08853
0.08853
0.08853
0.08853
0.08909
0.08926
0.07826
0.07826
0.07867
0.07975
0.08062
0.08061
0.08061
0.08301
0.08541
0.08541
0.08541
0.10808
0.08718
0.08819
0.08819
0.08819
0.08956
0.08916
0.08977
0.08977
0.08977
0.09333
0.09361
0.09765
0.09872
0.09853
0.09853
0.09853
0.09971
0.10288
0.10366
0.08686
0.08686
0.08723
0.08770
0.08867
0.08867
0.08867
0.09084
0.08157
0.08225
0.08225
0.08225
0.08090
0.08143
0.08143
0.08143
0.08053
0.07980
0.07980
0.07980
0.07980
0.07814
0.09662
0.09662
0.09662
0.09662
0.07659
0.07613
0.07809
0.07607
0.07499
0.07387
0.07273
0.06807
0.06807
0.06807
0.06811
0.06777
0.04514
0.04514
0.06892
0.06815
0.06622
0.06712
0.06712
0.06712
0.06712
0.06632
0.06632
0.06632
0.06632
0.05703
0.04080
0.05620
0.05017
0.05017
0.05017
0.04931
0.04931
0.04931
0.04931
0.05002
0.05247
0.05117
0.05256
0.05256
0.05256
0.05387
0.04599
0.05825
0.05825
0.06032
0.06283
0.06302
0.06302
0.06302
0.04688
0.05048
0.04987
0.04911
0.05061
0.05061
0.05203
0.05027
0.04973
0.04886
0.04928
0.05115
0.04541
0.04541
0.04541
0.04493
0.04628
0.04628
0.04628
0.04503
0.04503
0.04448
0.04541
0.04541
0.04505
0.04505
0.04591
0.04591
0.04469
0.04469
0.04029
0.03911
0.04016
0.04112
0.04112
0.04199
0.04149
0.04149
0.03957
0.03957
0.03957
0.04055
0.04055
0.04055
0.04234
0.04234
0.04408
0.04622
0.04622
0.04622
0.04622
0.04839
0.04839
0.04839
0.04794
0.03993
0.03944
0.03944
0.03967
0.03949
0.03949
0.04025
0.04108
0.04108
0.04108
0.04295
0.04361
0.04361
0.04277
0.04210
0.04210
0.04283
0.04283
0.04291
0.04291
0.04288
0.04295
0.04295
0.04291
0.04244
0.04244
0.04095
0.04095
0.04073
0.04134
0.04171
0.04388
0.04340
0.04340
0.04389
0.04350
0.04300
0.04300
0.04357
0.04417
0.04505
0.04296
0.04296
0.04296
0.04296
0.04319
0.03971
0.03971
0.03971
0.04002
0.03981
0.03827
0.03827
0.03975
0.04049
0.04151
0.04375
0.04431
0.04573
0.04573
0.04573
0.04807
0.04807
0.04124
0.04124
0.04124
0.03893
0.03893
0.03917
0.03947
0.03947
0.03879
0.03882
0.04032
0.04032
0.04032
0.04169
0.04169
0.04190
0.04190
0.04190
0.04270
0.04270
0.04274
0.04274
0.04274
0.04276
0.04399
0.04464
0.04464
0.04464
0.04364
0.04364
0.04364
0.04364
0.04364
0.04588
0.04588
0.04540
0.04540
0.04487
0.04634
0.04307
0.04307
0.04307
0.04307
0.04320
0.04298
0.04298
0.04424
0.04424
0.04531
0.04470
0.04509
0.04008
0.04008
0.03947
0.03910
0.03922
0.03958
0.03958
0.03805
0.03879
0.03883
0.03974
0.04074
0.04056
0.04056
0.04056
0.03801
0.03801
0.03686
0.03686
0.03624
0.03626
0.03645
0.03689
0.03665
0.03803
0.03721
0.03721
0.03668
0.03668
0.03562
0.03562
0.03562
0.03525
0.03525
0.03525
0.03585
0.03634
0.03665
0.03665
0.03666
0.03713
0.03713
0.03484
0.03484
0.03548
0.03548
0.03538
0.03423
0.03423
0.03423
0.03520
0.03520
0.03573
0.03656
0.03732
0.03732
0.03759
0.03912
0.03912
0.03795
0.03795
0.03795
0.03810
0.03810
0.03810
0.03941
0.03941
0.03961
0.03961
0.04112
0.04112
0.03989
0.03802
0.03802
0.03784
0.03745
0.03745
0.03735
0.03735
0.03716
0.03716
0.03716
0.03703
0.03704
0.03704
0.03704
0.03704
0.03730
0.03730
0.03730
0.03730
0.03869
0.03815
0.03892
0.03854
0.03746
0.03746
0.03653
0.03653
0.03653
0.03657
0.03657
0.03656
0.03656
0.03676
0.03801
0.03942
0.04173
0.04173
0.04173
