0.00000
467.88020
467.88020
468.53746
470.93827
470.93827
470.93827
552.40334
541.28144
541.28144
540.55992
540.55992
552.76762
546.18826
540.65814
540.65814
545.16411
507.45750
516.34823
516.34823
516.34823
522.07628
486.42398
486.37158
486.37158
486.66377
490.76141
457.28004
457.28004
457.28004
457.28004
456.29029
456.19061
456.19061
455.08078
455.08078
455.08078
460.98923
460.98923
460.28465
458.08289
458.08289
466.50629
464.19681
463.79298
463.79298
465.53237
486.05937
486.05937
486.05937
486.28458
486.47618
486.47618
486.47618
486.47618
487.88248
484.95871
478.14450
478.14450
478.14450
478.14450
478.14450
477.15751
477.15751
477.15751
477.15751
477.15751
479.29757
480.11939
480.11939
480.11939
480.11939
480.11939
480.11939
480.11939
480.11939
480.11939
481.96431
481.96431
481.96431
481.96431
481.96431
482.85963
479.75517
481.06558
483.06054
483.06054
483.06054
483.06054
483.00659
484.19099
484.19099
484.19099
486.47585
488.22287
488.22287
493.80699
491.01404
491.01404
429.54609
429.54609
425.29827
423.74140
423.74140
423.74140
423.74140
427.52622
426.27630
424.90307
424.90307
369.71174
369.71174
368.96466
368.96466
368.96466
368.96466
369.79701
369.03849
367.18962
367.18962
367.26833
367.26833
370.36690
370.36690
368.87244
368.88081
368.88081
368.88081
365.25913
365.25913
306.77396
306.77396
310.99970
310.99970
310.99970
310.99970
310.99970
310.99970
312.09764
312.09764
313.30850
316.70209
315.58103
315.58103
315.58103
315.58103
316.20088
315.38899
315.38899
315.38899
315.38899
319.09205
317.34257
317.34257
317.34257
319.15360
319.48094
319.48094
319.48094
319.48094
292.01375
289.30172
289.30172
292.46689
293.32655
261.31434
261.31434
259.68547
259.68547
259.91597
259.91597
259.91597
259.91597
259.91597
260.13550
257.45485
255.95662
253.80570
254.76042
255.89176
255.89176
256.30847
256.30847
256.18231
256.18231
257.97696
257.97696
257.97696
259.42968
258.88102
258.88102
258.88102
257.23923
259.95108
259.95108
259.95108
259.80849
260.66627
260.66627
258.00915
258.00915
258.59200
258.59200
258.59200
257.37314
258.50231
261.06948
260.74795
260.74795
228.92311
228.92311
228.92311
228.92311
228.92311
228.92311
227.74649
227.17226
227.17226
226.10719
226.60700
226.60700
226.60700
226.60700
225.55141
224.90066
224.90066
224.90066
223.78940
223.78940
223.78940
223.78940
222.06350
220.23063
220.23063
222.26766
220.02965
218.67404
217.18939
217.18939
217.18939
216.05978
216.05978
216.05978
216.05978
215.16404
216.56635
216.81163
241.02319
241.02319
241.93264
241.93264
238.98680
238.98680
239.73939
239.73939
239.73939
239.73939
264.96410
245.65287
245.65287
245.65287
245.65287
245.65287
245.65287
245.96698
245.96698
245.96698
245.96698
245.40323
245.40323
246.17272
246.17272
246.17272
244.27344
240.68138
240.68138
242.81344
241.91775
241.91775
241.91775
241.65601
241.65601
241.65601
241.65601
240.42553
239.24848
207.45574
207.45574
205.86405
205.86405
205.86405
205.26942
205.26942
205.26942
205.26942
205.26942
205.82216
203.61765
203.61765
203.61765
203.61765
203.34527
201.97229
202.78115
202.60034
202.60034
199.90222
177.75498
175.96403
178.66292
182.27212
182.27212
181.23882
179.83048
178.53882
180.22373
180.95543
178.61580
178.61580
178.61580
178.61580
177.44354
177.44354
177.44354
177.44354
177.44354
176.93379
176.93379
177.76343
177.45242
177.45242
177.90398
177.90398
176.56781
175.14430
175.14430
176.56524
176.56524
175.10823
175.10823
175.10823
175.03248
173.44608
175.43404
175.43404
175.43404
175.43404
159.55900
159.55900
158.77740
158.77740
158.77740
158.77740
158.77830
158.77830
158.77830
159.85243
160.44814
159.25866
159.25866
157.55931
157.55931
156.56626
156.56626
156.56626
159.18930
160.27846
160.74584
160.74584
162.33342
163.45523
163.45523
163.45523
163.45523
163.59278
163.59278
163.59278
163.59278
162.58544
162.58544
164.60477
164.60477
163.96816
163.96816
164.22586
163.56094
162.33730
162.33730
162.33730
162.33730
164.13889
164.13889
164.13889
164.13889
164.13889
164.13889
164.13889
163.54012
163.54012
163.29371
166.16954
166.35045
166.35045
167.54895
167.54895
167.54895
167.54895
167.54895
167.54895
164.92893
164.92893
164.92893
164.92893
164.92893
164.83285
165.90151
165.90151
165.90151
165.90151
165.90151
165.90151
165.90151
163.90210
164.39254
164.39254
161.93336
161.93336
163.40269
164.74718
168.34152
168.34152
168.34152
168.34152
168.19269
168.19269
168.19269
169.31684
169.31684
169.60280
169.60280
169.38167
169.55597
169.55597
169.26291
169.26291
170.97726
172.98812
175.44693
174.20335
174.20335
174.20335
172.96150
172.96150
173.98405
173.98405
173.98405
145.72976
146.32576
144.46214
144.48694
144.02135
143.16535
143.19107
143.58796
142.94160
142.94160
142.94160
142.55006
142.55006
142.55006
142.84702
142.84702
143.21068
143.21068
142.88317
141.97578
142.72211
142.72211
142.72211
142.72211
142.20874
143.87544
143.08307
142.39165
142.39165
142.39165
141.88245
141.98891
142.60702
142.56769
142.56769
143.55094
144.30725
145.58909
145.58909
147.37812
147.37812
147.25949
147.25949
146.84153
146.84153
147.86341
148.46493
148.46493
148.46493
148.35071
148.35071
148.08098
144.54781
147.71556
147.71556
147.26305
147.26305
147.26305
148.09854
148.09854
147.35969
146.91852
146.91852
146.91852
146.91852
146.00378
147.43715
147.43715
145.76638
146.94422
147.93619
149.52647
150.29599
150.29599
150.64783
148.78412
148.78412
148.78412
147.65882
147.78916
147.78197
147.78197
146.23050
145.73995
146.21963
146.11078
148.09294
148.09294
148.09294
147.99089
147.99089
147.99089
146.30375
146.30375
146.30375
146.85034
146.85034
146.85034
146.85034
145.82163
145.56072
145.17667
146.75055
146.75055
146.75055
146.75055
147.40739
147.40739
147.40739
147.05835
147.05835
145.95700
146.54540
147.69258
147.69258
148.86227
148.86227
148.86227
148.86227
148.86227
149.46367
149.46367
149.58878
149.58878
149.58878
149.58878
149.58878
149.58878
151.17270
152.17451
152.17451
152.08935
151.80127
151.80127
151.79936
151.79936
153.27519
154.25068
154.32627
153.28628
151.43520
151.43520
151.43520
154.80874
154.16701
169.66774
169.07946
168.56839
168.56839
170.27223
170.27223
168.06322
168.77106
168.09621
167.92598
167.92598
165.38710
165.19003
151.15499
151.15499
150.33779
148.22482
148.95611
148.68615
149.63342
149.63342
145.93513
146.99146
146.99146
146.87980
146.87980
144.34691
143.18052
142.34823
141.50229
140.64671
138.24261
138.24261
138.24261
138.24261
138.24261
136.80112
136.80112
136.80112
136.80112
136.80112
135.52394
136.07201
136.07201
136.07201
136.07201
135.99223
136.41525
136.41525
136.95763
136.95763
139.01163
138.77040
133.53042
133.53042
133.53042
134.43254
134.43254
134.43254
132.36271
131.92768
132.33618
131.10173
131.65726
131.65726
131.65726
125.55768
135.52355
135.52355
134.70896
112.74984
112.21815
112.21815
112.28069
112.28069
110.57131
109.92666
109.69059
109.84961
109.84961
109.64742
108.77180
83.21832
83.95451
84.53101
85.01253
85.20812
84.79134
84.34874
86.37832
87.36663
87.39215
88.29724
88.29724
88.23644
88.32120
87.99576
78.17523
78.17523
78.17523
78.22186
76.61599
76.61599
76.31155
76.31155
76.31155
75.61315
75.61315
75.61315
74.38595
74.14990
74.23045
74.23045
74.23045
75.91369
75.91369
75.76219
75.76219
56.79452
56.79452
48.99098
48.94007
47.62283
47.62283
47.48961
47.48961
43.96478
43.96478
43.93001
44.03357
43.58850
41.53850
41.53850
41.53850
41.31358
41.05315
40.65278
41.25798
41.36403
41.36403
41.36403
42.33527
42.72237
42.64779
42.91052
42.91052
43.92053
44.31301
44.31301
44.58879
44.03959
45.11239
45.79059
44.31070
44.31070
44.31070
44.87038
44.87038
45.52144
45.52144
45.99439
47.95332
47.95332
47.95332
44.83216
44.83216
43.45404
43.45404
43.93988
43.93988
44.09088
44.05267
44.01326
44.01326
43.89211
43.89211
42.80680
43.79993
44.01477
44.01477
44.01477
44.63583
44.97731
44.97731
44.97731
44.97731
45.45885
45.45885
45.45885
45.68492
46.23501
46.87702
46.87702
46.87702
46.87702
47.07773
46.60245
47.25265
47.82110
47.82110
47.82110
51.60618
51.60618
51.60402
45.47769
45.47769
42.32170
42.32170
42.76454
42.76454
42.71825
42.66187
42.66286
42.66286
42.71714
42.69724
41.52138
41.52138
41.52138
41.52138
41.52138
40.11494
39.98660
39.98660
39.98660
40.09854
38.59514
38.99548
38.93650
38.93650
39.00721
38.54918
38.51028
38.52349
38.52349
38.90445
37.90994
37.30945
37.30945
37.68397
37.68397
38.88381
38.88381
38.73436
38.73436
38.88661
39.71250
40.28333
37.86318
37.86318
37.67637
36.28544
36.28544
36.28544
36.10725
36.08110
36.18212
36.25230
36.95109
37.27123
37.27123
38.15697
37.83243
38.09792
37.91090
37.91090
37.84778
37.84778
37.52021
37.52021
37.75041
37.04873
37.04873
37.04873
37.04873
37.04873
37.09655
36.20570
36.42760
36.42760
36.50622
36.06706
36.06706
36.06706
35.98488
35.98488
36.32529
36.32529
36.55738
36.70068
36.70068
37.77521
37.53390
37.82074
37.93966
37.78451
38.39958
38.34802
38.34802
38.34802
38.58538
39.83355
39.83355
39.83355
39.83355
39.72475
40.69957
40.41614
40.41614
40.41614
40.41614
41.87322
41.87322
42.16932
42.16932
42.16932
42.15571
42.15571
41.68682
41.68682
41.59762
40.87558
40.86736
40.86736
40.86736
40.96130
40.77353
40.77353
40.77353
41.01624
41.32332
41.45894
41.45894
41.63118
41.63118
41.93430
41.75437
42.22782
42.26158
42.08837
42.08837
41.75113
41.65114
41.65114
41.71479
41.61865
40.90983
40.90983
40.90983
40.90983
40.83262
39.65077
39.70052
39.77124
39.65938
39.65938
39.73372
39.83744
39.74262
39.87620
39.90911
39.75150
39.75150
40.10799
40.10799
39.98380
40.33169
40.33169
40.33169
40.53370
40.53370
40.57610
40.57610
40.57610
40.57610
40.46493
39.79132
39.79132
41.28515
41.45594
41.45594
42.07193
41.96707
41.71105
41.71105
41.71105
42.31019
42.47783
42.47783
42.43884
42.88918
44.92641
44.03613
44.03613
43.79709
43.79709
44.58745
44.46725
44.06460
