0.00000
0.00000
0.37370
0.37400
0.37400
0.37462
0.37462
0.35630
0.35630
0.35630
0.35495
0.35495
0.35540
0.35540
0.35540
0.35540
0.35540
0.35540
0.36464
0.36364
0.36364
0.36364
0.37268
0.37268
0.36775
0.37189
0.37130
0.37130
0.37353
0.37819
0.37686
0.37733
0.38286
0.38291
0.38291
0.38291
0.38291
0.38487
0.38487
0.38487
0.38597
0.38597
0.38493
0.40489
0.40489
0.40335
0.40677
0.40662
0.40662
0.40662
0.41203
0.41203
0.41278
0.41278
0.41515
0.41515
0.41495
0.41692
0.41952
0.41952
0.41952
0.41952
0.41596
0.41596
0.41641
0.41145
0.41176
0.41363
0.41363
0.41363
0.41363
0.41363
0.41363
0.41466
0.41466
0.41466
0.41366
0.41366
0.41308
0.41308
0.41308
0.41228
0.41228
0.41476
0.41476
0.41581
0.41733
0.41733
0.41733
0.41733
0.41704
0.41362
0.41054
0.41054
0.40915
0.40856
0.40856
0.40856
0.40856
0.40856
0.40795
0.40992
0.40999
0.35086
0.28983
0.28983
0.29289
0.29346
0.26411
0.26411
0.26050
0.26050
0.26094
0.26094
0.26187
0.26187
0.26187
0.26187
0.26187
0.26187
0.26187
0.26187
0.26321
0.26074
0.26074
0.26106
0.26106
0.26106
0.26106
0.21580
0.21633
0.21353
0.21137
0.21137
0.21137
0.21137
0.21347
0.21347
0.21641
0.21641
0.21331
0.21331
0.21331
0.21507
0.21448
0.21448
0.21266
0.21266
0.21077
0.20633
0.20435
0.20350
0.20350
0.20350
0.20488
0.20707
0.20777
0.20934
0.20934
0.20976
0.20976
0.20976
0.20881
0.20881
0.20881
0.20976
0.20976
0.20830
0.20585
0.20400
0.20400
0.20334
0.18838
0.18838
0.18838
0.18803
0.18803
0.18803
0.18803
0.18803
0.18803
0.18955
0.18829
0.18752
0.18535
0.18909
0.19091
0.19717
0.19705
0.19705
0.19705
0.19799
0.19933
0.19933
0.19933
0.19933
0.15531
0.15838
0.15617
0.15617
0.15617
0.15617
0.15617
0.15622
0.15622
0.14404
0.14404
0.14295
0.14295
0.14142
0.14204
0.14204
0.14152
0.14142
0.14142
0.14142
0.14142
0.14142
0.14255
0.14255
0.14255
0.14215
0.14119
0.14104
0.14104
0.14126
0.13977
0.13977
0.13880
0.13880
0.13676
0.13676
0.13676
0.13809
0.13809
0.14078
0.13773
0.13773
0.13864
0.13993
0.13993
0.14056
0.13990
0.13990
0.13990
0.13990
0.14222
0.14222
0.14222
0.13080
0.12524
0.12566
0.12530
0.12530
0.12530
0.12530
0.12584
0.12604
0.12604
0.12652
0.12631
0.12669
0.12743
0.12743
0.12743
0.12721
0.12721
0.12315
0.12315
0.12411
0.12464
0.12548
0.12548
0.12646
0.12646
0.12608
0.12608
0.12608
0.12753
0.12753
0.12583
0.12479
0.12479
0.12479
0.12479
0.12485
0.12485
0.12218
0.12241
0.12241
0.12241
0.12302
0.12302
0.12302
0.12302
0.12406
0.12406
0.12406
0.12538
0.12538
0.12600
0.12600
0.12616
0.12616
0.12804
0.12804
0.12908
0.12908
0.12908
0.12908
0.12795
0.13041
0.13117
0.12172
0.12172
0.12172
0.12172
0.12172
0.12308
0.12418
0.12418
0.12461
0.12607
0.12621
0.12621
0.12533
0.12533
0.12533
0.12533
0.12533
0.12694
0.12662
0.12662
0.12767
0.12767
0.12767
0.12834
0.12834
0.12834
0.13077
0.12871
0.13018
0.12996
0.12877
0.12785
0.12785
0.12845
0.12397
0.12339
0.12339
0.12088
0.12088
0.12152
0.12201
0.12201
0.12201
0.12255
0.12353
0.12353
0.12353
0.12044
0.12044
0.12121
0.12226
0.12355
0.12368
0.12368
0.12368
0.12368
0.12368
0.12308
0.12275
0.12336
0.12418
0.12611
0.12611
0.12611
0.12688
0.12688
0.12688
0.12765
0.12765
0.13048
0.13268
0.12191
0.12191
0.12191
0.12191
0.12147
0.12147
0.12071
0.12071
0.12302
0.12302
0.12337
0.12800
0.12810
0.12760
0.12760
0.12777
0.12777
0.13021
0.13021
0.13021
0.13021
0.13110
0.13055
0.13055
0.13238
0.13238
0.13205
0.13190
0.13190
0.13190
0.13051
0.12994
0.12868
0.12810
0.12245
0.12245
0.12212
0.12212
0.12212
0.12224
0.12224
0.12224
0.12224
0.12320
0.12320
0.12444
0.12444
0.12444
0.12491
0.12629
0.12629
0.12629
0.12770
0.12770
0.12770
0.12863
0.12863
0.12863
0.12863
0.12998
0.12011
0.12030
0.12030
0.12186
0.12186
0.12186
0.12233
0.11906
0.11930
0.11930
0.12207
0.12207
0.11964
0.11964
0.12001
0.12440
0.12440
0.12347
0.12347
0.12347
0.12347
0.12347
0.12347
0.12347
0.12429
0.12429
0.12429
0.12429
0.12411
0.12411
0.12411
0.12411
0.12411
0.12758
0.12988
0.12983
0.12904
0.13096
0.13096
0.13096
0.13354
0.13354
0.13523
0.12425
0.12425
0.12733
0.12719
0.12675
0.12675
0.12675
0.12675
0.12521
0.12521
0.12521
0.12488
0.12563
0.12642
0.12609
0.12145
0.12145
0.12351
0.12479
0.12479
0.12479
0.12479
0.12731
0.12787
0.12787
0.12845
0.12845
0.12845
0.12845
0.13019
0.12798
0.12036
0.12036
0.12189
0.12287
0.12287
0.12287
0.12287
0.12181
0.12181
0.12181
0.12181
0.12046
0.12046
0.12066
0.12087
0.12116
0.12116
0.12240
0.12240
0.12178
0.12271
0.12364
0.12364
0.12364
0.12364
0.12506
0.12506
0.12506
0.12506
0.12096
0.12220
0.12378
0.12279
0.12539
0.12539
0.12605
0.12605
0.12772
0.12751
0.12751
0.12751
0.12751
0.12751
0.13028
0.13229
0.13280
0.13280
0.13280
0.13280
0.13280
0.13421
0.13126
0.13126
0.13194
0.13194
0.13435
0.13435
0.13435
0.13473
0.13473
0.13538
0.13584
0.13584
0.13641
0.13698
0.13748
0.13748
0.13918
0.13918
0.13918
0.14035
0.14035
0.13603
0.13750
0.13694
0.11983
0.12050
0.12120
0.12161
0.12161
0.12161
0.12176
0.12176
0.11243
0.11349
0.11172
0.11172
0.11172
0.11172
0.11094
0.10309
0.10309
0.10309
0.10309
0.10335
0.10367
0.09203
0.09203
0.09260
0.09381
0.09454
0.09472
0.09472
0.09715
0.10012
0.10012
0.10012
0.12628
0.10172
0.10310
0.10310
0.10310
0.10463
0.10449
0.10517
0.10517
0.10517
0.10943
0.10998
0.11442
0.11564
0.11552
0.11552
0.11552
0.11631
0.12053
0.12117
0.10143
0.10143
0.10173
0.10194
0.10279
0.10279
0.10279
0.10445
0.09377
0.09449
0.09449
0.09449
0.09273
0.09308
0.09308
0.09308
0.09233
0.09102
0.09102
0.09102
0.09102
0.08924
0.10914
0.10914
0.10914
0.10914
0.08667
0.08615
0.08805
0.08617
0.08517
0.08418
0.08294
0.07824
0.07824
0.07824
0.07849
0.07838
0.05318
0.05318
0.07934
0.07876
0.07721
0.07825
0.07825
0.07825
0.07825
0.07799
0.07799
0.07799
0.07799
0.06692
0.04969
0.06648
0.05928
0.05928
0.05928
0.05846
0.05846
0.05846
0.05846
0.05920
0.06141
0.06035
0.06155
0.06155
0.06155
0.06272
0.05475
0.06713
0.06713
0.06930
0.07152
0.07174
0.07174
0.07174
0.05520
0.05866
0.05816
0.05761
0.05913
0.05913
0.06071
0.05913
0.05860
0.05784
0.05817
0.06020
0.05392
0.05392
0.05392
0.05370
0.05542
0.05542
0.05542
0.05408
0.05408
0.05364
0.05467
0.05467
0.05437
0.05437
0.05545
0.05545
0.05441
0.05441
0.04954
0.04840
0.04918
0.05039
0.05039
0.05135
0.05113
0.05113
0.04850
0.04850
0.04850
0.04935
0.04935
0.04935
0.05111
0.05111
0.05264
0.05462
0.05462
0.05462
0.05462
0.05650
0.05650
0.05650
0.05606
0.04834
0.04803
0.04803
0.04834
0.04811
0.04811
0.04877
0.04949
0.04949
0.04949
0.05138
0.05203
0.05203
0.05137
0.05063
0.05063
0.05135
0.05135
0.05141
0.05141
0.05150
0.05145
0.05145
0.05148
0.05108
0.05108
0.04963
0.04963
0.04936
0.05007
0.05052
0.05268
0.05228
0.05228
0.05281
0.05250
0.05196
0.05196
0.05281
0.05326
0.05413
0.05224
0.05224
0.05224
0.05224
0.05249
0.04875
0.04875
0.04875
0.04908
0.04884
0.04727
0.04727
0.04865
0.04936
0.05054
0.05277
0.05343
0.05488
0.05488
0.05488
0.05732
0.05732
0.05037
0.05037
0.05037
0.04776
0.04776
0.04819
0.04859
0.04859
0.04781
0.04796
0.04950
0.04950
0.04950
0.05063
0.05063
0.05085
0.05085
0.05085
0.05170
0.05170
0.05184
0.05184
0.05184
0.05204
0.05319
0.05385
0.05385
0.05385
0.05275
0.05275
0.05275
0.05275
0.05275
0.05501
0.05501
0.05468
0.05468
0.05411
0.05564
0.05222
0.05222
0.05222
0.05222
0.05228
0.05213
0.05213
0.05335
0.05335
0.05457
0.05400
0.05427
0.04925
0.04925
0.04858
0.04820
0.04838
0.04871
0.04871
0.04770
0.04853
0.04860
0.04970
0.05071
0.05097
0.05097
0.05097
0.04774
0.04774
0.04645
0.04645
0.04613
0.04613
0.04638
0.04679
0.04672
0.04802
0.04719
0.04719
0.04667
0.04667
0.04568
0.04568
0.04568
0.04548
0.04548
0.04548
0.04628
0.04686
0.04706
0.04706
0.04688
0.04742
0.04742
0.04487
0.04487
0.04557
0.04557
0.04550
0.04409
0.04409
0.04409
0.04503
0.04503
0.04543
0.04637
0.04729
0.04729
0.04761
0.04913
0.04913
0.04757
0.04757
0.04757
0.04772
0.04772
0.04772
0.04902
0.04902
0.04913
0.04913
0.05073
0.05073
0.04950
0.04756
0.04756
0.04741
0.04728
0.04728
0.04693
0.04693
0.04678
0.04678
0.04678
0.04641
0.04650
0.04650
0.04650
0.04650
0.04666
0.04666
0.04666
0.04666
0.04780
0.04709
0.04788
0.04783
0.04707
0.04707
0.04650
0.04650
0.04650
0.04626
0.04626
0.04666
0.04666
0.04727
0.04813
0.04918
0.05168
0.05168
0.05168
