15.127217 76.449669
0.214549 0.237204 0.223165 0.214549 0.200669 0.176738 0.178174 0.182322 0.187109 0.193012
0.223165 0.214549 0.200669 0.176738 0.178174 0.182322 0.187109 0.193012 0.180089 0.201308
0.200669 0.176738 0.178174 0.182322 0.187109 0.193012 0.180089 0.201308 0.221410 0.258902
0.178174 0.182322 0.187109 0.193012 0.180089 0.201308 0.221410 0.258902 0.238321 0.257147
0.187109 0.193012 0.180089 0.201308 0.221410 0.258902 0.238321 0.257147 0.258104 0.240555
0.180089 0.201308 0.221410 0.258902 0.238321 0.257147 0.258104 0.240555 0.227472 0.223165
0.221410 0.258902 0.238321 0.257147 0.258104 0.240555 0.227472 0.223165 0.224601 0.224441
0.238321 0.257147 0.258104 0.240555 0.227472 0.223165 0.224601 0.224441 0.233056 0.217102
0.258104 0.240555 0.227472 0.223165 0.224601 0.224441 0.233056 0.217102 0.197957 0.197798
0.227472 0.223165 0.224601 0.224441 0.233056 0.217102 0.197957 0.197798 0.208806 0.214071
0.224601 0.224441 0.233056 0.217102 0.197957 0.197798 0.208806 0.214071 0.208168 0.213752
0.233056 0.217102 0.197957 0.197798 0.208806 0.214071 0.208168 0.213752 0.220931 0.219176
0.197957 0.197798 0.208806 0.214071 0.208168 0.213752 0.220931 0.219176 0.230025 0.235609
0.208806 0.214071 0.208168 0.213752 0.220931 0.219176 0.230025 0.235609 0.260497 0.267038
0.208168 0.213752 0.220931 0.219176 0.230025 0.235609 0.260497 0.267038 0.270070 0.264645
0.220931 0.219176 0.230025 0.235609 0.260497 0.267038 0.270070 0.264645 0.251403 0.254116
0.230025 0.235609 0.260497 0.267038 0.270070 0.264645 0.251403 0.254116 0.255232 0.249329
0.260497 0.267038 0.270070 0.264645 0.251403 0.254116 0.255232 0.249329 0.239757 0.244862
0.270070 0.264645 0.251403 0.254116 0.255232 0.249329 0.239757 0.244862 0.249648 0.265443
0.251403 0.254116 0.255232 0.249329 0.239757 0.244862 0.249648 0.265443 0.286024 0.284109
0.255232 0.249329 0.239757 0.244862 0.249648 0.265443 0.286024 0.284109 0.290491 0.287619
0.239757 0.244862 0.249648 0.265443 0.286024 0.284109 0.290491 0.287619 0.291927 0.308998
0.249648 0.265443 0.286024 0.284109 0.290491 0.287619 0.291927 0.308998 0.301180 0.296554
0.286024 0.284109 0.290491 0.287619 0.291927 0.308998 0.301180 0.296554 0.287141 0.304052
0.290491 0.287619 0.291927 0.308998 0.301180 0.296554 0.287141 0.304052 0.305966 0.306764
0.291927 0.308998 0.301180 0.296554 0.287141 0.304052 0.305966 0.306764 0.308360 0.320166
0.301180 0.296554 0.287141 0.304052 0.305966 0.306764 0.308360 0.320166 0.316496 0.294320
0.287141 0.304052 0.305966 0.306764 0.308360 0.320166 0.316496 0.294320 0.279004 0.301180
0.305966 0.306764 0.308360 0.320166 0.316496 0.294320 0.279004 0.301180 0.302456 0.305169
0.308360 0.320166 0.316496 0.294320 0.279004 0.301180 0.302456 0.305169 0.278525 0.288896
0.316496 0.294320 0.279004 0.301180 0.302456 0.305169 0.278525 0.288896 0.324633 0.345852
0.279004 0.301180 0.302456 0.305169 0.278525 0.288896 0.324633 0.345852 0.358934 0.360370
0.302456 0.305169 0.278525 0.288896 0.324633 0.345852 0.358934 0.360370 0.350000 0.354786
0.278525 0.288896 0.324633 0.345852 0.358934 0.360370 0.350000 0.354786 0.414933 0.439981
0.324633 0.345852 0.358934 0.360370 0.350000 0.354786 0.414933 0.439981 0.508583 0.519592
0.358934 0.360370 0.350000 0.354786 0.414933 0.439981 0.508583 0.519592 0.566975 0.611487
0.350000 0.354786 0.414933 0.439981 0.508583 0.519592 0.566975 0.611487 0.573357 0.491353
0.414933 0.439981 0.508583 0.519592 0.566975 0.611487 0.573357 0.491353 0.520230 0.567614
0.508583 0.519592 0.566975 0.611487 0.573357 0.491353 0.520230 0.567614 0.648979 0.672113
0.566975 0.611487 0.573357 0.491353 0.520230 0.567614 0.648979 0.672113 0.667965 0.731781
0.573357 0.491353 0.520230 0.567614 0.648979 0.672113 0.667965 0.731781 0.732580 0.727308
0.520230 0.567614 0.648979 0.672113 0.667965 0.731781 0.732580 0.727308 0.743603 0.740887
0.648979 0.672113 0.667965 0.731781 0.732580 0.727308 0.743603 0.740887 0.752069 0.851912
0.667965 0.731781 0.732580 0.727308 0.743603 0.740887 0.752069 0.851912 0.961820 1.000000
0.732580 0.727308 0.743603 0.740887 0.752069 0.851912 0.961820 1.000000 0.884501 0.927154
0.743603 0.740887 0.752069 0.851912 0.961820 1.000000 0.884501 0.927154 0.976996 0.987699
0.752069 0.851912 0.961820 1.000000 0.884501 0.927154 0.976996 0.987699 0.927474 0.905269
0.961820 1.000000 0.884501 0.927154 0.976996 0.987699 0.927474 0.905269 0.926515 0.867408
0.884501 0.927154 0.976996 0.987699 0.927474 0.905269 0.926515 0.867408 0.879230 0.885779
0.976996 0.987699 0.927474 0.905269 0.926515 0.867408 0.879230 0.885779 0.898240 0.947123
0.927474 0.905269 0.926515 0.867408 0.879230 0.885779 0.898240 0.947123 0.902234 0.807981
0.926515 0.867408 0.879230 0.885779 0.898240 0.947123 0.902234 0.807981 0.814531 0.756382
0.879230 0.885779 0.898240 0.947123 0.902234 0.807981 0.814531 0.756382 0.703186 0.793125
0.898240 0.947123 0.902234 0.807981 0.814531 0.756382 0.703186 0.793125 0.817087 0.777150
0.902234 0.807981 0.814531 0.756382 0.703186 0.793125 0.817087 0.777150 0.674751 0.590722
0.814531 0.756382 0.703186 0.793125 0.817087 0.777150 0.674751 0.590722 0.663249 0.595675
0.703186 0.793125 0.817087 0.777150 0.674751 0.590722 0.663249 0.595675 0.511487 0.435606
0.817087 0.777150 0.674751 0.590722 0.663249 0.595675 0.511487 0.435606 0.373943 0.311960
0.674751 0.590722 0.663249 0.595675 0.511487 0.435606 0.373943 0.311960 0.256048 0.306369
0.663249 0.595675 0.511487 0.435606 0.373943 0.311960 0.256048 0.306369 0.361642 0.422506
0.511487 0.435606 0.373943 0.311960 0.256048 0.306369 0.361642 0.422506 0.489441 0.415797
0.373943 0.311960 0.256048 0.306369 0.361642 0.422506 0.489441 0.415797 0.466917 0.538325
0.256048 0.306369 0.361642 0.422506 0.489441 0.415797 0.466917 0.538325 0.592639 0.580658
0.361642 0.422506 0.489441 0.415797 0.466917 0.538325 0.592639 0.580658 0.649830 0.673313
0.489441 0.415797 0.466917 0.538325 0.592639 0.580658 0.649830 0.673313 0.709097 0.629701
0.466917 0.538325 0.592639 0.580658 0.649830 0.673313 0.709097 0.629701 0.697116 0.791048
0.592639 0.580658 0.649830 0.673313 0.709097 0.629701 0.697116 0.791048 0.815649 0.704144
0.649830 0.673313 0.709097 0.629701 0.697116 0.791048 0.815649 0.704144 0.609094 0.694719
0.709097 0.629701 0.697116 0.791048 0.815649 0.704144 0.609094 0.694719 0.672674 0.623950
0.697116 0.791048 0.815649 0.704144 0.609094 0.694719 0.672674 0.623950 0.654303 0.744401
0.815649 0.704144 0.609094 0.694719 0.672674 0.623950 0.654303 0.744401 0.730343 0.727308
0.609094 0.694719 0.672674 0.623950 0.654303 0.744401 0.730343 0.727308 0.740887 0.721397
0.672674 0.623950 0.654303 0.744401 0.730343 0.727308 0.740887 0.721397 0.747117 0.647753
0.654303 0.744401 0.730343 0.727308 0.740887 0.721397 0.747117 0.647753 0.669639 0.620915
0.730343 0.727308 0.740887 0.721397 0.747117 0.647753 0.669639 0.620915 0.593758 0.509730
0.740887 0.721397 0.747117 0.647753 0.669639 0.620915 0.593758 0.509730 0.434168 0.366115
0.747117 0.647753 0.669639 0.620915 0.593758 0.509730 0.434168 0.366115 0.400940 0.465639
0.669639 0.620915 0.593758 0.509730 0.434168 0.366115 0.400940 0.465639 0.467077 0.397745
0.593758 0.509730 0.434168 0.366115 0.400940 0.465639 0.467077 0.397745 0.333366 0.304611
0.434168 0.366115 0.400940 0.465639 0.467077 0.397745 0.333366 0.304611 0.320746 0.348223
0.400940 0.465639 0.467077 0.397745 0.333366 0.304611 0.320746 0.348223 0.348063 0.344549
0.467077 0.397745 0.333366 0.304611 0.320746 0.348223 0.348063 0.344549 0.294068 0.240073
0.333366 0.304611 0.320746 0.348223 0.348063 0.344549 0.294068 0.240073 0.288796 0.272502
0.320746 0.348223 0.348063 0.344549 0.294068 0.240073 0.288796 0.272502 0.273780 0.325858
0.348063 0.344549 0.294068 0.240073 0.288796 0.272502 0.273780 0.325858 0.345827 0.337839
0.294068 0.240073 0.288796 0.272502 0.273780 0.325858 0.345827 0.337839 0.344229 0.331449
0.288796 0.272502 0.273780 0.325858 0.345827 0.337839 0.344229 0.331449 0.326976 0.296305
0.273780 0.325858 0.345827 0.337839 0.344229 0.331449 0.326976 0.296305 0.324900 0.372345
0.345827 0.337839 0.344229 0.331449 0.326976 0.296305 0.324900 0.372345 0.404774 0.404774
0.344229 0.331449 0.326976 0.296305 0.324900 0.372345 0.404774 0.404774 0.428896 0.407969
0.326976 0.296305 0.324900 0.372345 0.404774 0.404774 0.428896 0.407969 0.437842 0.448705
0.324900 0.372345 0.404774 0.404774 0.428896 0.407969 0.437842 0.448705 0.424104 0.455575
0.404774 0.404774 0.428896 0.407969 0.437842 0.448705 0.424104 0.455575 0.388640 0.423625
0.428896 0.407969 0.437842 0.448705 0.424104 0.455575 0.388640 0.423625 0.428737 0.460367
0.437842 0.448705 0.424104 0.455575 0.388640 0.423625 0.428737 0.460367 0.531136 0.506694
0.424104 0.455575 0.388640 0.423625 0.428737 0.460367 0.531136 0.506694 0.538165 0.543596
0.388640 0.423625 0.428737 0.460367 0.531136 0.506694 0.538165 0.543596 0.495672 0.482892
0.428737 0.460367 0.531136 0.506694 0.538165 0.543596 0.495672 0.482892 0.532094 0.543916
0.531136 0.506694 0.538165 0.543596 0.495672 0.482892 0.532094 0.543916 0.587208 0.587208
0.538165 0.543596 0.495672 0.482892 0.532094 0.543916 0.587208 0.587208 0.560530 0.561169
0.495672 0.482892 0.532094 0.543916 0.587208 0.587208 0.560530 0.561169 0.564524 0.524426
0.532094 0.543916 0.587208 0.587208 0.560530 0.561169 0.564524 0.524426 0.523947 0.533852
0.587208 0.587208 0.560530 0.561169 0.564524 0.524426 0.523947 0.533852 0.504138 0.532574
0.560530 0.561169 0.564524 0.524426 0.523947 0.533852 0.504138 0.532574 0.559731 0.547590
0.564524 0.524426 0.523947 0.533852 0.504138 0.532574 0.559731 0.547590 0.535609 0.546152
0.523947 0.533852 0.504138 0.532574 0.559731 0.547590 0.535609 0.546152 0.545833 0.479537
0.504138 0.532574 0.559731 0.547590 0.535609 0.546152 0.545833 0.479537 0.458290 0.451741
0.559731 0.547590 0.535609 0.546152 0.545833 0.479537 0.458290 0.451741 0.460048 0.471869
0.535609 0.546152 0.545833 0.479537 0.458290 0.451741 0.460048 0.471869 0.461645 0.455415
0.545833 0.479537 0.458290 0.451741 0.460048 0.471869 0.461645 0.455415 0.435286 0.440239
0.458290 0.451741 0.460048 0.471869 0.461645 0.455415 0.435286 0.440239 0.423625 0.422986
0.460048 0.471869 0.461645 0.455415 0.435286 0.440239 0.423625 0.422986 0.444871 0.444232
0.461645 0.455415 0.435286 0.440239 0.423625 0.422986 0.444871 0.444232 0.444871 0.457332
0.435286 0.440239 0.423625 0.422986 0.444871 0.444232 0.444871 0.457332 0.453977 0.457651
0.423625 0.422986 0.444871 0.444232 0.444871 0.457332 0.453977 0.457651 0.462284 0.450463
0.444871 0.444232 0.444871 0.457332 0.453977 0.457651 0.462284 0.450463 0.430973 0.437363
0.444871 0.457332 0.453977 0.457651 0.462284 0.450463 0.430973 0.437363 0.422826 0.429695
0.453977 0.457651 0.462284 0.450463 0.430973 0.437363 0.422826 0.429695 0.437203 0.432890
0.462284 0.450463 0.430973 0.437363 0.422826 0.429695 0.437203 0.432890 0.379374 0.398225
0.430973 0.437363 0.422826 0.429695 0.437203 0.432890 0.379374 0.398225 0.412123 0.349341
0.422826 0.429695 0.437203 0.432890 0.379374 0.398225 0.412123 0.349341 0.336721 0.278413
0.437203 0.432890 0.379374 0.398225 0.412123 0.349341 0.336721 0.278413 0.276336 0.239913
0.379374 0.398225 0.412123 0.349341 0.336721 0.278413 0.276336 0.239913 0.287518 0.282566
0.412123 0.349341 0.336721 0.278413 0.276336 0.239913 0.287518 0.282566 0.291512 0.314037
0.336721 0.278413 0.276336 0.239913 0.287518 0.282566 0.291512 0.314037 0.295825 0.264195
0.276336 0.239913 0.287518 0.282566 0.291512 0.314037 0.295825 0.264195 0.272981 0.280010
0.287518 0.282566 0.291512 0.314037 0.295825 0.264195 0.272981 0.280010 0.253172 0.261000
0.291512 0.314037 0.295825 0.264195 0.272981 0.280010 0.253172 0.261000 0.219944 0.238156
0.295825 0.264195 0.272981 0.280010 0.253172 0.261000 0.219944 0.238156 0.224737 0.245185
0.272981 0.280010 0.253172 0.261000 0.219944 0.238156 0.224737 0.245185 0.249338 0.264355
0.253172 0.261000 0.219944 0.238156 0.224737 0.245185 0.249338 0.264355 0.265792 0.276975
0.219944 0.238156 0.224737 0.245185 0.249338 0.264355 0.265792 0.276975 0.293908 0.309085
0.224737 0.245185 0.249338 0.264355 0.265792 0.276975 0.293908 0.309085 0.296145 0.299180
0.249338 0.264355 0.265792 0.276975 0.293908 0.309085 0.296145 0.299180 0.304452 0.299500
0.265792 0.276975 0.293908 0.309085 0.296145 0.299180 0.304452 0.299500 0.302375 0.247421
0.293908 0.309085 0.296145 0.299180 0.304452 0.299500 0.302375 0.247421 0.247901 0.220264
0.296145 0.299180 0.304452 0.299500 0.302375 0.247421 0.247901 0.220264 0.234482 0.260201
0.304452 0.299500 0.302375 0.247421 0.247901 0.220264 0.234482 0.260201 0.260201 0.243268
0.302375 0.247421 0.247901 0.220264 0.234482 0.260201 0.260201 0.243268 0.257326 0.251575
0.247901 0.220264 0.234482 0.260201 0.260201 0.243268 0.257326 0.251575 0.250457 0.239594
0.234482 0.260201 0.260201 0.243268 0.257326 0.251575 0.250457 0.239594 0.241191 0.256048
0.260201 0.243268 0.257326 0.251575 0.250457 0.239594 0.241191 0.256048 0.248220 0.243268
0.257326 0.251575 0.250457 0.239594 0.241191 0.256048 0.248220 0.243268 0.258284 0.281448
0.250457 0.239594 0.241191 0.256048 0.248220 0.243268 0.258284 0.281448 0.300618 0.333686
0.241191 0.256048 0.248220 0.243268 0.258284 0.281448 0.300618 0.333686 0.331929 0.324580
0.248220 0.243268 0.258284 0.281448 0.300618 0.333686 0.331929 0.324580 0.319308 0.318510
0.258284 0.281448 0.300618 0.333686 0.331929 0.324580 0.319308 0.318510 0.301417 0.327615
0.300618 0.333686 0.331929 0.324580 0.319308 0.318510 0.301417 0.327615 0.323622 0.314835
0.331929 0.324580 0.319308 0.318510 0.301417 0.327615 0.323622 0.314835 0.327136 0.329373
0.319308 0.318510 0.301417 0.327615 0.323622 0.314835 0.327136 0.329373 0.311481 0.299500
0.301417 0.327615 0.323622 0.314835 0.327136 0.329373 0.311481 0.299500 0.310363 0.299979
0.323622 0.314835 0.327136 0.329373 0.311481 0.299500 0.310363 0.299979 0.311640 0.314995
0.327136 0.329373 0.311481 0.299500 0.310363 0.299979 0.311640 0.314995 0.314835 0.301097
0.311481 0.299500 0.310363 0.299979 0.311640 0.314995 0.314835 0.301097 0.305730 0.286240
0.310363 0.299979 0.311640 0.314995 0.314835 0.301097 0.305730 0.286240 0.275377 0.284643
0.311640 0.314995 0.314835 0.301097 0.305730 0.286240 0.275377 0.284643 0.285282 0.285761
0.314835 0.301097 0.305730 0.286240 0.275377 0.284643 0.285282 0.285761 0.277135 0.269786
0.305730 0.286240 0.275377 0.284643 0.285282 0.285761 0.277135 0.269786 0.269147 0.283365
0.275377 0.284643 0.285282 0.285761 0.277135 0.269786 0.269147 0.283365 0.279371 0.282726
0.285282 0.285761 0.277135 0.269786 0.269147 0.283365 0.279371 0.282726 0.261319 0.238156
0.277135 0.269786 0.269147 0.283365 0.279371 0.282726 0.261319 0.238156 0.240233 0.238316
0.269147 0.283365 0.279371 0.282726 0.261319 0.238156 0.240233 0.238316 0.242150 0.240872
0.279371 0.282726 0.261319 0.238156 0.240233 0.238316 0.242150 0.240872 0.244226 0.242629
0.261319 0.238156 0.240233 0.238316 0.242150 0.240872 0.244226 0.242629 0.232405 0.234168
0.240233 0.238316 0.242150 0.240872 0.244226 0.242629 0.232405 0.234168 0.244426 0.246670
0.242150 0.240872 0.244226 0.242629 0.232405 0.234168 0.244426 0.246670 0.238015 0.235290
0.244226 0.242629 0.232405 0.234168 0.244426 0.246670 0.238015 0.235290 0.234809 0.245067
0.232405 0.234168 0.244426 0.246670 0.238015 0.235290 0.234809 0.245067 0.239938 0.263500
0.244426 0.246670 0.238015 0.235290 0.234809 0.245067 0.239938 0.263500 0.262699 0.262699
0.238015 0.235290 0.234809 0.245067 0.239938 0.263500 0.262699 0.262699 0.262057 0.258531
0.234809 0.245067 0.239938 0.263500 0.262699 0.262699 0.262057 0.258531 0.263019 0.273598
0.239938 0.263500 0.262699 0.262699 0.262057 0.258531 0.263019 0.273598 0.257089 0.249876
0.262699 0.262699 0.262057 0.258531 0.263019 0.273598 0.257089 0.249876 0.264942 0.266385
0.262057 0.258531 0.263019 0.273598 0.257089 0.249876 0.264942 0.266385 0.266866 0.262538
0.263019 0.273598 0.257089 0.249876 0.264942 0.266385 0.266866 0.262538 0.258371 0.269591
0.257089 0.249876 0.264942 0.266385 0.266866 0.262538 0.258371 0.269591 0.280971 0.266385
0.264942 0.266385 0.266866 0.262538 0.258371 0.269591 0.280971 0.266385 0.298121 0.293313
0.266866 0.262538 0.258371 0.269591 0.280971 0.266385 0.298121 0.293313 0.291229 0.291870
0.258371 0.269591 0.280971 0.266385 0.298121 0.293313 0.291229 0.291870 0.295717 0.327613
0.280971 0.266385 0.298121 0.293313 0.291229 0.291870 0.295717 0.327613 0.326011 0.326011
0.298121 0.293313 0.291229 0.291870 0.295717 0.327613 0.326011 0.326011 0.313829 0.316233
0.291229 0.291870 0.295717 0.327613 0.326011 0.326011 0.313829 0.316233 0.324408 0.343962
0.295717 0.327613 0.326011 0.326011 0.313829 0.316233 0.324408 0.343962 0.335147 0.335948
0.326011 0.326011 0.313829 0.316233 0.324408 0.343962 0.335147 0.335948 0.320401 0.314951
0.313829 0.316233 0.324408 0.343962 0.335147 0.335948 0.320401 0.314951 0.317195 0.317355
0.324408 0.343962 0.335147 0.335948 0.320401 0.314951 0.317195 0.317355 0.316233 0.316714
0.335147 0.335948 0.320401 0.314951 0.317195 0.317355 0.316233 0.316714 0.306616 0.314630
0.320401 0.314951 0.317195 0.317355 0.316233 0.316714 0.306616 0.314630 0.292511 0.298121
0.317195 0.317355 0.316233 0.316714 0.306616 0.314630 0.292511 0.298121 0.286901 0.272957
0.316233 0.316714 0.306616 0.314630 0.292511 0.298121 0.286901 0.272957 0.276483 0.279689
0.306616 0.314630 0.292511 0.298121 0.286901 0.272957 0.276483 0.279689 0.286901 0.280971
0.292511 0.298121 0.286901 0.272957 0.276483 0.279689 0.286901 0.280971 0.302769 0.297320
0.286901 0.272957 0.276483 0.279689 0.286901 0.280971 0.302769 0.297320 0.297961 0.286741
0.276483 0.279689 0.286901 0.280971 0.302769 0.297320 0.297961 0.286741 0.292191 0.309822
0.286901 0.280971 0.302769 0.297320 0.297961 0.286741 0.292191 0.309822 0.311264 0.313508
0.302769 0.297320 0.297961 0.286741 0.292191 0.309822 0.311264 0.313508 0.307578 0.308700
0.297961 0.286741 0.292191 0.309822 0.311264 0.313508 0.307578 0.308700 0.296679 0.297961
0.292191 0.309822 0.311264 0.313508 0.307578 0.308700 0.296679 0.297961 0.298762 0.288344
0.311264 0.313508 0.307578 0.308700 0.296679 0.297961 0.298762 0.288344 0.289466 0.289306
0.307578 0.308700 0.296679 0.297961 0.298762 0.288344 0.289466 0.289306 0.293152 0.293633
0.296679 0.297961 0.298762 0.288344 0.289466 0.289306 0.293152 0.293633 0.292832 0.284337
0.298762 0.288344 0.289466 0.289306 0.293152 0.293633 0.292832 0.284337 0.285299 0.290267
0.289466 0.289306 0.293152 0.293633 0.292832 0.284337 0.285299 0.290267 0.290588 0.288184
0.293152 0.293633 0.292832 0.284337 0.285299 0.290267 0.290588 0.288184 0.285459 0.272636
0.292832 0.284337 0.285299 0.290267 0.290588 0.288184 0.285459 0.272636 0.281612 0.276643
0.285299 0.290267 0.290588 0.288184 0.285459 0.272636 0.281612 0.276643 0.276803 0.271354
0.290588 0.288184 0.285459 0.272636 0.281612 0.276643 0.276803 0.271354 0.271674 0.271835
0.285459 0.272636 0.281612 0.276643 0.276803 0.271354 0.271674 0.271835 0.267507 0.250196
0.281612 0.276643 0.276803 0.271354 0.271674 0.271835 0.267507 0.250196 0.255325 0.259333
0.276803 0.271354 0.271674 0.271835 0.267507 0.250196 0.255325 0.259333 0.256768 0.263500
0.271674 0.271835 0.267507 0.250196 0.255325 0.259333 0.256768 0.263500 0.272476 0.272155
0.267507 0.250196 0.255325 0.259333 0.256768 0.263500 0.272476 0.272155 0.271514 0.273758
0.255325 0.259333 0.256768 0.263500 0.272476 0.272155 0.271514 0.273758 0.272636 0.265584
0.256768 0.263500 0.272476 0.272155 0.271514 0.273758 0.272636 0.265584 0.269430 0.271033
0.272476 0.272155 0.271514 0.273758 0.272636 0.265584 0.269430 0.271033 0.267347 0.267667
0.271514 0.273758 0.272636 0.265584 0.269430 0.271033 0.267347 0.267667 0.272476 0.270713
0.272636 0.265584 0.269430 0.271033 0.267347 0.267667 0.272476 0.270713 0.264782 0.265423
0.269430 0.271033 0.267347 0.267667 0.272476 0.270713 0.264782 0.265423 0.261256 0.261096
0.267347 0.267667 0.272476 0.270713 0.264782 0.265423 0.261256 0.261096 0.263340 0.261737
0.272476 0.270713 0.264782 0.265423 0.261256 0.261096 0.263340 0.261737 0.264622 0.261416
0.264782 0.265423 0.261256 0.261096 0.263340 0.261737 0.264622 0.261416 0.259012 0.262057
0.261256 0.261096 0.263340 0.261737 0.264622 0.261416 0.259012 0.262057 0.255646 0.260775
0.263340 0.261737 0.264622 0.261416 0.259012 0.262057 0.255646 0.260775 0.266064 0.268148
0.264622 0.261416 0.259012 0.262057 0.255646 0.260775 0.266064 0.268148 0.268789 0.268950
0.259012 0.262057 0.255646 0.260775 0.266064 0.268148 0.268789 0.268950 0.267988 0.263179
0.255646 0.260775 0.266064 0.268148 0.268789 0.268950 0.267988 0.263179 0.266064 0.269591
0.266064 0.268148 0.268789 0.268950 0.267988 0.263179 0.266064 0.269591 0.293152 0.284016
0.268789 0.268950 0.267988 0.263179 0.266064 0.269591 0.293152 0.284016 0.289145 0.291229
0.267988 0.263179 0.266064 0.269591 0.293152 0.284016 0.289145 0.291229 0.289947 0.279208
0.266064 0.269591 0.293152 0.284016 0.289145 0.291229 0.289947 0.279208 0.283375 0.279208
0.293152 0.284016 0.289145 0.291229 0.289947 0.279208 0.283375 0.279208 0.281772 0.279047
0.289145 0.291229 0.289947 0.279208 0.283375 0.279208 0.281772 0.279047 0.289947 0.279528
0.289947 0.279208 0.283375 0.279208 0.281772 0.279047 0.289947 0.279528 0.278246 0.255005
0.283375 0.279208 0.281772 0.279047 0.289947 0.279528 0.278246 0.255005 0.255486 0.251959
0.281772 0.279047 0.289947 0.279528 0.278246 0.255005 0.255486 0.251959 0.255486 0.252440
0.289947 0.279528 0.278246 0.255005 0.255486 0.251959 0.255486 0.252440 0.251639 0.248433
0.278246 0.255005 0.255486 0.251959 0.255486 0.252440 0.251639 0.248433 0.259333 0.266064
0.255486 0.251959 0.255486 0.252440 0.251639 0.248433 0.259333 0.266064 0.259172 0.264462
0.255486 0.252440 0.251639 0.248433 0.259333 0.266064 0.259172 0.264462 0.263820 0.259012
0.251639 0.248433 0.259333 0.266064 0.259172 0.264462 0.263820 0.259012 0.255967 0.254043
0.259333 0.266064 0.259172 0.264462 0.263820 0.259012 0.255967 0.254043 0.264782 0.265423
0.259172 0.264462 0.263820 0.259012 0.255967 0.254043 0.264782 0.265423 0.270072 0.269110
0.263820 0.259012 0.255967 0.254043 0.264782 0.265423 0.270072 0.269110 0.289947 0.280650
0.255967 0.254043 0.264782 0.265423 0.270072 0.269110 0.289947 0.280650 0.280330 0.272476
0.264782 0.265423 0.270072 0.269110 0.289947 0.280650 0.280330 0.272476 0.273918 0.267988
0.270072 0.269110 0.289947 0.280650 0.280330 0.272476 0.273918 0.267988 0.274720 0.270072
0.289947 0.280650 0.280330 0.272476 0.273918 0.267988 0.274720 0.270072 0.260294 0.268469
0.280330 0.272476 0.273918 0.267988 0.274720 0.270072 0.260294 0.268469 0.277445 0.274239
0.273918 0.267988 0.274720 0.270072 0.260294 0.268469 0.277445 0.274239 0.278887 0.282253
0.274720 0.270072 0.260294 0.268469 0.277445 0.274239 0.278887 0.282253 0.286901 0.286741
0.260294 0.268469 0.277445 0.274239 0.278887 0.282253 0.286901 0.286741 0.280009 0.291870
0.277445 0.274239 0.278887 0.282253 0.286901 0.286741 0.280009 0.291870 0.291550 0.284337
0.278887 0.282253 0.286901 0.286741 0.280009 0.291870 0.291550 0.284337 0.285940 0.293313
0.286901 0.286741 0.280009 0.291870 0.291550 0.284337 0.285940 0.293313 0.282734 0.284337
0.280009 0.291870 0.291550 0.284337 0.285940 0.293313 0.282734 0.284337 0.284818 0.288664
0.291550 0.284337 0.285940 0.293313 0.282734 0.284337 0.284818 0.288664 0.290748 0.286741
0.285940 0.293313 0.282734 0.284337 0.284818 0.288664 0.290748 0.286741 0.281131 0.282894
0.282734 0.284337 0.284818 0.288664 0.290748 0.286741 0.281131 0.282894 0.278086 0.279368
0.284818 0.288664 0.290748 0.286741 0.281131 0.282894 0.278086 0.279368 0.279849 0.275521
0.290748 0.286741 0.281131 0.282894 0.278086 0.279368 0.279849 0.275521 0.281291 0.285940
0.281131 0.282894 0.278086 0.279368 0.279849 0.275521 0.281291 0.285940 0.281933 0.288184
0.278086 0.279368 0.279849 0.275521 0.281291 0.285940 0.281933 0.288184 0.282093 0.278887
0.279849 0.275521 0.281291 0.285940 0.281933 0.288184 0.282093 0.278887 0.283375 0.281612
0.281291 0.285940 0.281933 0.288184 0.282093 0.278887 0.283375 0.281612 0.278246 0.283856
0.281933 0.288184 0.282093 0.278887 0.283375 0.281612 0.278246 0.283856 0.276643 0.278406
0.282093 0.278887 0.283375 0.281612 0.278246 0.283856 0.276643 0.278406 0.275201 0.268469
0.283375 0.281612 0.278246 0.283856 0.276643 0.278406 0.275201 0.268469 0.272155 0.270392
0.278246 0.283856 0.276643 0.278406 0.275201 0.268469 0.272155 0.270392 0.269430 0.269110
0.276643 0.278406 0.275201 0.268469 0.272155 0.270392 0.269430 0.269110 0.265584 0.258691
0.275201 0.268469 0.272155 0.270392 0.269430 0.269110 0.265584 0.258691 0.268629 0.271995
0.272155 0.270392 0.269430 0.269110 0.265584 0.258691 0.268629 0.271995 0.269430 0.274399
0.269430 0.269110 0.265584 0.258691 0.268629 0.271995 0.269430 0.274399 0.276323 0.292672
0.265584 0.258691 0.268629 0.271995 0.269430 0.274399 0.276323 0.292672 0.285619 0.285940
0.268629 0.271995 0.269430 0.274399 0.276323 0.292672 0.285619 0.285940 0.281772 0.269430
0.269430 0.274399 0.276323 0.292672 0.285619 0.285940 0.281772 0.269430 0.267347 0.263820
0.276323 0.292672 0.285619 0.285940 0.281772 0.269430 0.267347 0.263820 0.266706 0.259974
0.285619 0.285940 0.281772 0.269430 0.267347 0.263820 0.266706 0.259974 0.249074 0.251318
0.281772 0.269430 0.267347 0.263820 0.266706 0.259974 0.249074 0.251318 0.247632 0.239938
0.267347 0.263820 0.266706 0.259974 0.249074 0.251318 0.247632 0.239938 0.240579 0.235931
0.266706 0.259974 0.249074 0.251318 0.247632 0.239938 0.240579 0.235931 0.237053 0.232405
0.249074 0.251318 0.247632 0.239938 0.240579 0.235931 0.237053 0.232405 0.219101 0.206279
0.247632 0.239938 0.240579 0.235931 0.237053 0.232405 0.219101 0.206279 0.211087 0.203394
0.240579 0.235931 0.237053 0.232405 0.219101 0.206279 0.211087 0.203394 0.192975 0.185762
0.237053 0.232405 0.219101 0.206279 0.211087 0.203394 0.192975 0.185762 0.186564 0.192174
0.219101 0.206279 0.211087 0.203394 0.192975 0.185762 0.186564 0.192174 0.193456 0.189609
0.211087 0.203394 0.192975 0.185762 0.186564 0.192174 0.193456 0.189609 0.191212 0.187045
0.192975 0.185762 0.186564 0.192174 0.193456 0.189609 0.191212 0.187045 0.170856 0.172459
0.186564 0.192174 0.193456 0.189609 0.191212 0.187045 0.170856 0.172459 0.180954 0.182557
0.193456 0.189609 0.191212 0.187045 0.170856 0.172459 0.180954 0.182557 0.183999 0.181114
0.191212 0.187045 0.170856 0.172459 0.180954 0.182557 0.183999 0.181114 0.188487 0.188647
0.170856 0.172459 0.180954 0.182557 0.183999 0.181114 0.188487 0.188647 0.191212 0.195540
0.180954 0.182557 0.183999 0.181114 0.188487 0.188647 0.191212 0.195540 0.190250 0.190250
0.183999 0.181114 0.188487 0.188647 0.191212 0.195540 0.190250 0.190250 0.177748 0.181595
0.188487 0.188647 0.191212 0.195540 0.190250 0.190250 0.177748 0.181595 0.184320 0.185446
0.191212 0.195540 0.190250 0.190250 0.177748 0.181595 0.184320 0.185446 0.191562 0.202667
0.190250 0.190250 0.177748 0.181595 0.184320 0.185446 0.191562 0.202667 0.197678 0.198805
0.177748 0.181595 0.184320 0.185446 0.191562 0.202667 0.197678 0.198805 0.192850 0.193493
0.184320 0.185446 0.191562 0.202667 0.197678 0.198805 0.192850 0.193493 0.202828 0.201541
0.191562 0.202667 0.197678 0.198805 0.192850 0.193493 0.202828 0.201541 0.197034 0.204277
0.197678 0.198805 0.192850 0.193493 0.202828 0.201541 0.197034 0.204277 0.201380 0.197678
0.192850 0.193493 0.202828 0.201541 0.197034 0.204277 0.201380 0.197678 0.199448 0.202023
0.202828 0.201541 0.197034 0.204277 0.201380 0.197678 0.199448 0.202023 0.200736 0.203794
0.197034 0.204277 0.201380 0.197678 0.199448 0.202023 0.200736 0.203794 0.208461 0.205242
0.201380 0.197678 0.199448 0.202023 0.200736 0.203794 0.208461 0.205242 0.196712 0.198161
0.199448 0.202023 0.200736 0.203794 0.208461 0.205242 0.196712 0.198161 0.197034 0.169513
0.200736 0.203794 0.208461 0.205242 0.196712 0.198161 0.197034 0.169513 0.173537 0.179009
0.208461 0.205242 0.196712 0.198161 0.197034 0.169513 0.173537 0.179009 0.175468 0.179009
0.196712 0.198161 0.197034 0.169513 0.173537 0.179009 0.175468 0.179009 0.195747 0.194620
0.197034 0.169513 0.173537 0.179009 0.175468 0.179009 0.195747 0.194620 0.196069 0.198644
0.173537 0.179009 0.175468 0.179009 0.195747 0.194620 0.196069 0.198644 0.194137 0.189631
0.175468 0.179009 0.195747 0.194620 0.196069 0.198644 0.194137 0.189631 0.187378 0.178043
0.195747 0.194620 0.196069 0.198644 0.194137 0.189631 0.187378 0.178043 0.179813 0.203955
0.196069 0.198644 0.194137 0.189631 0.187378 0.178043 0.179813 0.203955 0.195908 0.196229
0.194137 0.189631 0.187378 0.178043 0.179813 0.203955 0.195908 0.196229 0.193333 0.193011
0.187378 0.178043 0.179813 0.203955 0.195908 0.196229 0.193333 0.193011 0.190918 0.195586
0.179813 0.203955 0.195908 0.196229 0.193333 0.193011 0.190918 0.195586 0.195747 0.199126
0.195908 0.196229 0.193333 0.193011 0.190918 0.195586 0.195747 0.199126 0.202828 0.195908
0.193333 0.193011 0.190918 0.195586 0.195747 0.199126 0.202828 0.195908 0.197517 0.193815
0.190918 0.195586 0.195747 0.199126 0.202828 0.195908 0.197517 0.193815 0.193011 0.188504
0.195747 0.199126 0.202828 0.195908 0.197517 0.193815 0.193011 0.188504 0.194781 0.200575
0.202828 0.195908 0.197517 0.193815 0.193011 0.188504 0.194781 0.200575 0.195103 0.197517
0.197517 0.193815 0.193011 0.188504 0.194781 0.200575 0.195103 0.197517 0.195747 0.196873
0.193011 0.188504 0.194781 0.200575 0.195103 0.197517 0.195747 0.196873 0.198000 0.198000
0.194781 0.200575 0.195103 0.197517 0.195747 0.196873 0.198000 0.198000 0.203955 0.201219
0.195103 0.197517 0.195747 0.196873 0.198000 0.198000 0.203955 0.201219 0.198965 0.202345
0.195747 0.196873 0.198000 0.198000 0.203955 0.201219 0.198965 0.202345 0.198805 0.205564
0.198000 0.198000 0.203955 0.201219 0.198965 0.202345 0.198805 0.205564 0.202828 0.207013
0.203955 0.201219 0.198965 0.202345 0.198805 0.205564 0.202828 0.207013 0.208783 0.203633
0.198965 0.202345 0.198805 0.205564 0.202828 0.207013 0.208783 0.203633 0.206047 0.199609
0.198805 0.205564 0.202828 0.207013 0.208783 0.203633 0.206047 0.199609 0.201058 0.198644
0.202828 0.207013 0.208783 0.203633 0.206047 0.199609 0.201058 0.198644 0.200575 0.202023
0.208783 0.203633 0.206047 0.199609 0.201058 0.198644 0.200575 0.202023 0.205242 0.206530
0.206047 0.199609 0.201058 0.198644 0.200575 0.202023 0.205242 0.206530 0.207013 0.208139
0.201058 0.198644 0.200575 0.202023 0.205242 0.206530 0.207013 0.208139 0.203955 0.209910
0.200575 0.202023 0.205242 0.206530 0.207013 0.208139 0.203955 0.209910 0.207174 0.212002
0.205242 0.206530 0.207013 0.208139 0.203955 0.209910 0.207174 0.212002 0.216508 0.215221
0.207013 0.208139 0.203955 0.209910 0.207174 0.212002 0.216508 0.215221 0.200092 0.202023
0.203955 0.209910 0.207174 0.212002 0.216508 0.215221 0.200092 0.202023 0.202184 0.195747
0.207174 0.212002 0.216508 0.215221 0.200092 0.202023 0.202184 0.195747 0.196712 0.199931
0.216508 0.215221 0.200092 0.202023 0.202184 0.195747 0.196712 0.199931 0.195264 0.181423
0.200092 0.202023 0.202184 0.195747 0.196712 0.199931 0.195264 0.181423 0.185446 0.186895
0.202184 0.195747 0.196712 0.199931 0.195264 0.181423 0.185446 0.186895 0.183676 0.186573
0.196712 0.199931 0.195264 0.181423 0.185446 0.186895 0.183676 0.186573 0.190275 0.197195
0.195264 0.181423 0.185446 0.186895 0.183676 0.186573 0.190275 0.197195 0.194781 0.194459
0.185446 0.186895 0.183676 0.186573 0.190275 0.197195 0.194781 0.194459 0.191723 0.187378
0.183676 0.186573 0.190275 0.197195 0.194781 0.194459 0.191723 0.187378 0.193333 0.184642
0.190275 0.197195 0.194781 0.194459 0.191723 0.187378 0.193333 0.184642 0.179331 0.168547
0.194781 0.194459 0.191723 0.187378 0.193333 0.184642 0.179331 0.168547 0.174341 0.171283
0.191723 0.187378 0.193333 0.184642 0.179331 0.168547 0.174341 0.171283 0.180940 0.169030
0.193333 0.184642 0.179331 0.168547 0.174341 0.171283 0.180940 0.169030 0.169513 0.163397
0.179331 0.168547 0.174341 0.171283 0.180940 0.169030 0.169513 0.163397 0.165811 0.160661
0.174341 0.171283 0.180940 0.169030 0.169513 0.163397 0.165811 0.160661 0.158086 0.158730
0.180940 0.169030 0.169513 0.163397 0.165811 0.160661 0.158086 0.158730 0.163236 0.155994
0.169513 0.163397 0.165811 0.160661 0.158086 0.158730 0.163236 0.155994 0.163719 0.178848
0.165811 0.160661 0.158086 0.158730 0.163236 0.155994 0.163719 0.178848 0.180940 0.180940
0.158086 0.158730 0.163236 0.155994 0.163719 0.178848 0.180940 0.180940 0.173537 0.174663
0.163236 0.155994 0.163719 0.178848 0.180940 0.180940 0.173537 0.174663 0.176916 0.179491
0.163719 0.178848 0.180940 0.180940 0.173537 0.174663 0.176916 0.179491 0.178204 0.179974
0.180940 0.180940 0.173537 0.174663 0.176916 0.179491 0.178204 0.179974 0.173376 0.169996
0.173537 0.174663 0.176916 0.179491 0.178204 0.179974 0.173376 0.169996 0.162754 0.157925
0.176916 0.179491 0.178204 0.179974 0.173376 0.169996 0.162754 0.157925 0.158247 0.155994
0.178204 0.179974 0.173376 0.169996 0.162754 0.157925 0.158247 0.155994 0.157764 0.159696
0.173376 0.169996 0.162754 0.157925 0.158247 0.155994 0.157764 0.159696 0.162593 0.165168
0.162754 0.157925 0.158247 0.155994 0.157764 0.159696 0.162593 0.165168 0.163880 0.164685
0.158247 0.155994 0.157764 0.159696 0.162593 0.165168 0.163880 0.164685 0.165650 0.165007
0.157764 0.159696 0.162593 0.165168 0.163880 0.164685 0.165650 0.165007 0.159213 0.161144
0.162593 0.165168 0.163880 0.164685 0.165650 0.165007 0.159213 0.161144 0.154385 0.142797
0.163880 0.164685 0.165650 0.165007 0.159213 0.161144 0.154385 0.142797 0.140704 0.142797
0.165650 0.165007 0.159213 0.161144 0.154385 0.142797 0.140704 0.142797 0.141992 0.145050
0.159213 0.161144 0.154385 0.142797 0.140704 0.142797 0.141992 0.145050 0.146337 0.145372
0.154385 0.142797 0.140704 0.142797 0.141992 0.145050 0.146337 0.145372 0.148430 0.152936
0.140704 0.142797 0.141992 0.145050 0.146337 0.145372 0.148430 0.152936 0.148591 0.141831
0.141992 0.145050 0.146337 0.145372 0.148430 0.152936 0.148591 0.141831 0.142958 0.133623
0.146337 0.145372 0.148430 0.152936 0.148591 0.141831 0.142958 0.133623 0.116080 0.110286
0.148430 0.152936 0.148591 0.141831 0.142958 0.133623 0.116080 0.110286 0.108838 0.075040
0.148591 0.141831 0.142958 0.133623 0.116080 0.110286 0.108838 0.075040 0.069568 0.072948
0.142958 0.133623 0.116080 0.110286 0.108838 0.075040 0.069568 0.072948 0.055888 0.061199
0.116080 0.110286 0.108838 0.075040 0.069568 0.072948 0.055888 0.061199 0.063130 0.062648
0.108838 0.075040 0.069568 0.072948 0.055888 0.061199 0.063130 0.062648 0.069890 0.074074
0.069568 0.072948 0.055888 0.061199 0.063130 0.062648 0.069890 0.074074 0.081478 0.093227
0.055888 0.061199 0.063130 0.062648 0.069890 0.074074 0.081478 0.093227 0.090330 0.093548
0.063130 0.062648 0.069890 0.074074 0.081478 0.093227 0.090330 0.093548 0.092422 0.102883
0.069890 0.074074 0.081478 0.093227 0.090330 0.093548 0.092422 0.102883 0.103527 0.096606
0.081478 0.093227 0.090330 0.093548 0.092422 0.102883 0.103527 0.096606 0.093870 0.100791
0.090330 0.093548 0.092422 0.102883 0.103527 0.096606 0.093870 0.100791 0.111896 0.104975
0.092422 0.102883 0.103527 0.096606 0.093870 0.100791 0.111896 0.104975 0.099020 0.102239
0.103527 0.096606 0.093870 0.100791 0.111896 0.104975 0.099020 0.102239 0.096767 0.098377
0.093870 0.100791 0.111896 0.104975 0.099020 0.102239 0.096767 0.098377 0.101274 0.105297
0.111896 0.104975 0.099020 0.102239 0.096767 0.098377 0.101274 0.105297 0.104171 0.084858
0.099020 0.102239 0.096767 0.098377 0.101274 0.105297 0.104171 0.084858 0.105136 0.113666
0.096767 0.098377 0.101274 0.105297 0.104171 0.084858 0.105136 0.113666 0.108677 0.109643
0.101274 0.105297 0.104171 0.084858 0.105136 0.113666 0.108677 0.109643 0.124288 0.130082
0.104171 0.084858 0.105136 0.113666 0.108677 0.109643 0.124288 0.130082 0.124127 0.124449
0.105136 0.113666 0.108677 0.109643 0.124288 0.130082 0.124127 0.124449 0.151005 0.146337
0.108677 0.109643 0.124288 0.130082 0.124127 0.124449 0.151005 0.146337 0.142958 0.137807
0.124288 0.130082 0.124127 0.124449 0.151005 0.146337 0.142958 0.137807 0.141831 0.135554
0.124127 0.124449 0.151005 0.146337 0.142958 0.137807 0.141831 0.135554 0.128151 0.143762
0.151005 0.146337 0.142958 0.137807 0.141831 0.135554 0.128151 0.143762 0.152453 0.149073
0.142958 0.137807 0.141831 0.135554 0.128151 0.143762 0.152453 0.149073 0.129921 0.132496
0.141831 0.135554 0.128151 0.143762 0.152453 0.149073 0.129921 0.132496 0.135554 0.122035
0.128151 0.143762 0.152453 0.149073 0.129921 0.132496 0.135554 0.122035 0.124288 0.114632
0.152453 0.149073 0.129921 0.132496 0.135554 0.122035 0.124288 0.114632 0.115758 0.113022
0.129921 0.132496 0.135554 0.122035 0.124288 0.114632 0.115758 0.113022 0.118655 0.124610
0.135554 0.122035 0.124288 0.114632 0.115758 0.113022 0.118655 0.124610 0.122840 0.119621
0.124288 0.114632 0.115758 0.113022 0.118655 0.124610 0.122840 0.119621 0.113827 0.108838
0.115758 0.113022 0.118655 0.124610 0.122840 0.119621 0.113827 0.108838 0.123162 0.120748
0.118655 0.124610 0.122840 0.119621 0.113827 0.108838 0.123162 0.120748 0.115437 0.119460
0.122840 0.119621 0.113827 0.108838 0.123162 0.120748 0.115437 0.119460 0.123323 0.124771
0.113827 0.108838 0.123162 0.120748 0.115437 0.119460 0.123323 0.124771 0.120748 0.115597
0.123162 0.120748 0.115437 0.119460 0.123323 0.124771 0.120748 0.115597 0.111091 0.101596
0.115437 0.119460 0.123323 0.124771 0.120748 0.115597 0.111091 0.101596 0.102078 0.088559
0.123323 0.124771 0.120748 0.115597 0.111091 0.101596 0.102078 0.088559 0.091939 0.092744
0.120748 0.115597 0.111091 0.101596 0.102078 0.088559 0.091939 0.092744 0.093870 0.098216
0.111091 0.101596 0.102078 0.088559 0.091939 0.092744 0.093870 0.098216 0.097572 0.091778
0.102078 0.088559 0.091939 0.092744 0.093870 0.098216 0.097572 0.091778 0.085018 0.080512
0.091939 0.092744 0.093870 0.098216 0.097572 0.091778 0.085018 0.080512 0.084214 0.077937
0.093870 0.098216 0.097572 0.091778 0.085018 0.080512 0.084214 0.077937 0.073592 0.068602
0.097572 0.091778 0.085018 0.080512 0.084214 0.077937 0.073592 0.068602 0.039311 0.049450
0.085018 0.080512 0.084214 0.077937 0.073592 0.068602 0.039311 0.049450 0.042852 0.047358
0.084214 0.077937 0.073592 0.068602 0.039311 0.049450 0.042852 0.047358 0.046553 0.052991
0.073592 0.068602 0.039311 0.049450 0.042852 0.047358 0.046553 0.052991 0.052025 0.052186
0.039311 0.049450 0.042852 0.047358 0.046553 0.052991 0.052025 0.052186 0.060716 0.056854
0.042852 0.047358 0.046553 0.052991 0.052025 0.052186 0.060716 0.056854 0.066188 0.062165
0.046553 0.052991 0.052025 0.052186 0.060716 0.056854 0.066188 0.062165 0.052508 0.058463
0.052025 0.052186 0.060716 0.056854 0.066188 0.062165 0.052508 0.058463 0.063613 0.062480
0.060716 0.056854 0.066188 0.062165 0.052508 0.058463 0.063613 0.062480 0.052121 0.059405
0.066188 0.062165 0.052508 0.058463 0.063613 0.062480 0.052121 0.059405 0.061185 0.066041
0.052508 0.058463 0.063613 0.062480 0.052121 0.059405 0.061185 0.066041 0.062804 0.059728
0.063613 0.062480 0.052121 0.059405 0.061185 0.066041 0.062804 0.059728 0.052768 0.057300
0.052121 0.059405 0.061185 0.066041 0.062804 0.059728 0.052768 0.057300 0.066527 0.068955
0.061185 0.066041 0.062804 0.059728 0.052768 0.057300 0.066527 0.068955 0.068145 0.067984
0.062804 0.059728 0.052768 0.057300 0.066527 0.068955 0.068145 0.067984 0.066851 0.068469
0.052768 0.057300 0.066527 0.068955 0.068145 0.067984 0.066851 0.068469 0.065879 0.057624
0.066527 0.068955 0.068145 0.067984 0.066851 0.068469 0.065879 0.057624 0.049207 0.046455
0.068145 0.067984 0.066851 0.068469 0.065879 0.057624 0.049207 0.046455 0.042085 0.048236
0.066851 0.068469 0.065879 0.057624 0.049207 0.046455 0.042085 0.048236 0.044027 0.049531
0.065879 0.057624 0.049207 0.046455 0.042085 0.048236 0.044027 0.049531 0.049855 0.052121
0.049207 0.046455 0.042085 0.048236 0.044027 0.049531 0.049855 0.052121 0.049045 0.044351
0.042085 0.048236 0.044027 0.049531 0.049855 0.052121 0.049045 0.044351 0.041599 0.039657
0.044027 0.049531 0.049855 0.052121 0.049045 0.044351 0.041599 0.039657 0.041276 0.043704
0.049855 0.052121 0.049045 0.044351 0.041599 0.039657 0.041276 0.043704 0.042409 0.042894
0.049045 0.044351 0.041599 0.039657 0.041276 0.043704 0.042409 0.042894 0.039819 0.046132
0.041599 0.039657 0.041276 0.043704 0.042409 0.042894 0.039819 0.046132 0.049531 0.049207
0.041276 0.043704 0.042409 0.042894 0.039819 0.046132 0.049531 0.049207 0.042733 0.044351
0.042409 0.042894 0.039819 0.046132 0.049531 0.049207 0.042733 0.044351 0.044351 0.054387
0.039819 0.046132 0.049531 0.049207 0.042733 0.044351 0.044351 0.054387 0.050988 0.065879
0.049531 0.049207 0.042733 0.044351 0.044351 0.054387 0.050988 0.065879 0.063775 0.055034
0.042733 0.044351 0.044351 0.054387 0.050988 0.065879 0.063775 0.055034 0.059243 0.062804
0.044351 0.054387 0.050988 0.065879 0.063775 0.055034 0.059243 0.062804 0.065394 0.059243
0.050988 0.065879 0.063775 0.055034 0.059243 0.062804 0.065394 0.059243 0.056815 0.059243
0.063775 0.055034 0.059243 0.062804 0.065394 0.059243 0.056815 0.059243 0.059567 0.055844
0.059243 0.062804 0.065394 0.059243 0.056815 0.059243 0.059567 0.055844 0.060052 0.062804
0.065394 0.059243 0.056815 0.059243 0.059567 0.055844 0.060052 0.062804 0.061347 0.055034
0.056815 0.059243 0.059567 0.055844 0.060052 0.062804 0.061347 0.055034 0.053578 0.043704
0.059567 0.055844 0.060052 0.062804 0.061347 0.055034 0.053578 0.043704 0.041276 0.042894
0.060052 0.062804 0.061347 0.055034 0.053578 0.043704 0.041276 0.042894 0.016025 0.011492
0.061347 0.055034 0.053578 0.043704 0.041276 0.042894 0.016025 0.011492 0.009550 0.008093
0.053578 0.043704 0.041276 0.042894 0.016025 0.011492 0.009550 0.008093 0.008093 0.000000
0.041276 0.042894 0.016025 0.011492 0.009550 0.008093 0.008093 0.000000 0.004209 0.016834
0.016025 0.011492 0.009550 0.008093 0.008093 0.000000 0.004209 0.016834 0.010683 0.011978
0.009550 0.008093 0.008093 0.000000 0.004209 0.016834 0.010683 0.011978 0.012302 0.016672
0.008093 0.000000 0.004209 0.016834 0.010683 0.011978 0.012302 0.016672 0.012464 0.013435
0.004209 0.016834 0.010683 0.011978 0.012302 0.016672 0.012464 0.013435 0.016025 0.017481
0.010683 0.011978 0.012302 0.016672 0.012464 0.013435 0.016025 0.017481 0.023471 0.026222
0.012302 0.016672 0.012464 0.013435 0.016025 0.017481 0.023471 0.026222 0.023309 0.020881
0.012464 0.013435 0.016025 0.017481 0.023471 0.026222 0.023309 0.020881 0.016672 0.015539
0.016025 0.017481 0.023471 0.026222 0.023309 0.020881 0.016672 0.015539 0.020881 0.025413
0.023471 0.026222 0.023309 0.020881 0.016672 0.015539 0.020881 0.025413 0.022499 0.030916
0.023309 0.020881 0.016672 0.015539 0.020881 0.025413 0.022499 0.030916 0.030754 0.038038
0.016672 0.015539 0.020881 0.025413 0.022499 0.030916 0.030754 0.038038 0.043380 0.044837
0.020881 0.025413 0.022499 0.030916 0.030754 0.038038 0.043380 0.044837 0.040952 0.028003
0.022499 0.030916 0.030754 0.038038 0.043380 0.044837 0.040952 0.028003 0.029783 0.032049
0.030754 0.038038 0.043380 0.044837 0.040952 0.028003 0.029783 0.032049 0.034639 0.030107
0.043380 0.044837 0.040952 0.028003 0.029783 0.032049 0.034639 0.030107 0.032697 0.038038
0.040952 0.028003 0.029783 0.032049 0.034639 0.030107 0.032697 0.038038 0.039495 0.038686
0.029783 0.032049 0.034639 0.030107 0.032697 0.038038 0.039495 0.038686 0.039010 0.037553
0.034639 0.030107 0.032697 0.038038 0.039495 0.038686 0.039010 0.037553 0.031726 0.031726
0.032697 0.038038 0.039495 0.038686 0.039010 0.037553 0.031726 0.031726 0.032049 0.034963
0.039495 0.038686 0.039010 0.037553 0.031726 0.031726 0.032049 0.034963 0.027032 0.031402
0.039010 0.037553 0.031726 0.031726 0.032049 0.034963 0.027032 0.031402 0.031402 0.031564
0.031726 0.031726 0.032049 0.034963 0.027032 0.031402 0.031402 0.031564 0.029621 0.027193
0.032049 0.034963 0.027032 0.031402 0.031402 0.031564 0.029621 0.027193 0.030107 0.027355
0.027032 0.031402 0.031402 0.031564 0.029621 0.027193 0.030107 0.027355 0.026384 0.026222
0.031402 0.031564 0.029621 0.027193 0.030107 0.027355 0.026384 0.026222 0.033668 0.045970
0.029621 0.027193 0.030107 0.027355 0.026384 0.026222 0.033668 0.045970 0.050988 0.052444
0.030107 0.027355 0.026384 0.026222 0.033668 0.045970 0.050988 0.052444 0.058757 0.049369
