0.108028 0.139817 0.153017 0.149650 0.169181 0.217403 0.215517 0.196659 0.202586 0.201778
0.153017 0.149650 0.169181 0.217403 0.215517 0.196659 0.202586 0.201778 0.215248 0.233567
0.169181 0.217403 0.215517 0.196659 0.202586 0.201778 0.215248 0.233567 0.250808 0.265356
0.215517 0.196659 0.202586 0.201778 0.215248 0.233567 0.250808 0.265356 0.269397 0.243804
0.202586 0.201778 0.215248 0.233567 0.250808 0.265356 0.269397 0.243804 0.237877 0.285830
0.215248 0.233567 0.250808 0.265356 0.269397 0.243804 0.237877 0.285830 0.313308 0.335399
0.250808 0.265356 0.269397 0.243804 0.237877 0.285830 0.313308 0.335399 0.328664 0.339709
0.269397 0.243804 0.237877 0.285830 0.313308 0.335399 0.328664 0.339709 0.342134 0.335399
0.237877 0.285830 0.313308 0.335399 0.328664 0.339709 0.342134 0.335399 0.358567 0.385776
0.313308 0.335399 0.328664 0.339709 0.342134 0.335399 0.358567 0.385776 0.383351 0.371228
0.328664 0.339709 0.342134 0.335399 0.358567 0.385776 0.383351 0.371228 0.359375 0.368400
0.342134 0.335399 0.358567 0.385776 0.383351 0.371228 0.359375 0.368400 0.351832 0.349138
0.358567 0.385776 0.383351 0.371228 0.359375 0.368400 0.351832 0.349138 0.356681 0.385506
0.383351 0.371228 0.359375 0.368400 0.351832 0.349138 0.356681 0.385506 0.399246 0.412177
0.359375 0.368400 0.351832 0.349138 0.356681 0.385506 0.399246 0.412177 0.421606 0.414871
0.351832 0.349138 0.356681 0.385506 0.399246 0.412177 0.421606 0.414871 0.409752 0.419720
0.356681 0.385506 0.399246 0.412177 0.421606 0.414871 0.409752 0.419720 0.397360 0.430765
0.399246 0.412177 0.421606 0.414871 0.409752 0.419720 0.397360 0.430765 0.444774 0.470366
0.421606 0.414871 0.409752 0.419720 0.397360 0.430765 0.444774 0.470366 0.476024 0.474407
0.409752 0.419720 0.397360 0.430765 0.444774 0.470366 0.476024 0.474407 0.450700 0.436692
0.397360 0.430765 0.444774 0.470366 0.476024 0.474407 0.450700 0.436692 0.414601 0.403825
0.444774 0.470366 0.476024 0.474407 0.450700 0.436692 0.414601 0.403825 0.440463 0.431034
0.476024 0.474407 0.450700 0.436692 0.414601 0.403825 0.440463 0.431034 0.423761 0.409752
0.450700 0.436692 0.414601 0.403825 0.440463 0.431034 0.423761 0.409752 0.397629 0.416218
0.414601 0.403825 0.440463 0.431034 0.423761 0.409752 0.397629 0.416218 0.445851 0.413524
0.440463 0.431034 0.423761 0.409752 0.397629 0.416218 0.445851 0.413524 0.388470 0.378233
0.423761 0.409752 0.397629 0.416218 0.445851 0.413524 0.388470 0.378233 0.410830 0.446929
0.397629 0.416218 0.445851 0.413524 0.388470 0.378233 0.410830 0.446929 0.440733 0.430765
0.445851 0.413524 0.388470 0.378233 0.410830 0.446929 0.440733 0.430765 0.409752 0.388739
0.388470 0.378233 0.410830 0.446929 0.440733 0.430765 0.409752 0.388739 0.394127 0.418912
0.410830 0.446929 0.440733 0.430765 0.409752 0.388739 0.394127 0.418912 0.375539 0.332166
0.440733 0.430765 0.409752 0.388739 0.394127 0.418912 0.375539 0.332166 0.323815 0.333244
0.409752 0.388739 0.394127 0.418912 0.375539 0.332166 0.323815 0.333244 0.381466 0.378502
0.394127 0.418912 0.375539 0.332166 0.323815 0.333244 0.381466 0.378502 0.385776 0.398976
0.375539 0.332166 0.323815 0.333244 0.381466 0.378502 0.385776 0.398976 0.424030 0.428610
0.323815 0.333244 0.381466 0.378502 0.385776 0.398976 0.424030 0.428610 0.394666 0.372037
0.381466 0.378502 0.385776 0.398976 0.424030 0.428610 0.394666 0.372037 0.381466 0.369612
0.385776 0.398976 0.424030 0.428610 0.394666 0.372037 0.381466 0.369612 0.405172 0.407866
0.424030 0.428610 0.394666 0.372037 0.381466 0.369612 0.405172 0.407866 0.410830 0.412716
0.394666 0.372037 0.381466 0.369612 0.405172 0.407866 0.410830 0.412716 0.427532 0.455280
0.381466 0.369612 0.405172 0.407866 0.410830 0.412716 0.427532 0.455280 0.455550 0.485991
0.405172 0.407866 0.410830 0.412716 0.427532 0.455280 0.455550 0.485991 0.483836 0.471175
0.410830 0.412716 0.427532 0.455280 0.455550 0.485991 0.483836 0.471175 0.453664 0.462689
0.427532 0.455280 0.455550 0.485991 0.483836 0.471175 0.453664 0.462689 0.463901 0.455011
0.455550 0.485991 0.483836 0.471175 0.453664 0.462689 0.463901 0.455011 0.457166 0.467942
0.483836 0.471175 0.453664 0.462689 0.463901 0.455011 0.457166 0.467942 0.478448 0.484914
0.453664 0.462689 0.463901 0.455011 0.457166 0.467942 0.478448 0.484914 0.497037 0.497575
0.463901 0.455011 0.457166 0.467942 0.478448 0.484914 0.497037 0.497575 0.506735 0.535291
0.457166 0.467942 0.478448 0.484914 0.497037 0.497575 0.506735 0.535291 0.541218 0.578394
0.478448 0.484914 0.497037 0.497575 0.506735 0.535291 0.541218 0.578394 0.567349 0.606950
0.497037 0.497575 0.506735 0.535291 0.541218 0.578394 0.567349 0.606950 0.599138 0.601024
0.506735 0.535291 0.541218 0.578394 0.567349 0.606950 0.599138 0.601024 0.564116 0.507813
0.541218 0.578394 0.567349 0.606950 0.599138 0.601024 0.564116 0.507813 0.512662 0.530981
0.567349 0.606950 0.599138 0.601024 0.564116 0.507813 0.512662 0.530981 0.552802 0.574084
0.599138 0.601024 0.564116 0.507813 0.512662 0.530981 0.552802 0.574084 0.584860 0.625000
0.564116 0.507813 0.512662 0.530981 0.552802 0.574084 0.584860 0.625000 0.619881 0.588066
0.512662 0.530981 0.552802 0.574084 0.584860 0.625000 0.619881 0.588066 0.607759 0.625000
0.552802 0.574084 0.584860 0.625000 0.619881 0.588066 0.607759 0.625000 0.610183 0.582166
0.584860 0.625000 0.619881 0.588066 0.607759 0.625000 0.610183 0.582166 0.606412 0.554957
0.619881 0.588066 0.607759 0.625000 0.610183 0.582166 0.606412 0.554957 0.546067 0.505119
0.607759 0.625000 0.610183 0.582166 0.606412 0.554957 0.546067 0.505119 0.509429 0.555900
0.610183 0.582166 0.606412 0.554957 0.546067 0.505119 0.509429 0.555900 0.578394 0.580011
0.606412 0.554957 0.546067 0.505119 0.509429 0.555900 0.578394 0.580011 0.582705 0.602101
0.546067 0.505119 0.509429 0.555900 0.578394 0.580011 0.582705 0.602101 0.596175 0.548222
0.509429 0.555900 0.578394 0.580011 0.582705 0.602101 0.596175 0.548222 0.581088 0.569235
0.578394 0.580011 0.582705 0.602101 0.596175 0.548222 0.581088 0.569235 0.566541 0.592134
0.582705 0.602101 0.596175 0.548222 0.581088 0.569235 0.566541 0.592134 0.560614 0.547683
0.596175 0.548222 0.581088 0.569235 0.566541 0.592134 0.560614 0.547683 0.510237 0.489763
0.581088 0.569235 0.566541 0.592134 0.560614 0.547683 0.510237 0.489763 0.490302 0.471444
0.566541 0.592134 0.560614 0.547683 0.510237 0.489763 0.490302 0.471444 0.487069 0.452317
0.560614 0.547683 0.510237 0.489763 0.490302 0.471444 0.487069 0.452317 0.426455 0.433998
0.510237 0.489763 0.490302 0.471444 0.487069 0.452317 0.426455 0.433998 0.417834 0.426455
0.490302 0.471444 0.487069 0.452317 0.426455 0.433998 0.417834 0.426455 0.447737 0.435614
0.487069 0.452317 0.426455 0.433998 0.417834 0.426455 0.447737 0.435614 0.451778 0.490841
0.426455 0.433998 0.417834 0.426455 0.447737 0.435614 0.451778 0.490841 0.480603 0.520205
0.417834 0.426455 0.447737 0.435614 0.451778 0.490841 0.480603 0.520205 0.514009 0.518588
0.447737 0.435614 0.451778 0.490841 0.480603 0.520205 0.514009 0.518588 0.489224 0.498384
0.451778 0.490841 0.480603 0.520205 0.514009 0.518588 0.489224 0.498384 0.486800 0.477909
0.480603 0.520205 0.514009 0.518588 0.489224 0.498384 0.486800 0.477909 0.475216 0.480065
0.514009 0.518588 0.489224 0.498384 0.486800 0.477909 0.475216 0.480065 0.472279 0.515894
0.489224 0.498384 0.486800 0.477909 0.475216 0.480065 0.472279 0.515894 0.479256 0.461207
0.486800 0.477909 0.475216 0.480065 0.472279 0.515894 0.479256 0.461207 0.444504 0.454741
0.475216 0.480065 0.472279 0.515894 0.479256 0.461207 0.444504 0.454741 0.447468 0.464170
0.472279 0.515894 0.479256 0.461207 0.444504 0.454741 0.447468 0.464170 0.450970 0.439116
0.479256 0.461207 0.444504 0.454741 0.447468 0.464170 0.450970 0.439116 0.423491 0.448006
0.444504 0.454741 0.447468 0.464170 0.450970 0.439116 0.423491 0.448006 0.433998 0.449892
0.447468 0.464170 0.450970 0.439116 0.423491 0.448006 0.433998 0.449892 0.411638 0.383351
0.450970 0.439116 0.423491 0.448006 0.433998 0.449892 0.411638 0.383351 0.376616 0.397899
0.423491 0.448006 0.433998 0.449892 0.411638 0.383351 0.376616 0.397899 0.373384 0.392780
0.433998 0.449892 0.411638 0.383351 0.376616 0.397899 0.373384 0.392780 0.368534 0.380657
0.411638 0.383351 0.376616 0.397899 0.373384 0.392780 0.368534 0.380657 0.351293 0.338901
0.376616 0.397899 0.373384 0.392780 0.368534 0.380657 0.351293 0.338901 0.400862 0.365841
0.373384 0.392780 0.368534 0.380657 0.351293 0.338901 0.400862 0.365841 0.343211 0.313847
0.368534 0.380657 0.351293 0.338901 0.400862 0.365841 0.343211 0.313847 0.286369 0.254041
0.351293 0.338901 0.400862 0.365841 0.343211 0.313847 0.286369 0.254041 0.194774 0.273707
0.400862 0.365841 0.343211 0.313847 0.286369 0.254041 0.194774 0.273707 0.278556 0.313039
0.343211 0.313847 0.286369 0.254041 0.194774 0.273707 0.278556 0.313039 0.324084 0.373653
0.286369 0.254041 0.194774 0.273707 0.278556 0.313039 0.324084 0.373653 0.444504 0.422683
0.194774 0.273707 0.278556 0.313039 0.324084 0.373653 0.444504 0.422683 0.461476 0.497575
0.278556 0.313039 0.324084 0.373653 0.444504 0.422683 0.461476 0.497575 0.500000 0.508890
0.324084 0.373653 0.444504 0.422683 0.461476 0.497575 0.500000 0.508890 0.500808 0.510506
0.444504 0.422683 0.461476 0.497575 0.500000 0.508890 0.500808 0.510506 0.538793 0.556304
0.461476 0.497575 0.500000 0.508890 0.500808 0.510506 0.538793 0.556304 0.575162 0.563039
0.500000 0.508890 0.500808 0.510506 0.538793 0.556304 0.575162 0.563039 0.587015 0.588631
0.500808 0.510506 0.538793 0.556304 0.575162 0.563039 0.587015 0.588631 0.605603 0.595097
0.538793 0.556304 0.575162 0.563039 0.587015 0.588631 0.605603 0.595097 0.594828 0.613416
0.575162 0.563039 0.587015 0.588631 0.605603 0.595097 0.594828 0.613416 0.610453 0.601832
0.587015 0.588631 0.605603 0.595097 0.594828 0.613416 0.610453 0.601832 0.638470 0.612877
0.605603 0.595097 0.594828 0.613416 0.610453 0.601832 0.638470 0.612877 0.614494 0.591595
0.594828 0.613416 0.610453 0.601832 0.638470 0.612877 0.614494 0.591595 0.588901 0.614224
0.610453 0.601832 0.638470 0.612877 0.614494 0.591595 0.588901 0.614224 0.636315 0.732220
0.638470 0.612877 0.614494 0.591595 0.588901 0.614224 0.636315 0.732220 0.714709 0.714170
0.614494 0.591595 0.588901 0.614224 0.636315 0.732220 0.714709 0.714170 0.724407 0.762392
0.588901 0.614224 0.636315 0.732220 0.714709 0.714170 0.724407 0.762392 0.799030 0.793912
0.636315 0.732220 0.714709 0.714170 0.724407 0.762392 0.799030 0.793912 0.726293 0.743265
0.714709 0.714170 0.724407 0.762392 0.799030 0.793912 0.726293 0.743265 0.786099 0.771013
0.724407 0.762392 0.799030 0.793912 0.726293 0.743265 0.786099 0.771013 0.794450 0.716864
0.799030 0.793912 0.726293 0.743265 0.786099 0.771013 0.794450 0.716864 0.739494 0.775593
0.726293 0.743265 0.786099 0.771013 0.794450 0.716864 0.739494 0.775593 0.790948 0.794450
0.786099 0.771013 0.794450 0.716864 0.739494 0.775593 0.790948 0.794450 0.777478 0.810345
0.794450 0.716864 0.739494 0.775593 0.790948 0.794450 0.777478 0.810345 0.824488 0.848599
0.739494 0.775593 0.790948 0.794450 0.777478 0.810345 0.824488 0.848599 0.863955 0.869612
0.790948 0.794450 0.777478 0.810345 0.824488 0.848599 0.863955 0.869612 0.877155 0.876212
0.777478 0.810345 0.824488 0.848599 0.863955 0.869612 0.877155 0.876212 0.853718 0.852909
0.824488 0.848599 0.863955 0.869612 0.877155 0.876212 0.853718 0.852909 0.870420 0.826239
0.863955 0.869612 0.877155 0.876212 0.853718 0.852909 0.870420 0.826239 0.760506 0.782597
0.877155 0.876212 0.853718 0.852909 0.870420 0.826239 0.760506 0.782597 0.755927 0.755927
0.853718 0.852909 0.870420 0.826239 0.760506 0.782597 0.755927 0.755927 0.766703 0.845905
0.870420 0.826239 0.760506 0.782597 0.755927 0.755927 0.766703 0.845905 0.870690 0.922414
0.760506 0.782597 0.755927 0.755927 0.766703 0.845905 0.870690 0.922414 0.925108 0.918642
0.755927 0.755927 0.766703 0.845905 0.870690 0.922414 0.925108 0.918642 0.844423 0.788524
0.766703 0.845905 0.870690 0.922414 0.925108 0.918642 0.844423 0.788524 0.832166 0.747037
0.870690 0.922414 0.925108 0.918642 0.844423 0.788524 0.832166 0.747037 0.737338 0.704472
0.925108 0.918642 0.844423 0.788524 0.832166 0.747037 0.737338 0.704472 0.757274 0.739763
0.844423 0.788524 0.832166 0.747037 0.737338 0.704472 0.757274 0.739763 0.721848 0.678341
0.832166 0.747037 0.737338 0.704472 0.757274 0.739763 0.721848 0.678341 0.719289 0.706897
0.737338 0.704472 0.757274 0.739763 0.721848 0.678341 0.719289 0.706897 0.714709 0.728448
0.757274 0.739763 0.721848 0.678341 0.719289 0.706897 0.714709 0.728448 0.718211 0.753233
0.721848 0.678341 0.719289 0.706897 0.714709 0.728448 0.718211 0.753233 0.765894 0.799300
0.719289 0.706897 0.714709 0.728448 0.718211 0.753233 0.765894 0.799300 0.807112 0.812769
0.714709 0.728448 0.718211 0.753233 0.765894 0.799300 0.807112 0.812769 0.764547 0.754310
0.718211 0.753233 0.765894 0.799300 0.807112 0.812769 0.764547 0.754310 0.715248 0.726293
0.765894 0.799300 0.807112 0.812769 0.764547 0.754310 0.715248 0.726293 0.738685 0.743534
0.807112 0.812769 0.764547 0.754310 0.715248 0.726293 0.738685 0.743534 0.728583 0.717807
0.764547 0.754310 0.715248 0.726293 0.738685 0.743534 0.728583 0.717807 0.715787 0.683863
0.715248 0.726293 0.738685 0.743534 0.728583 0.717807 0.715787 0.683863 0.701509 0.736261
0.738685 0.743534 0.728583 0.717807 0.715787 0.683863 0.701509 0.736261 0.750808 0.777748
0.728583 0.717807 0.715787 0.683863 0.701509 0.736261 0.750808 0.777748 0.871228 0.883082
0.715787 0.683863 0.701509 0.736261 0.750808 0.777748 0.871228 0.883082 0.911638 0.926994
0.701509 0.736261 0.750808 0.777748 0.871228 0.883082 0.911638 0.926994 0.890221 0.877694
0.750808 0.777748 0.871228 0.883082 0.911638 0.926994 0.890221 0.877694 0.825970 0.805900
0.871228 0.883082 0.911638 0.926994 0.890221 0.877694 0.825970 0.805900 0.843481 0.869881
0.911638 0.926994 0.890221 0.877694 0.825970 0.805900 0.843481 0.869881 0.846713 0.783675
0.890221 0.877694 0.825970 0.805900 0.843481 0.869881 0.846713 0.783675 0.749596 0.720097
0.825970 0.805900 0.843481 0.869881 0.846713 0.783675 0.749596 0.720097 0.704337 0.737877
0.843481 0.869881 0.846713 0.783675 0.749596 0.720097 0.704337 0.737877 0.713631 0.710668
0.846713 0.783675 0.749596 0.720097 0.704337 0.737877 0.713631 0.710668 0.712284 0.702317
0.749596 0.720097 0.704337 0.737877 0.713631 0.710668 0.712284 0.702317 0.711207 0.724407
0.704337 0.737877 0.713631 0.710668 0.712284 0.702317 0.711207 0.724407 0.723060 0.765356
0.713631 0.710668 0.712284 0.702317 0.711207 0.724407 0.723060 0.765356 0.808459 0.809537
0.712284 0.702317 0.711207 0.724407 0.723060 0.765356 0.808459 0.809537 0.810884 0.844693
0.711207 0.724407 0.723060 0.765356 0.808459 0.809537 0.810884 0.844693 0.822198 0.803879
0.723060 0.765356 0.808459 0.809537 0.810884 0.844693 0.822198 0.803879 0.741649 0.725620
0.808459 0.809537 0.810884 0.844693 0.822198 0.803879 0.741649 0.725620 0.755388 0.743534
0.810884 0.844693 0.822198 0.803879 0.741649 0.725620 0.755388 0.743534 0.691137 0.692214
0.822198 0.803879 0.741649 0.725620 0.755388 0.743534 0.691137 0.692214 0.746498 0.745959
0.741649 0.725620 0.755388 0.743534 0.691137 0.692214 0.746498 0.745959 0.762258 0.740841
0.755388 0.743534 0.691137 0.692214 0.746498 0.745959 0.762258 0.740841 0.731142 0.739898
0.691137 0.692214 0.746498 0.745959 0.762258 0.740841 0.731142 0.739898 0.735857 0.744881
0.746498 0.745959 0.762258 0.740841 0.731142 0.739898 0.735857 0.744881 0.713901 0.584860
0.762258 0.740841 0.731142 0.739898 0.735857 0.744881 0.713901 0.584860 0.568966 0.572737
0.731142 0.739898 0.735857 0.744881 0.713901 0.584860 0.568966 0.572737 0.544316 0.562769
0.735857 0.744881 0.713901 0.584860 0.568966 0.572737 0.544316 0.562769 0.555496 0.566272
0.713901 0.584860 0.568966 0.572737 0.544316 0.562769 0.555496 0.566272 0.615032 0.604122
0.568966 0.572737 0.544316 0.562769 0.555496 0.566272 0.615032 0.604122 0.586746 0.560884
0.544316 0.562769 0.555496 0.566272 0.615032 0.604122 0.586746 0.560884 0.548761 0.498653
0.555496 0.566272 0.615032 0.604122 0.586746 0.560884 0.548761 0.498653 0.511180 0.514009
0.615032 0.604122 0.586746 0.560884 0.548761 0.498653 0.511180 0.514009 0.502963 0.521417
0.586746 0.560884 0.548761 0.498653 0.511180 0.514009 0.502963 0.521417 0.504310 0.488416
0.548761 0.498653 0.511180 0.514009 0.502963 0.521417 0.504310 0.488416 0.499192 0.501751
0.511180 0.514009 0.502963 0.521417 0.504310 0.488416 0.499192 0.501751 0.544450 0.584052
0.502963 0.521417 0.504310 0.488416 0.499192 0.501751 0.544450 0.584052 0.575835 0.562769
0.504310 0.488416 0.499192 0.501751 0.544450 0.584052 0.575835 0.562769 0.562769 0.541218
0.499192 0.501751 0.544450 0.584052 0.575835 0.562769 0.562769 0.541218 0.495690 0.500673
0.544450 0.584052 0.575835 0.562769 0.562769 0.541218 0.495690 0.500673 0.470097 0.476293
0.575835 0.562769 0.562769 0.541218 0.495690 0.500673 0.470097 0.476293 0.495151 0.520609
0.562769 0.541218 0.495690 0.500673 0.470097 0.476293 0.495151 0.520609 0.483836 0.493534
0.495690 0.500673 0.470097 0.476293 0.495151 0.520609 0.483836 0.493534 0.535022 0.567619
0.470097 0.476293 0.495151 0.520609 0.483836 0.493534 0.535022 0.567619 0.557920 0.543912
0.495151 0.520609 0.483836 0.493534 0.535022 0.567619 0.557920 0.543912 0.539871 0.540140
0.483836 0.493534 0.535022 0.567619 0.557920 0.543912 0.539871 0.540140 0.517241 0.526670
0.535022 0.567619 0.557920 0.543912 0.539871 0.540140 0.517241 0.526670 0.540948 0.572737
0.557920 0.543912 0.539871 0.540140 0.517241 0.526670 0.540948 0.572737 0.492457 0.506196
0.539871 0.540140 0.517241 0.526670 0.540948 0.572737 0.492457 0.506196 0.533944 0.522091
0.517241 0.526670 0.540948 0.572737 0.492457 0.506196 0.533944 0.522091 0.509698 0.505119
0.540948 0.572737 0.492457 0.506196 0.533944 0.522091 0.509698 0.505119 0.548491 0.576239
0.492457 0.506196 0.533944 0.522091 0.509698 0.505119 0.548491 0.576239 0.582166 0.561153
0.533944 0.522091 0.509698 0.505119 0.548491 0.576239 0.582166 0.561153 0.542565 0.547683
0.509698 0.505119 0.548491 0.576239 0.582166 0.561153 0.542565 0.547683 0.575162 0.570313
0.548491 0.576239 0.582166 0.561153 0.542565 0.547683 0.575162 0.570313 0.574353 0.580011
0.582166 0.561153 0.542565 0.547683 0.575162 0.570313 0.574353 0.580011 0.608836 0.600216
0.542565 0.547683 0.575162 0.570313 0.574353 0.580011 0.608836 0.600216 0.597522 0.555765
0.575162 0.570313 0.574353 0.580011 0.608836 0.600216 0.597522 0.555765 0.495690 0.438308
0.574353 0.580011 0.608836 0.600216 0.597522 0.555765 0.495690 0.438308 0.435075 0.471444
0.608836 0.600216 0.597522 0.555765 0.495690 0.438308 0.435075 0.471444 0.476293 0.465248
0.597522 0.555765 0.495690 0.438308 0.435075 0.471444 0.476293 0.465248 0.474946 0.480873
0.495690 0.438308 0.435075 0.471444 0.476293 0.465248 0.474946 0.480873 0.543103 0.526401
0.435075 0.471444 0.476293 0.465248 0.474946 0.480873 0.543103 0.526401 0.518588 0.523976
0.476293 0.465248 0.474946 0.480873 0.543103 0.526401 0.518588 0.523976 0.529364 0.535022
0.474946 0.480873 0.543103 0.526401 0.518588 0.523976 0.529364 0.535022 0.560345 0.564116
0.543103 0.526401 0.518588 0.523976 0.529364 0.535022 0.560345 0.564116 0.573545 0.584860
0.518588 0.523976 0.529364 0.535022 0.560345 0.564116 0.573545 0.584860 0.609914 0.596444
0.529364 0.535022 0.560345 0.564116 0.573545 0.584860 0.609914 0.596444 0.589440 0.534483
0.560345 0.564116 0.573545 0.584860 0.609914 0.596444 0.589440 0.534483 0.535830 0.509159
0.573545 0.584860 0.609914 0.596444 0.589440 0.534483 0.535830 0.509159 0.508890 0.477640
0.609914 0.596444 0.589440 0.534483 0.535830 0.509159 0.508890 0.477640 0.480334 0.470905
0.589440 0.534483 0.535830 0.509159 0.508890 0.477640 0.480334 0.470905 0.480873 0.465517
0.535830 0.509159 0.508890 0.477640 0.480334 0.470905 0.480873 0.465517 0.507543 0.452047
0.508890 0.477640 0.480334 0.470905 0.480873 0.465517 0.507543 0.452047 0.483836 0.495420
0.480334 0.470905 0.480873 0.465517 0.507543 0.452047 0.483836 0.495420 0.567619 0.605873
0.480873 0.465517 0.507543 0.452047 0.483836 0.495420 0.567619 0.605873 0.594289 0.604795
0.507543 0.452047 0.483836 0.495420 0.567619 0.605873 0.594289 0.604795 0.622575 0.602371
0.483836 0.495420 0.567619 0.605873 0.594289 0.604795 0.622575 0.602371 0.622306 0.631466
0.567619 0.605873 0.594289 0.604795 0.622575 0.602371 0.622306 0.631466 0.618534 0.663793
0.594289 0.604795 0.622575 0.602371 0.622306 0.631466 0.618534 0.663793 0.655172 0.676724
0.622575 0.602371 0.622306 0.631466 0.618534 0.663793 0.655172 0.676724 0.676455 0.660291
0.622306 0.631466 0.618534 0.663793 0.655172 0.676724 0.676455 0.660291 0.660291 0.669989
0.618534 0.663793 0.655172 0.676724 0.676455 0.660291 0.660291 0.669989 0.676724 0.677532
0.655172 0.676724 0.676455 0.660291 0.660291 0.669989 0.676724 0.677532 0.654095 0.653287
0.676455 0.660291 0.660291 0.669989 0.676724 0.677532 0.654095 0.653287 0.646282 0.627694
0.660291 0.669989 0.676724 0.677532 0.654095 0.653287 0.646282 0.627694 0.623384 0.620690
0.676724 0.677532 0.654095 0.653287 0.646282 0.627694 0.623384 0.620690 0.607489 0.595366
0.654095 0.653287 0.646282 0.627694 0.623384 0.620690 0.607489 0.595366 0.578664 0.564386
0.646282 0.627694 0.623384 0.620690 0.607489 0.595366 0.578664 0.564386 0.549569 0.564386
0.623384 0.620690 0.607489 0.595366 0.578664 0.564386 0.549569 0.564386 0.561692 0.564386
0.607489 0.595366 0.578664 0.564386 0.549569 0.564386 0.561692 0.564386 0.535560 0.537716
0.578664 0.564386 0.549569 0.564386 0.561692 0.564386 0.535560 0.537716 0.547953 0.536369
0.549569 0.564386 0.561692 0.564386 0.535560 0.537716 0.547953 0.536369 0.590248 0.605334
0.561692 0.564386 0.535560 0.537716 0.547953 0.536369 0.590248 0.605334 0.590517 0.636315
0.535560 0.537716 0.547953 0.536369 0.590248 0.605334 0.590517 0.636315 0.658136 0.625000
0.547953 0.536369 0.590248 0.605334 0.590517 0.636315 0.658136 0.625000 0.600754 0.612608
0.590248 0.605334 0.590517 0.636315 0.658136 0.625000 0.600754 0.612608 0.558728 0.550108
0.590517 0.636315 0.658136 0.625000 0.600754 0.612608 0.558728 0.550108 0.572333 0.588631
0.658136 0.625000 0.600754 0.612608 0.558728 0.550108 0.572333 0.588631 0.568696 0.531789
0.600754 0.612608 0.558728 0.550108 0.572333 0.588631 0.568696 0.531789 0.567080 0.580415
0.558728 0.550108 0.572333 0.588631 0.568696 0.531789 0.567080 0.580415 0.591056 0.605065
0.572333 0.588631 0.568696 0.531789 0.567080 0.580415 0.591056 0.605065 0.589440 0.596713
0.568696 0.531789 0.567080 0.580415 0.591056 0.605065 0.589440 0.596713 0.577856 0.565733
0.567080 0.580415 0.591056 0.605065 0.589440 0.596713 0.577856 0.565733 0.526940 0.516433
0.591056 0.605065 0.589440 0.596713 0.577856 0.565733 0.526940 0.516433 0.535560 0.514547
0.589440 0.596713 0.577856 0.565733 0.526940 0.516433 0.535560 0.514547 0.512392 0.531519
0.577856 0.565733 0.526940 0.516433 0.535560 0.514547 0.512392 0.531519 0.556304 0.505119
0.526940 0.516433 0.535560 0.514547 0.512392 0.531519 0.556304 0.505119 0.517241 0.469019
0.535560 0.514547 0.512392 0.531519 0.556304 0.505119 0.517241 0.469019 0.471713 0.477101
0.512392 0.531519 0.556304 0.505119 0.517241 0.469019 0.471713 0.477101 0.496767 0.506735
0.556304 0.505119 0.517241 0.469019 0.471713 0.477101 0.496767 0.506735 0.472252 0.492726
0.517241 0.469019 0.471713 0.477101 0.496767 0.506735 0.472252 0.492726 0.494073 0.452317
0.471713 0.477101 0.496767 0.506735 0.472252 0.492726 0.494073 0.452317 0.475216 0.485722
0.496767 0.506735 0.472252 0.492726 0.494073 0.452317 0.475216 0.485722 0.422414 0.435345
0.472252 0.492726 0.494073 0.452317 0.475216 0.485722 0.422414 0.435345 0.454203 0.414871
0.494073 0.452317 0.475216 0.485722 0.422414 0.435345 0.454203 0.414871 0.382543 0.399784
0.475216 0.485722 0.422414 0.435345 0.454203 0.414871 0.382543 0.399784 0.424838 0.407866
0.422414 0.435345 0.454203 0.414871 0.382543 0.399784 0.424838 0.407866 0.443696 0.464978
0.454203 0.414871 0.382543 0.399784 0.424838 0.407866 0.443696 0.464978 0.484644 0.490032
0.382543 0.399784 0.424838 0.407866 0.443696 0.464978 0.484644 0.490032 0.495959 0.525054
0.424838 0.407866 0.443696 0.464978 0.484644 0.490032 0.495959 0.525054 0.512662 0.520205
0.443696 0.464978 0.484644 0.490032 0.495959 0.525054 0.512662 0.520205 0.539062 0.525862
0.484644 0.490032 0.495959 0.525054 0.512662 0.520205 0.539062 0.525862 0.529364 0.551724
0.495959 0.525054 0.512662 0.520205 0.539062 0.525862 0.529364 0.551724 0.545259 0.553071
0.512662 0.520205 0.539062 0.525862 0.529364 0.551724 0.545259 0.553071 0.546336 0.559806
0.539062 0.525862 0.529364 0.551724 0.545259 0.553071 0.546336 0.559806 0.523168 0.546875
0.529364 0.551724 0.545259 0.553071 0.546336 0.559806 0.523168 0.546875 0.546336 0.568966
0.545259 0.553071 0.546336 0.559806 0.523168 0.546875 0.546336 0.568966 0.572198 0.559267
0.546336 0.559806 0.523168 0.546875 0.546336 0.568966 0.572198 0.559267 0.564655 0.558998
0.523168 0.546875 0.546336 0.568966 0.572198 0.559267 0.564655 0.558998 0.595097 0.595905
0.546336 0.568966 0.572198 0.559267 0.564655 0.558998 0.595097 0.595905 0.576778 0.554149
0.572198 0.559267 0.564655 0.558998 0.595097 0.595905 0.576778 0.554149 0.515894 0.526940
0.564655 0.558998 0.595097 0.595905 0.576778 0.554149 0.515894 0.526940 0.538793 0.539601
0.595097 0.595905 0.576778 0.554149 0.515894 0.526940 0.538793 0.539601 0.529634 0.489494
0.576778 0.554149 0.515894 0.526940 0.538793 0.539601 0.529634 0.489494 0.485453 0.473599
0.515894 0.526940 0.538793 0.539601 0.529634 0.489494 0.485453 0.473599 0.472791 0.458244
0.538793 0.539601 0.529634 0.489494 0.485453 0.473599 0.472791 0.458244 0.462015 0.468211
0.529634 0.489494 0.485453 0.473599 0.472791 0.458244 0.462015 0.468211 0.480603 0.500808
0.485453 0.473599 0.472791 0.458244 0.462015 0.468211 0.480603 0.500808 0.533944 0.526940
0.472791 0.458244 0.462015 0.468211 0.480603 0.500808 0.533944 0.526940 0.527209 0.538524
0.462015 0.468211 0.480603 0.500808 0.533944 0.526940 0.527209 0.538524 0.536369 0.502694
0.480603 0.500808 0.533944 0.526940 0.527209 0.538524 0.536369 0.502694 0.454203 0.421606
0.533944 0.526940 0.527209 0.538524 0.536369 0.502694 0.454203 0.421606 0.419450 0.413793
0.527209 0.538524 0.536369 0.502694 0.454203 0.421606 0.419450 0.413793 0.393858 0.359375
0.536369 0.502694 0.454203 0.421606 0.419450 0.413793 0.393858 0.359375 0.352371 0.356412
0.454203 0.421606 0.419450 0.413793 0.393858 0.359375 0.352371 0.356412 0.319504 0.308594
0.419450 0.413793 0.393858 0.359375 0.352371 0.356412 0.319504 0.308594 0.314655 0.312231
0.393858 0.359375 0.352371 0.356412 0.319504 0.308594 0.314655 0.312231 0.334591 0.310075
0.352371 0.356412 0.319504 0.308594 0.314655 0.312231 0.334591 0.310075 0.268858 0.273707
0.319504 0.308594 0.314655 0.312231 0.334591 0.310075 0.268858 0.273707 0.290140 0.304149
0.314655 0.312231 0.334591 0.310075 0.268858 0.273707 0.290140 0.304149 0.303341 0.290948
0.334591 0.310075 0.268858 0.273707 0.290140 0.304149 0.303341 0.290948 0.287177 0.279634
0.268858 0.273707 0.290140 0.304149 0.303341 0.290948 0.287177 0.279634 0.290948 0.291487
0.290140 0.304149 0.303341 0.290948 0.287177 0.279634 0.290948 0.291487 0.273707 0.277478
0.303341 0.290948 0.287177 0.279634 0.290948 0.291487 0.273707 0.277478 0.284483 0.285560
0.287177 0.279634 0.290948 0.291487 0.273707 0.277478 0.284483 0.285560 0.278017 0.254849
0.290948 0.291487 0.273707 0.277478 0.284483 0.285560 0.278017 0.254849 0.266972 0.296606
0.273707 0.277478 0.284483 0.285560 0.278017 0.254849 0.266972 0.296606 0.300647 0.324623
0.284483 0.285560 0.278017 0.254849 0.266972 0.296606 0.300647 0.324623 0.317619 0.281519
0.278017 0.254849 0.266972 0.296606 0.300647 0.324623 0.317619 0.281519 0.242726 0.246228
0.266972 0.296606 0.300647 0.324623 0.317619 0.281519 0.242726 0.246228 0.209860 0.215248
0.300647 0.324623 0.317619 0.281519 0.242726 0.246228 0.209860 0.215248 0.225216 0.233567
0.317619 0.281519 0.242726 0.246228 0.209860 0.215248 0.225216 0.233567 0.230065 0.241918
0.242726 0.246228 0.209860 0.215248 0.225216 0.233567 0.230065 0.241918 0.153556 0.105603
0.209860 0.215248 0.225216 0.233567 0.230065 0.241918 0.153556 0.105603 0.146013 0.171067
0.225216 0.233567 0.230065 0.241918 0.153556 0.105603 0.146013 0.171067 0.187500 0.214978
0.230065 0.241918 0.153556 0.105603 0.146013 0.171067 0.187500 0.214978 0.204203 0.188578
0.153556 0.105603 0.146013 0.171067 0.187500 0.214978 0.204203 0.188578 0.216864 0.234106
0.146013 0.171067 0.187500 0.214978 0.204203 0.188578 0.216864 0.234106 0.264278 0.358567
0.187500 0.214978 0.204203 0.188578 0.216864 0.234106 0.264278 0.358567 0.352909 0.391433
0.204203 0.188578 0.216864 0.234106 0.264278 0.358567 0.352909 0.391433 0.391703 0.395474
0.216864 0.234106 0.264278 0.358567 0.352909 0.391433 0.391703 0.395474 0.394935 0.392511
0.264278 0.358567 0.352909 0.391433 0.391703 0.395474 0.394935 0.392511 0.366649 0.404364
0.352909 0.391433 0.391703 0.395474 0.394935 0.392511 0.366649 0.404364 0.389278 0.409483
0.391703 0.395474 0.394935 0.392511 0.366649 0.404364 0.389278 0.409483 0.400054 0.403825
0.394935 0.392511 0.366649 0.404364 0.389278 0.409483 0.400054 0.403825 0.381196 0.383890
0.366649 0.404364 0.389278 0.409483 0.400054 0.403825 0.381196 0.383890 0.327586 0.326778
0.389278 0.409483 0.400054 0.403825 0.381196 0.383890 0.327586 0.326778 0.329472 0.352640
0.400054 0.403825 0.381196 0.383890 0.327586 0.326778 0.329472 0.352640 0.350216 0.356681
0.381196 0.383890 0.327586 0.326778 0.329472 0.352640 0.350216 0.356681 0.345636 0.366649
0.327586 0.326778 0.329472 0.352640 0.350216 0.356681 0.345636 0.366649 0.365571 0.391164
0.329472 0.352640 0.350216 0.356681 0.345636 0.366649 0.365571 0.391164 0.414871 0.410830
0.350216 0.356681 0.345636 0.366649 0.365571 0.391164 0.414871 0.410830 0.412716 0.407866
0.345636 0.366649 0.365571 0.391164 0.414871 0.410830 0.412716 0.407866 0.394666 0.405442
0.365571 0.391164 0.414871 0.410830 0.412716 0.407866 0.394666 0.405442 0.412177 0.414062
0.414871 0.410830 0.412716 0.407866 0.394666 0.405442 0.412177 0.414062 0.400862 0.399246
0.412716 0.407866 0.394666 0.405442 0.412177 0.414062 0.400862 0.399246 0.422953 0.402748
0.394666 0.405442 0.412177 0.414062 0.400862 0.399246 0.422953 0.402748 0.401131 0.408944
0.412177 0.414062 0.400862 0.399246 0.422953 0.402748 0.401131 0.408944 0.420528 0.468750
0.400862 0.399246 0.422953 0.402748 0.401131 0.408944 0.420528 0.468750 0.484914 0.461746
0.422953 0.402748 0.401131 0.408944 0.420528 0.468750 0.484914 0.461746 0.457705 0.431573
0.401131 0.408944 0.420528 0.468750 0.484914 0.461746 0.457705 0.431573 0.405172 0.405711
0.420528 0.468750 0.484914 0.461746 0.457705 0.431573 0.405172 0.405711 0.380927 0.379580
0.484914 0.461746 0.457705 0.431573 0.405172 0.405711 0.380927 0.379580 0.371767 0.358836
0.457705 0.431573 0.405172 0.405711 0.380927 0.379580 0.371767 0.358836 0.374461 0.382543
0.405172 0.405711 0.380927 0.379580 0.371767 0.358836 0.374461 0.382543 0.365841 0.394666
0.380927 0.379580 0.371767 0.358836 0.374461 0.382543 0.365841 0.394666 0.390356 0.389817
0.371767 0.358836 0.374461 0.382543 0.365841 0.394666 0.390356 0.389817 0.411099 0.440463
0.374461 0.382543 0.365841 0.394666 0.390356 0.389817 0.411099 0.440463 0.438578 0.445043
0.365841 0.394666 0.390356 0.389817 0.411099 0.440463 0.438578 0.445043 0.453125 0.441272
0.390356 0.389817 0.411099 0.440463 0.438578 0.445043 0.453125 0.441272 0.472522 0.453933
0.411099 0.440463 0.438578 0.445043 0.453125 0.441272 0.472522 0.453933 0.431843 0.481950
0.438578 0.445043 0.453125 0.441272 0.472522 0.453933 0.431843 0.481950 0.466056 0.464170
0.453125 0.441272 0.472522 0.453933 0.431843 0.481950 0.466056 0.464170 0.484914 0.519397
0.472522 0.453933 0.431843 0.481950 0.466056 0.464170 0.484914 0.519397 0.518319 0.499731
0.431843 0.481950 0.466056 0.464170 0.484914 0.519397 0.518319 0.499731 0.497845 0.494073
0.466056 0.464170 0.484914 0.519397 0.518319 0.499731 0.497845 0.494073 0.484106 0.500000
0.484914 0.519397 0.518319 0.499731 0.497845 0.494073 0.484106 0.500000 0.504041 0.518588
0.518319 0.499731 0.497845 0.494073 0.484106 0.500000 0.504041 0.518588 0.497037 0.494612
0.497845 0.494073 0.484106 0.500000 0.504041 0.518588 0.497037 0.494612 0.485722 0.495420
0.484106 0.500000 0.504041 0.518588 0.497037 0.494612 0.485722 0.495420 0.542565 0.548222
0.504041 0.518588 0.497037 0.494612 0.485722 0.495420 0.542565 0.548222 0.567349 0.564386
0.497037 0.494612 0.485722 0.495420 0.542565 0.548222 0.567349 0.564386 0.581358 0.594019
0.485722 0.495420 0.542565 0.548222 0.567349 0.564386 0.581358 0.594019 0.630657 0.622306
0.542565 0.548222 0.567349 0.564386 0.581358 0.594019 0.630657 0.622306 0.659483 0.671067
0.567349 0.564386 0.581358 0.594019 0.630657 0.622306 0.659483 0.671067 0.666218 0.666218
0.581358 0.594019 0.630657 0.622306 0.659483 0.671067 0.666218 0.666218 0.673222 0.686153
0.630657 0.622306 0.659483 0.671067 0.666218 0.666218 0.673222 0.686153 0.677532 0.688039
0.659483 0.671067 0.666218 0.666218 0.673222 0.686153 0.677532 0.688039 0.675916 0.657328
0.666218 0.666218 0.673222 0.686153 0.677532 0.688039 0.675916 0.657328 0.666756 0.656519
0.673222 0.686153 0.677532 0.688039 0.675916 0.657328 0.666756 0.656519 0.675647 0.735453
0.677532 0.688039 0.675916 0.657328 0.666756 0.656519 0.675647 0.735453 0.719289 0.762123
0.675916 0.657328 0.666756 0.656519 0.675647 0.735453 0.719289 0.762123 0.706897 0.713631
0.666756 0.656519 0.675647 0.735453 0.719289 0.762123 0.706897 0.713631 0.715787 0.726024
0.675647 0.735453 0.719289 0.762123 0.706897 0.713631 0.715787 0.726024 0.707974 0.733567
0.719289 0.762123 0.706897 0.713631 0.715787 0.726024 0.707974 0.733567 0.750808 0.757543
0.706897 0.713631 0.715787 0.726024 0.707974 0.733567 0.750808 0.757543 0.736530 0.730873
0.715787 0.726024 0.707974 0.733567 0.750808 0.757543 0.736530 0.730873 0.734375 0.709052
0.707974 0.733567 0.750808 0.757543 0.736530 0.730873 0.734375 0.709052 0.697737 0.682651
0.750808 0.757543 0.736530 0.730873 0.734375 0.709052 0.697737 0.682651 0.672144 0.682920
0.736530 0.730873 0.734375 0.709052 0.697737 0.682651 0.672144 0.682920 0.661099 0.669720
0.734375 0.709052 0.697737 0.682651 0.672144 0.682920 0.661099 0.669720 0.693157 0.730873
0.697737 0.682651 0.672144 0.682920 0.661099 0.669720 0.693157 0.730873 0.735183 0.720636
0.672144 0.682920 0.661099 0.669720 0.693157 0.730873 0.735183 0.720636 0.708513 0.684267
0.661099 0.669720 0.693157 0.730873 0.735183 0.720636 0.708513 0.684267 0.708244 0.698006
0.693157 0.730873 0.735183 0.720636 0.708513 0.684267 0.708244 0.698006 0.717942 0.689386
0.735183 0.720636 0.708513 0.684267 0.708244 0.698006 0.717942 0.689386 0.705550 0.715517
0.708513 0.684267 0.708244 0.698006 0.717942 0.689386 0.705550 0.715517 0.760776 0.689655
0.708244 0.698006 0.717942 0.689386 0.705550 0.715517 0.760776 0.689655 0.634429 0.616918
0.717942 0.689386 0.705550 0.715517 0.760776 0.689655 0.634429 0.616918 0.611530 0.610453
0.705550 0.715517 0.760776 0.689655 0.634429 0.616918 0.611530 0.610453 0.615571 0.645205
0.760776 0.689655 0.634429 0.616918 0.611530 0.610453 0.615571 0.645205 0.641703 0.638739
0.634429 0.616918 0.611530 0.610453 0.615571 0.645205 0.641703 0.638739 0.672144 0.676185
0.611530 0.610453 0.615571 0.645205 0.641703 0.638739 0.672144 0.676185 0.702047 0.679418
0.615571 0.645205 0.641703 0.638739 0.672144 0.676185 0.702047 0.679418 0.705550 0.690194
0.641703 0.638739 0.672144 0.676185 0.702047 0.679418 0.705550 0.690194 0.688578 0.685884
0.672144 0.676185 0.702047 0.679418 0.705550 0.690194 0.688578 0.685884 0.672683 0.666756
0.702047 0.679418 0.705550 0.690194 0.688578 0.685884 0.672683 0.666756 0.671606 0.672683
0.705550 0.690194 0.688578 0.685884 0.672683 0.666756 0.671606 0.672683 0.673761 0.693427
0.688578 0.685884 0.672683 0.666756 0.671606 0.672683 0.673761 0.693427 0.656519 0.686153
0.672683 0.666756 0.671606 0.672683 0.673761 0.693427 0.656519 0.686153 0.645474 0.632813
0.671606 0.672683 0.673761 0.693427 0.656519 0.686153 0.645474 0.632813 0.634159 0.592134
0.673761 0.693427 0.656519 0.686153 0.645474 0.632813 0.634159 0.592134 0.607489 0.566272
0.656519 0.686153 0.645474 0.632813 0.634159 0.592134 0.607489 0.566272 0.535022 0.558728
0.645474 0.632813 0.634159 0.592134 0.607489 0.566272 0.535022 0.558728 0.559806 0.548761
0.634159 0.592134 0.607489 0.566272 0.535022 0.558728 0.559806 0.548761 0.548222 0.513739
0.607489 0.566272 0.535022 0.558728 0.559806 0.548761 0.548222 0.513739 0.511853 0.540409
0.535022 0.558728 0.559806 0.548761 0.548222 0.513739 0.511853 0.540409 0.549030 0.549300
0.559806 0.548761 0.548222 0.513739 0.511853 0.540409 0.549030 0.549300 0.572468 0.555226
0.548222 0.513739 0.511853 0.540409 0.549030 0.549300 0.572468 0.555226 0.570851 0.564386
0.511853 0.540409 0.549030 0.549300 0.572468 0.555226 0.570851 0.564386 0.568427 0.526670
0.549030 0.549300 0.572468 0.555226 0.570851 0.564386 0.568427 0.526670 0.537716 0.548761
0.572468 0.555226 0.570851 0.564386 0.568427 0.526670 0.537716 0.548761 0.551185 0.564925
0.570851 0.564386 0.568427 0.526670 0.537716 0.548761 0.551185 0.564925 0.608297 0.609106
0.568427 0.526670 0.537716 0.548761 0.551185 0.564925 0.608297 0.609106 0.592672 0.616379
0.537716 0.548761 0.551185 0.564925 0.608297 0.609106 0.592672 0.616379 0.605065 0.620959
0.551185 0.564925 0.608297 0.609106 0.592672 0.616379 0.605065 0.620959 0.643050 0.641164
0.608297 0.609106 0.592672 0.616379 0.605065 0.620959 0.643050 0.641164 0.675916 0.680496
0.592672 0.616379 0.605065 0.620959 0.643050 0.641164 0.675916 0.680496 0.674838 0.609644
0.605065 0.620959 0.643050 0.641164 0.675916 0.680496 0.674838 0.609644 0.573006 0.558459
0.643050 0.641164 0.675916 0.680496 0.674838 0.609644 0.573006 0.558459 0.606681 0.608028
0.675916 0.680496 0.674838 0.609644 0.573006 0.558459 0.606681 0.608028 0.607759 0.623922
0.674838 0.609644 0.573006 0.558459 0.606681 0.608028 0.607759 0.623922 0.635506 0.693157
0.573006 0.558459 0.606681 0.608028 0.607759 0.623922 0.635506 0.693157 0.699084 0.678610
0.606681 0.608028 0.607759 0.623922 0.635506 0.693157 0.699084 0.678610 0.659483 0.682381
0.607759 0.623922 0.635506 0.693157 0.699084 0.678610 0.659483 0.682381 0.689386 0.634968
0.635506 0.693157 0.699084 0.678610 0.659483 0.682381 0.689386 0.634968 0.627694 0.643050
0.699084 0.678610 0.659483 0.682381 0.689386 0.634968 0.627694 0.643050 0.669720 0.681843
0.659483 0.682381 0.689386 0.634968 0.627694 0.643050 0.669720 0.681843 0.684806 0.718481
0.689386 0.634968 0.627694 0.643050 0.669720 0.681843 0.684806 0.718481 0.737877 0.716864
0.627694 0.643050 0.669720 0.681843 0.684806 0.718481 0.737877 0.716864 0.728987 0.746228
0.669720 0.681843 0.684806 0.718481 0.737877 0.716864 0.728987 0.746228 0.758890 0.764817
0.684806 0.718481 0.737877 0.716864 0.728987 0.746228 0.758890 0.764817 0.764817 0.794989
0.737877 0.716864 0.728987 0.746228 0.758890 0.764817 0.764817 0.794989 0.810345 0.779095
0.728987 0.746228 0.758890 0.764817 0.764817 0.794989 0.810345 0.779095 0.757812 0.757004
0.758890 0.764817 0.764817 0.794989 0.810345 0.779095 0.757812 0.757004 0.755388 0.747845
0.764817 0.794989 0.810345 0.779095 0.757812 0.757004 0.755388 0.747845 0.739224 0.762662
0.810345 0.779095 0.757812 0.757004 0.755388 0.747845 0.739224 0.762662 0.718750 0.729526
0.757812 0.757004 0.755388 0.747845 0.739224 0.762662 0.718750 0.729526 0.744073 0.734914
0.755388 0.747845 0.739224 0.762662 0.718750 0.729526 0.744073 0.734914 0.738955 0.731412
0.739224 0.762662 0.718750 0.729526 0.744073 0.734914 0.738955 0.731412 0.751616 0.761584
0.718750 0.729526 0.744073 0.734914 0.738955 0.731412 0.751616 0.761584 0.780442 0.782328
0.744073 0.734914 0.738955 0.731412 0.751616 0.761584 0.780442 0.782328 0.805765 0.827047
0.738955 0.731412 0.751616 0.761584 0.780442 0.782328 0.805765 0.827047 0.853448 0.843481
0.751616 0.761584 0.780442 0.782328 0.805765 0.827047 0.853448 0.843481 0.815194 0.874192
0.780442 0.782328 0.805765 0.827047 0.853448 0.843481 0.815194 0.874192 0.874461 0.885506
0.805765 0.827047 0.853448 0.843481 0.815194 0.874192 0.874461 0.885506 0.876078 0.856681
0.853448 0.843481 0.815194 0.874192 0.874461 0.885506 0.876078 0.856681 0.842134 0.834860
0.815194 0.874192 0.874461 0.885506 0.876078 0.856681 0.842134 0.834860 0.823276 0.806304
0.874461 0.885506 0.876078 0.856681 0.842134 0.834860 0.823276 0.806304 0.788254 0.799030
0.876078 0.856681 0.842134 0.834860 0.823276 0.806304 0.788254 0.799030 0.771821 0.785022
0.842134 0.834860 0.823276 0.806304 0.788254 0.799030 0.771821 0.785022 0.783675 0.800377
0.823276 0.806304 0.788254 0.799030 0.771821 0.785022 0.783675 0.800377 0.783944 0.786638
0.788254 0.799030 0.771821 0.785022 0.783675 0.800377 0.783944 0.786638 0.793373 0.787446
0.771821 0.785022 0.783675 0.800377 0.783944 0.786638 0.793373 0.787446 0.771821 0.755657
0.783675 0.800377 0.783944 0.786638 0.793373 0.787446 0.771821 0.755657 0.732759 0.727371
0.783944 0.786638 0.793373 0.787446 0.771821 0.755657 0.732759 0.727371 0.739763 0.731950
0.793373 0.787446 0.771821 0.755657 0.732759 0.727371 0.739763 0.731950 0.728987 0.664871
0.771821 0.755657 0.732759 0.727371 0.739763 0.731950 0.728987 0.664871 0.651940 0.656250
0.732759 0.727371 0.739763 0.731950 0.728987 0.664871 0.651940 0.656250 0.648168 0.609375
0.739763 0.731950 0.728987 0.664871 0.651940 0.656250 0.648168 0.609375 0.581088 0.643858
0.728987 0.664871 0.651940 0.656250 0.648168 0.609375 0.581088 0.643858 0.635776 0.625269
0.651940 0.656250 0.648168 0.609375 0.581088 0.643858 0.635776 0.625269 0.618804 0.630119
0.648168 0.609375 0.581088 0.643858 0.635776 0.625269 0.618804 0.630119 0.645474 0.608028
0.581088 0.643858 0.635776 0.625269 0.618804 0.630119 0.645474 0.608028 0.618534 0.605873
0.635776 0.625269 0.618804 0.630119 0.645474 0.608028 0.618534 0.605873 0.599407 0.660291
0.618804 0.630119 0.645474 0.608028 0.618534 0.605873 0.599407 0.660291 0.671875 0.691002
0.645474 0.608028 0.618534 0.605873 0.599407 0.660291 0.671875 0.691002 0.669181 0.664062
0.618534 0.605873 0.599407 0.660291 0.671875 0.691002 0.669181 0.664062 0.645474 0.620420
0.599407 0.660291 0.671875 0.691002 0.669181 0.664062 0.645474 0.620420 0.648438 0.671875
0.671875 0.691002 0.669181 0.664062 0.645474 0.620420 0.648438 0.671875 0.692619 0.709860
0.669181 0.664062 0.645474 0.620420 0.648438 0.671875 0.692619 0.709860 0.706627 0.686961
0.645474 0.620420 0.648438 0.671875 0.692619 0.709860 0.706627 0.686961 0.704203 0.704203
0.648438 0.671875 0.692619 0.709860 0.706627 0.686961 0.704203 0.704203 0.710668 0.785560
0.692619 0.709860 0.706627 0.686961 0.704203 0.704203 0.710668 0.785560 0.791487 0.786907
0.706627 0.686961 0.704203 0.704203 0.710668 0.785560 0.791487 0.786907 0.806843 0.787985
0.704203 0.704203 0.710668 0.785560 0.791487 0.786907 0.806843 0.787985 0.853448 0.848060
0.710668 0.785560 0.791487 0.786907 0.806843 0.787985 0.853448 0.848060 0.843211 0.844558
0.791487 0.786907 0.806843 0.787985 0.853448 0.848060 0.843211 0.844558 0.832974 0.827586
0.806843 0.787985 0.853448 0.848060 0.843211 0.844558 0.832974 0.827586 0.826509 0.812500
0.853448 0.848060 0.843211 0.844558 0.832974 0.827586 0.826509 0.812500 0.823815 0.798222
0.843211 0.844558 0.832974 0.827586 0.826509 0.812500 0.823815 0.798222 0.824353 0.799300
0.832974 0.827586 0.826509 0.812500 0.823815 0.798222 0.824353 0.799300 0.734375 0.706088
0.826509 0.812500 0.823815 0.798222 0.824353 0.799300 0.734375 0.706088 0.697737 0.686153
0.823815 0.798222 0.824353 0.799300 0.734375 0.706088 0.697737 0.686153 0.713631 0.700700
0.824353 0.799300 0.734375 0.706088 0.697737 0.686153 0.713631 0.700700 0.703125 0.704741
0.734375 0.706088 0.697737 0.686153 0.713631 0.700700 0.703125 0.704741 0.676455 0.674030
0.697737 0.686153 0.713631 0.700700 0.703125 0.704741 0.676455 0.674030 0.657866 0.659213
0.713631 0.700700 0.703125 0.704741 0.676455 0.674030 0.657866 0.659213 0.657058 0.658944
0.703125 0.704741 0.676455 0.674030 0.657866 0.659213 0.657058 0.658944 0.696121 0.709321
0.676455 0.674030 0.657866 0.659213 0.657058 0.658944 0.696121 0.709321 0.701509 0.709591
0.657866 0.659213 0.657058 0.658944 0.696121 0.709321 0.701509 0.709591 0.735453 0.735722
0.657058 0.658944 0.696121 0.709321 0.701509 0.709591 0.735453 0.735722 0.733028 0.729256
0.696121 0.709321 0.701509 0.709591 0.735453 0.735722 0.733028 0.729256 0.750808 0.751616
0.701509 0.709591 0.735453 0.735722 0.733028 0.729256 0.750808 0.751616 0.785022 0.744881
0.735453 0.735722 0.733028 0.729256 0.750808 0.751616 0.785022 0.744881 0.769935 0.757543
0.733028 0.729256 0.750808 0.751616 0.785022 0.744881 0.769935 0.757543 0.761315 0.795528
0.750808 0.751616 0.785022 0.744881 0.769935 0.757543 0.761315 0.795528 0.799300 0.806843
0.785022 0.744881 0.769935 0.757543 0.761315 0.795528 0.799300 0.806843 0.784483 0.774246
0.769935 0.757543 0.761315 0.795528 0.799300 0.806843 0.784483 0.774246 0.777478 0.800377
0.761315 0.795528 0.799300 0.806843 0.784483 0.774246 0.777478 0.800377 0.811961 0.810614
0.799300 0.806843 0.784483 0.774246 0.777478 0.800377 0.811961 0.810614 0.823545 0.846983
0.784483 0.774246 0.777478 0.800377 0.811961 0.810614 0.823545 0.846983 0.841595 0.848599
0.777478 0.800377 0.811961 0.810614 0.823545 0.846983 0.841595 0.848599 0.836476 0.838093
0.811961 0.810614 0.823545 0.846983 0.841595 0.848599 0.836476 0.838093 0.826509 0.852371
0.823545 0.846983 0.841595 0.848599 0.836476 0.838093 0.826509 0.852371 0.834860 0.843750
0.841595 0.848599 0.836476 0.838093 0.826509 0.852371 0.834860 0.843750 0.843211 0.829203
0.836476 0.838093 0.826509 0.852371 0.834860 0.843750 0.843211 0.829203 0.827856 0.873653
0.826509 0.852371 0.834860 0.843750 0.843211 0.829203 0.827856 0.873653 0.944774 1.000000
0.834860 0.843750 0.843211 0.829203 0.827856 0.873653 0.944774 1.000000 0.986800 0.991649
0.843211 0.829203 0.827856 0.873653 0.944774 1.000000 0.986800 0.991649 0.996498 0.988955
0.827856 0.873653 0.944774 1.000000 0.986800 0.991649 0.996498 0.988955 0.990032 0.995151
0.944774 1.000000 0.986800 0.991649 0.996498 0.988955 0.990032 0.995151 0.900862 0.853987
0.986800 0.991649 0.996498 0.988955 0.990032 0.995151 0.900862 0.853987 0.854526 0.844019
0.996498 0.988955 0.990032 0.995151 0.900862 0.853987 0.854526 0.844019 0.841595 0.888200
0.990032 0.995151 0.900862 0.853987 0.854526 0.844019 0.841595 0.888200 0.876347 0.828394
0.900862 0.853987 0.854526 0.844019 0.841595 0.888200 0.876347 0.828394 0.765356 0.803610
0.854526 0.844019 0.841595 0.888200 0.876347 0.828394 0.765356 0.803610 0.809537 0.734106
0.841595 0.888200 0.876347 0.828394 0.765356 0.803610 0.809537 0.734106 0.727640 0.774246
0.876347 0.828394 0.765356 0.803610 0.809537 0.734106 0.727640 0.774246 0.795259 0.800647
0.765356 0.803610 0.809537 0.734106 0.727640 0.774246 0.795259 0.800647 0.816810 0.814386
0.809537 0.734106 0.727640 0.774246 0.795259 0.800647 0.816810 0.814386 0.818157 0.846713
0.727640 0.774246 0.795259 0.800647 0.816810 0.814386 0.818157 0.846713 0.852101 0.863147
0.795259 0.800647 0.816810 0.814386 0.818157 0.846713 0.852101 0.863147 0.906519 0.886584
0.816810 0.814386 0.818157 0.846713 0.852101 0.863147 0.906519 0.886584 0.886315 0.865571
0.818157 0.846713 0.852101 0.863147 0.906519 0.886584 0.886315 0.865571 0.857489 0.857759
0.852101 0.863147 0.906519 0.886584 0.886315 0.865571 0.857489 0.857759 0.867996 0.882543
0.906519 0.886584 0.886315 0.865571 0.857489 0.857759 0.867996 0.882543 0.900862 0.935345
0.886315 0.865571 0.857489 0.857759 0.867996 0.882543 0.900862 0.935345 0.946929 0.939655
0.857489 0.857759 0.867996 0.882543 0.900862 0.935345 0.946929 0.939655 0.914062 0.911099
0.867996 0.882543 0.900862 0.935345 0.946929 0.939655 0.914062 0.911099 0.917295 0.896282
0.900862 0.935345 0.946929 0.939655 0.914062 0.911099 0.917295 0.896282 0.915140 0.882004
0.946929 0.939655 0.914062 0.911099 0.917295 0.896282 0.915140 0.882004 0.834052 0.799030
0.914062 0.911099 0.917295 0.896282 0.915140 0.882004 0.834052 0.799030 0.821929 0.796067
0.917295 0.896282 0.915140 0.882004 0.834052 0.799030 0.821929 0.796067 0.794720 0.824623
0.915140 0.882004 0.834052 0.799030 0.821929 0.796067 0.794720 0.824623 0.765894 0.811422
0.834052 0.799030 0.821929 0.796067 0.794720 0.824623 0.765894 0.811422 0.826778 0.829472
0.821929 0.796067 0.794720 0.824623 0.765894 0.811422 0.826778 0.829472 0.779634 0.766972
0.794720 0.824623 0.765894 0.811422 0.826778 0.829472 0.779634 0.766972 0.703394 0.647899
0.765894 0.811422 0.826778 0.829472 0.779634 0.766972 0.703394 0.647899 0.679418 0.660560
0.826778 0.829472 0.779634 0.766972 0.703394 0.647899 0.679418 0.660560 0.674838 0.657328
0.779634 0.766972 0.703394 0.647899 0.679418 0.660560 0.674838 0.657328 0.711476 0.687769
0.703394 0.647899 0.679418 0.660560 0.674838 0.657328 0.711476 0.687769 0.685075 0.682381
0.679418 0.660560 0.674838 0.657328 0.711476 0.687769 0.685075 0.682381 0.655711 0.643858
0.674838 0.657328 0.711476 0.687769 0.685075 0.682381 0.655711 0.643858 0.566272 0.594019
0.711476 0.687769 0.685075 0.682381 0.655711 0.643858 0.566272 0.594019 0.581358 0.592942
0.685075 0.682381 0.655711 0.643858 0.566272 0.594019 0.581358 0.592942 0.562769 0.559267
0.655711 0.643858 0.566272 0.594019 0.581358 0.592942 0.562769 0.559267 0.579472 0.568157
0.566272 0.594019 0.581358 0.592942 0.562769 0.559267 0.579472 0.568157 0.583244 0.542834
0.581358 0.592942 0.562769 0.559267 0.579472 0.568157 0.583244 0.542834 0.557381 0.572468
0.562769 0.559267 0.579472 0.568157 0.583244 0.542834 0.557381 0.572468 0.568696 0.588362
0.579472 0.568157 0.583244 0.542834 0.557381 0.572468 0.568696 0.588362 0.611800 0.600216
0.583244 0.542834 0.557381 0.572468 0.568696 0.588362 0.611800 0.600216 0.593481 0.617726
0.557381 0.572468 0.568696 0.588362 0.611800 0.600216 0.593481 0.617726 0.580011 0.577856
0.568696 0.588362 0.611800 0.600216 0.593481 0.617726 0.580011 0.577856 0.598330 0.634698
0.611800 0.600216 0.593481 0.617726 0.580011 0.577856 0.598330 0.634698 0.599138 0.591325
0.593481 0.617726 0.580011 0.577856 0.598330 0.634698 0.599138 0.591325 0.597791 0.610183
0.580011 0.577856 0.598330 0.634698 0.599138 0.591325 0.597791 0.610183 0.633351 0.615032
0.598330 0.634698 0.599138 0.591325 0.597791 0.610183 0.633351 0.615032 0.615302 0.605873
0.599138 0.591325 0.597791 0.610183 0.633351 0.615032 0.615302 0.605873 0.586207 0.614494
0.597791 0.610183 0.633351 0.615032 0.615302 0.605873 0.586207 0.614494 0.594289 0.581088
0.633351 0.615032 0.615302 0.605873 0.586207 0.614494 0.594289 0.581088 0.585399 0.577047
0.615302 0.605873 0.586207 0.614494 0.594289 0.581088 0.585399 0.577047 0.568157 0.543103
0.586207 0.614494 0.594289 0.581088 0.585399 0.577047 0.568157 0.543103 0.557112 0.542565
0.594289 0.581088 0.585399 0.577047 0.568157 0.543103 0.557112 0.542565 0.538793 0.493804
0.585399 0.577047 0.568157 0.543103 0.557112 0.542565 0.538793 0.493804 0.477909 0.455550
0.568157 0.543103 0.557112 0.542565 0.538793 0.493804 0.477909 0.455550 0.453933 0.447468
0.557112 0.542565 0.538793 0.493804 0.477909 0.455550 0.453933 0.447468 0.458244 0.441810
0.538793 0.493804 0.477909 0.455550 0.453933 0.447468 0.458244 0.441810 0.448276 0.450970
0.477909 0.455550 0.453933 0.447468 0.458244 0.441810 0.448276 0.450970 0.483836 0.478718
0.453933 0.447468 0.458244 0.441810 0.448276 0.450970 0.483836 0.478718 0.393588 0.403556
0.458244 0.441810 0.448276 0.450970 0.483836 0.478718 0.393588 0.403556 0.424838 0.429149
0.448276 0.450970 0.483836 0.478718 0.393588 0.403556 0.424838 0.429149 0.431843 0.458513
0.483836 0.478718 0.393588 0.403556 0.424838 0.429149 0.431843 0.458513 0.452047 0.445313
0.393588 0.403556 0.424838 0.429149 0.431843 0.458513 0.452047 0.445313 0.449623 0.433728
0.424838 0.429149 0.431843 0.458513 0.452047 0.445313 0.449623 0.433728 0.453664 0.502963
0.431843 0.458513 0.452047 0.445313 0.449623 0.433728 0.453664 0.502963 0.494073 0.474677
0.452047 0.445313 0.449623 0.433728 0.453664 0.502963 0.494073 0.474677 0.490032 0.452317
0.449623 0.433728 0.453664 0.502963 0.494073 0.474677 0.490032 0.452317 0.446659 0.459860
0.453664 0.502963 0.494073 0.474677 0.490032 0.452317 0.446659 0.459860 0.459591 0.455550
0.494073 0.474677 0.490032 0.452317 0.446659 0.459860 0.459591 0.455550 0.458782 0.446390
0.490032 0.452317 0.446659 0.459860 0.459591 0.455550 0.458782 0.446390 0.428610 0.415948
0.446659 0.459860 0.459591 0.455550 0.458782 0.446390 0.428610 0.415948 0.424030 0.433459
0.459591 0.455550 0.458782 0.446390 0.428610 0.415948 0.424030 0.433459 0.452856 0.442888
0.458782 0.446390 0.428610 0.415948 0.424030 0.433459 0.452856 0.442888 0.502155 0.511315
0.428610 0.415948 0.424030 0.433459 0.452856 0.442888 0.502155 0.511315 0.480603 0.470905
0.424030 0.433459 0.452856 0.442888 0.502155 0.511315 0.480603 0.470905 0.470636 0.489494
0.452856 0.442888 0.502155 0.511315 0.480603 0.470905 0.470636 0.489494 0.521013 0.515894
0.502155 0.511315 0.480603 0.470905 0.470636 0.489494 0.521013 0.515894 0.513200 0.515356
0.480603 0.470905 0.470636 0.489494 0.521013 0.515894 0.513200 0.515356 0.523168 0.493534
0.470636 0.489494 0.521013 0.515894 0.513200 0.515356 0.523168 0.493534 0.461476 0.460129
0.521013 0.515894 0.513200 0.515356 0.523168 0.493534 0.461476 0.460129 0.487069 0.507274
0.513200 0.515356 0.523168 0.493534 0.461476 0.460129 0.487069 0.507274 0.482489 0.488416
0.523168 0.493534 0.461476 0.460129 0.487069 0.507274 0.482489 0.488416 0.495420 0.511045
0.461476 0.460129 0.487069 0.507274 0.482489 0.488416 0.495420 0.511045 0.523707 0.545528
0.487069 0.507274 0.482489 0.488416 0.495420 0.511045 0.523707 0.545528 0.553341 0.599407
0.482489 0.488416 0.495420 0.511045 0.523707 0.545528 0.553341 0.599407 0.555765 0.524246
0.495420 0.511045 0.523707 0.545528 0.553341 0.599407 0.555765 0.524246 0.530442 0.542834
0.523707 0.545528 0.553341 0.599407 0.555765 0.524246 0.530442 0.542834 0.538254 0.491918
0.553341 0.599407 0.555765 0.524246 0.530442 0.542834 0.538254 0.491918 0.462015 0.470097
0.555765 0.524246 0.530442 0.542834 0.538254 0.491918 0.462015 0.470097 0.446390 0.406519
0.530442 0.542834 0.538254 0.491918 0.462015 0.470097 0.446390 0.406519 0.391972 0.328664
0.538254 0.491918 0.462015 0.470097 0.446390 0.406519 0.391972 0.328664 0.276401 0.267241
0.462015 0.470097 0.446390 0.406519 0.391972 0.328664 0.276401 0.267241 0.257543 0.280981
0.446390 0.406519 0.391972 0.328664 0.276401 0.267241 0.257543 0.280981 0.321390 0.329203
0.391972 0.328664 0.276401 0.267241 0.257543 0.280981 0.321390 0.329203 0.288524 0.287985
0.276401 0.267241 0.257543 0.280981 0.321390 0.329203 0.288524 0.287985 0.291218 0.297144
0.257543 0.280981 0.321390 0.329203 0.288524 0.287985 0.291218 0.297144 0.242187 0.296875
0.321390 0.329203 0.288524 0.287985 0.291218 0.297144 0.242187 0.296875 0.299300 0.303071
0.288524 0.287985 0.291218 0.297144 0.242187 0.296875 0.299300 0.303071 0.358567 0.369881
0.291218 0.297144 0.242187 0.296875 0.299300 0.303071 0.358567 0.369881 0.404634 0.403556
0.242187 0.296875 0.299300 0.303071 0.358567 0.369881 0.404634 0.403556 0.387123 0.372306
0.299300 0.303071 0.358567 0.369881 0.404634 0.403556 0.387123 0.372306 0.420797 0.417834
0.358567 0.369881 0.404634 0.403556 0.387123 0.372306 0.420797 0.417834 0.400593 0.417834
0.404634 0.403556 0.387123 0.372306 0.420797 0.417834 0.400593 0.417834 0.442619 0.451509
0.387123 0.372306 0.420797 0.417834 0.400593 0.417834 0.442619 0.451509 0.443696 0.414871
0.420797 0.417834 0.400593 0.417834 0.442619 0.451509 0.443696 0.414871 0.389817 0.383621
0.400593 0.417834 0.442619 0.451509 0.443696 0.414871 0.389817 0.383621 0.403017 0.447198
0.442619 0.451509 0.443696 0.414871 0.389817 0.383621 0.403017 0.447198 0.451239 0.456358
0.443696 0.414871 0.389817 0.383621 0.403017 0.447198 0.451239 0.456358 0.473869 0.459860
0.389817 0.383621 0.403017 0.447198 0.451239 0.456358 0.473869 0.459860 0.506735 0.492996
0.403017 0.447198 0.451239 0.456358 0.473869 0.459860 0.506735 0.492996 0.413254 0.419989
0.451239 0.456358 0.473869 0.459860 0.506735 0.492996 0.413254 0.419989 0.329203 0.336476
0.473869 0.459860 0.506735 0.492996 0.413254 0.419989 0.329203 0.336476 0.343481 0.350216
0.506735 0.492996 0.413254 0.419989 0.329203 0.336476 0.343481 0.350216 0.299300 0.297953
0.413254 0.419989 0.329203 0.336476 0.343481 0.350216 0.299300 0.297953 0.287985 0.328394
0.329203 0.336476 0.343481 0.350216 0.299300 0.297953 0.287985 0.328394 0.298222 0.283944
0.343481 0.350216 0.299300 0.297953 0.287985 0.328394 0.298222 0.283944 0.254041 0.225485
0.299300 0.297953 0.287985 0.328394 0.298222 0.283944 0.254041 0.225485 0.294720 0.287985
0.287985 0.328394 0.298222 0.283944 0.254041 0.225485 0.294720 0.287985 0.282328 0.289871
0.298222 0.283944 0.254041 0.225485 0.294720 0.287985 0.282328 0.289871 0.017511 0.016972
0.254041 0.225485 0.294720 0.287985 0.282328 0.289871 0.017511 0.016972 0.017780 0.025862
0.294720 0.287985 0.282328 0.289871 0.017511 0.016972 0.017780 0.025862 0.025404 0.019935
0.282328 0.289871 0.017511 0.016972 0.017780 0.025862 0.025404 0.019935 0.023437 0.022629
0.017511 0.016972 0.017780 0.025862 0.025404 0.019935 0.023437 0.022629 0.028556 0.038524
0.017780 0.025862 0.025404 0.019935 0.023437 0.022629 0.028556 0.038524 0.038524 0.037446
0.025404 0.019935 0.023437 0.022629 0.028556 0.038524 0.038524 0.037446 0.039871 0.040140
0.023437 0.022629 0.028556 0.038524 0.038524 0.037446 0.039871 0.040140 0.032597 0.022899
0.028556 0.038524 0.038524 0.037446 0.039871 0.040140 0.032597 0.022899 0.017511 0.010776
0.038524 0.037446 0.039871 0.040140 0.032597 0.022899 0.017511 0.010776 0.008082 0.016864
0.039871 0.040140 0.032597 0.022899 0.017511 0.010776 0.008082 0.016864 0.015086 0.005388
0.032597 0.022899 0.017511 0.010776 0.008082 0.016864 0.015086 0.005388 0.012123 0.016972
0.017511 0.010776 0.008082 0.016864 0.015086 0.005388 0.012123 0.016972 0.030711 0.035560
0.008082 0.016864 0.015086 0.005388 0.012123 0.016972 0.030711 0.035560 0.039871 0.036638
0.015086 0.005388 0.012123 0.016972 0.030711 0.035560 0.039871 0.036638 0.040409 0.024784
0.012123 0.016972 0.030711 0.035560 0.039871 0.036638 0.040409 0.024784 0.032597 0.028556
0.030711 0.035560 0.039871 0.036638 0.040409 0.024784 0.032597 0.028556 0.025054 0.025593
0.039871 0.036638 0.040409 0.024784 0.032597 0.028556 0.025054 0.025593 0.021013 0.020744
0.040409 0.024784 0.032597 0.028556 0.025054 0.025593 0.021013 0.020744 0.013200 0.015625
0.032597 0.028556 0.025054 0.025593 0.021013 0.020744 0.013200 0.015625 0.015356 0.012123
0.025054 0.025593 0.021013 0.020744 0.013200 0.015625 0.015356 0.012123 0.005927 0.012662
0.021013 0.020744 0.013200 0.015625 0.015356 0.012123 0.005927 0.012662 0.014009 0.012662
0.013200 0.015625 0.015356 0.012123 0.005927 0.012662 0.014009 0.012662 0.010237 0.009159
0.015356 0.012123 0.005927 0.012662 0.014009 0.012662 0.010237 0.009159 0.007004 0.012662
0.005927 0.012662 0.014009 0.012662 0.010237 0.009159 0.007004 0.012662 0.004580 0.000000
0.014009 0.012662 0.010237 0.009159 0.007004 0.012662 0.004580 0.000000 0.004310 0.007543
0.010237 0.009159 0.007004 0.012662 0.004580 0.000000 0.004310 0.007543 0.007543 0.012931
0.007004 0.012662 0.004580 0.000000 0.004310 0.007543 0.007543 0.012931 0.007812 0.005927
0.004580 0.000000 0.004310 0.007543 0.007543 0.012931 0.007812 0.005927 0.026670 0.026131
0.004310 0.007543 0.007543 0.012931 0.007812 0.005927 0.026670 0.026131 0.018050 0.026401
0.007543 0.012931 0.007812 0.005927 0.026670 0.026131 0.018050 0.026401 0.028691 0.047144
0.007812 0.005927 0.026670 0.026131 0.018050 0.026401 0.028691 0.047144 0.044181 0.046875
0.026670 0.026131 0.018050 0.026401 0.028691 0.047144 0.044181 0.046875 0.036692 0.040409
0.018050 0.026401 0.028691 0.047144 0.044181 0.046875 0.036692 0.040409 0.042834 0.047683
0.028691 0.047144 0.044181 0.046875 0.036692 0.040409 0.042834 0.047683 0.035022 0.029903
0.044181 0.046875 0.036692 0.040409 0.042834 0.047683 0.035022 0.029903 0.040409 0.041487
0.036692 0.040409 0.042834 0.047683 0.035022 0.029903 0.040409 0.041487 0.045259 0.050108
0.042834 0.047683 0.035022 0.029903 0.040409 0.041487 0.045259 0.050108 0.055226 0.058459
0.035022 0.029903 0.040409 0.041487 0.045259 0.050108 0.055226 0.058459 0.057920 0.053341
0.040409 0.041487 0.045259 0.050108 0.055226 0.058459 0.057920 0.053341 0.044450 0.044989
0.045259 0.050108 0.055226 0.058459 0.057920 0.053341 0.044450 0.044989 0.048761 0.047414
0.055226 0.058459 0.057920 0.053341 0.044450 0.044989 0.048761 0.047414 0.044720 0.042834
0.057920 0.053341 0.044450 0.044989 0.048761 0.047414 0.044720 0.042834 0.043238 0.036907
0.044450 0.044989 0.048761 0.047414 0.044720 0.042834 0.043238 0.036907 0.040948 0.044935
0.048761 0.047414 0.044720 0.042834 0.043238 0.036907 0.040948 0.044935 0.044989 0.049569
0.044720 0.042834 0.043238 0.036907 0.040948 0.044935 0.044989 0.049569 0.040679 0.039332
0.043238 0.036907 0.040948 0.044935 0.044989 0.049569 0.040679 0.039332 0.076239 0.081358
0.040948 0.044935 0.044989 0.049569 0.040679 0.039332 0.076239 0.081358 0.080819 0.074623
0.044989 0.049569 0.040679 0.039332 0.076239 0.081358 0.080819 0.074623 0.084321 0.081627
0.040679 0.039332 0.076239 0.081358 0.080819 0.074623 0.084321 0.081627 0.085399 0.090517
0.076239 0.081358 0.080819 0.074623 0.084321 0.081627 0.085399 0.090517 0.093481 0.089709
0.080819 0.074623 0.084321 0.081627 0.085399 0.090517 0.093481 0.089709 0.088093 0.092403
0.084321 0.081627 0.085399 0.090517 0.093481 0.089709 0.088093 0.092403 0.089574 0.084860
0.085399 0.090517 0.093481 0.089709 0.088093 0.092403 0.089574 0.084860 0.090248 0.093750
0.093481 0.089709 0.088093 0.092403 0.089574 0.084860 0.090248 0.093750 0.092942 0.098330
0.088093 0.092403 0.089574 0.084860 0.090248 0.093750 0.092942 0.098330 0.099407 0.089170
0.089574 0.084860 0.090248 0.093750 0.092942 0.098330 0.099407 0.089170 0.090248 0.085668
0.090248 0.093750 0.092942 0.098330 0.099407 0.089170 0.090248 0.085668 0.084860 0.088362
0.092942 0.098330 0.099407 0.089170 0.090248 0.085668 0.084860 0.088362 0.090517 0.093750
0.099407 0.089170 0.090248 0.085668 0.084860 0.088362 0.090517 0.093750 0.090248 0.085668
0.090248 0.085668 0.084860 0.088362 0.090517 0.093750 0.090248 0.085668 0.090787 0.088901
0.084860 0.088362 0.090517 0.093750 0.090248 0.085668 0.090787 0.088901 0.090248 0.094289
0.090517 0.093750 0.090248 0.085668 0.090787 0.088901 0.090248 0.094289 0.100485 0.099138
0.090248 0.085668 0.090787 0.088901 0.090248 0.094289 0.100485 0.099138 0.103448 0.104526
0.090787 0.088901 0.090248 0.094289 0.100485 0.099138 0.103448 0.104526 0.100216 0.110183
0.090248 0.094289 0.100485 0.099138 0.103448 0.104526 0.100216 0.110183 0.110183 0.112338
0.100485 0.099138 0.103448 0.104526 0.100216 0.110183 0.110183 0.112338 0.110183 0.116379
0.103448 0.104526 0.100216 0.110183 0.110183 0.112338 0.110183 0.116379 0.124731 0.115302
0.100216 0.110183 0.110183 0.112338 0.110183 0.116379 0.124731 0.115302 0.122845 0.121228
0.110183 0.112338 0.110183 0.116379 0.124731 0.115302 0.122845 0.121228 0.123922 0.116649
0.110183 0.116379 0.124731 0.115302 0.122845 0.121228 0.123922 0.116649 0.120690 0.124461
0.124731 0.115302 0.122845 0.121228 0.123922 0.116649 0.120690 0.124461 0.123114 0.117457
0.122845 0.121228 0.123922 0.116649 0.120690 0.124461 0.123114 0.117457 0.115302 0.104526
0.123922 0.116649 0.120690 0.124461 0.123114 0.117457 0.115302 0.104526 0.098330 0.102775
0.120690 0.124461 0.123114 0.117457 0.115302 0.104526 0.098330 0.102775 0.097522 0.096444
0.123114 0.117457 0.115302 0.104526 0.098330 0.102775 0.097522 0.096444 0.094558 0.099138
0.115302 0.104526 0.098330 0.102775 0.097522 0.096444 0.094558 0.099138 0.104526 0.102371
0.098330 0.102775 0.097522 0.096444 0.094558 0.099138 0.104526 0.102371 0.103718 0.085937
0.097522 0.096444 0.094558 0.099138 0.104526 0.102371 0.103718 0.085937 0.082974 0.088362
0.094558 0.099138 0.104526 0.102371 0.103718 0.085937 0.082974 0.088362 0.088631 0.090517
0.104526 0.102371 0.103718 0.085937 0.082974 0.088362 0.088631 0.090517 0.095366 0.088901
0.103718 0.085937 0.082974 0.088362 0.088631 0.090517 0.095366 0.088901 0.090248 0.093211
0.082974 0.088362 0.088631 0.090517 0.095366 0.088901 0.090248 0.093211 0.092942 0.094289
0.088631 0.090517 0.095366 0.088901 0.090248 0.093211 0.092942 0.094289 0.098060 0.095097
0.095366 0.088901 0.090248 0.093211 0.092942 0.094289 0.098060 0.095097 0.099407 0.095905
0.090248 0.093211 0.092942 0.094289 0.098060 0.095097 0.099407 0.095905 0.098330 0.096983
0.092942 0.094289 0.098060 0.095097 0.099407 0.095905 0.098330 0.096983 0.094558 0.096444
0.098060 0.095097 0.099407 0.095905 0.098330 0.096983 0.094558 0.096444 0.103179 0.102640
0.099407 0.095905 0.098330 0.096983 0.094558 0.096444 0.103179 0.102640 0.099946 0.104256
0.098330 0.096983 0.094558 0.096444 0.103179 0.102640 0.099946 0.104256 0.103852 0.104256
0.094558 0.096444 0.103179 0.102640 0.099946 0.104256 0.103852 0.104256 0.103718 0.097522
0.103179 0.102640 0.099946 0.104256 0.103852 0.104256 0.103718 0.097522 0.090248 0.097791
0.099946 0.104256 0.103852 0.104256 0.103718 0.097522 0.090248 0.097791 0.085937 0.098330
0.103852 0.104256 0.103718 0.097522 0.090248 0.097791 0.085937 0.098330 0.101562 0.102909
0.103718 0.097522 0.090248 0.097791 0.085937 0.098330 0.101562 0.102909 0.099138 0.099946
0.090248 0.097791 0.085937 0.098330 0.101562 0.102909 0.099138 0.099946 0.106681 0.098599
0.085937 0.098330 0.101562 0.102909 0.099138 0.099946 0.106681 0.098599 0.088497 0.089170
0.101562 0.102909 0.099138 0.099946 0.106681 0.098599 0.088497 0.089170 0.076509 0.053610
0.099138 0.099946 0.106681 0.098599 0.088497 0.089170 0.076509 0.053610 0.042565 0.045932
0.106681 0.098599 0.088497 0.089170 0.076509 0.053610 0.042565 0.045932 0.043373 0.039601
0.088497 0.089170 0.076509 0.053610 0.042565 0.045932 0.043373 0.039601 0.051185 0.042565
0.076509 0.053610 0.042565 0.045932 0.043373 0.039601 0.051185 0.042565 0.058190 0.051455
0.042565 0.045932 0.043373 0.039601 0.051185 0.042565 0.058190 0.051455 0.059671 0.065463
0.043373 0.039601 0.051185 0.042565 0.058190 0.051455 0.059671 0.065463 0.064925 0.073141
0.051185 0.042565 0.058190 0.051455 0.059671 0.065463 0.064925 0.073141 0.074084 0.073545
0.058190 0.051455 0.059671 0.065463 0.064925 0.073141 0.074084 0.073545 0.084052 0.087015
0.059671 0.065463 0.064925 0.073141 0.074084 0.073545 0.084052 0.087015 0.095097 0.102371
0.064925 0.073141 0.074084 0.073545 0.084052 0.087015 0.095097 0.102371 0.105334 0.107220
0.074084 0.073545 0.084052 0.087015 0.095097 0.102371 0.105334 0.107220 0.102371 0.102371
0.084052 0.087015 0.095097 0.102371 0.105334 0.107220 0.102371 0.102371 0.101293 0.116649
0.095097 0.102371 0.105334 0.107220 0.102371 0.102371 0.101293 0.116649 0.133890 0.137796
0.105334 0.107220 0.102371 0.102371 0.101293 0.116649 0.133890 0.137796 0.141298 0.141164
0.102371 0.102371 0.101293 0.116649 0.133890 0.137796 0.141298 0.141164 0.147091 0.148976
0.101293 0.116649 0.133890 0.137796 0.141298 0.141164 0.147091 0.148976 0.153017 0.159752
0.133890 0.137796 0.141298 0.141164 0.147091 0.148976 0.153017 0.159752 0.163658 0.169450
0.141298 0.141164 0.147091 0.148976 0.153017 0.159752 0.163658 0.169450 0.168103 0.174300
0.147091 0.148976 0.153017 0.159752 0.163658 0.169450 0.168103 0.174300 0.177802 0.172953
0.153017 0.159752 0.163658 0.169450 0.168103 0.174300 0.177802 0.172953 0.165679 0.158405
0.163658 0.169450 0.168103 0.174300 0.177802 0.172953 0.165679 0.158405 0.163524 0.148707
0.168103 0.174300 0.177802 0.172953 0.165679 0.158405 0.163524 0.148707 0.151940 0.148303
0.177802 0.172953 0.165679 0.158405 0.163524 0.148707 0.151940 0.148303 0.143588 0.141029
0.165679 0.158405 0.163524 0.148707 0.151940 0.148303 0.143588 0.141029 0.147091 0.169720
0.163524 0.148707 0.151940 0.148303 0.143588 0.141029 0.147091 0.169720 0.172953 0.185075
0.151940 0.148303 0.143588 0.141029 0.147091 0.169720 0.172953 0.185075 0.185884 0.187231
0.143588 0.141029 0.147091 0.169720 0.172953 0.185075 0.185884 0.187231 0.188578 0.191541
0.147091 0.169720 0.172953 0.185075 0.185884 0.187231 0.188578 0.191541 0.188847 0.174165
0.172953 0.185075 0.185884 0.187231 0.188578 0.191541 0.188847 0.174165 0.168642 0.153825
0.185884 0.187231 0.188578 0.191541 0.188847 0.174165 0.168642 0.153825 0.153556 0.160291
0.188578 0.191541 0.188847 0.174165 0.168642 0.153825 0.153556 0.160291 0.165948 0.173491
0.188847 0.174165 0.168642 0.153825 0.153556 0.160291 0.165948 0.173491 0.180496 0.181708
0.168642 0.153825 0.153556 0.160291 0.165948 0.173491 0.180496 0.181708 0.176994 0.163254
0.153556 0.160291 0.165948 0.173491 0.180496 0.181708 0.176994 0.163254 0.170528 0.181034
0.165948 0.173491 0.180496 0.181708 0.176994 0.163254 0.170528 0.181034 0.174838 0.192619
0.180496 0.181708 0.176994 0.163254 0.170528 0.181034 0.174838 0.192619 0.184806 0.178341
0.176994 0.163254 0.170528 0.181034 0.174838 0.192619 0.184806 0.178341 0.149515 0.146956
0.170528 0.181034 0.174838 0.192619 0.184806 0.178341 0.149515 0.146956 0.158136 0.135102
0.174838 0.192619 0.184806 0.178341 0.149515 0.146956 0.158136 0.135102 0.147629 0.155442
0.184806 0.178341 0.149515 0.146956 0.158136 0.135102 0.147629 0.155442 0.143858 0.159213
0.149515 0.146956 0.158136 0.135102 0.147629 0.155442 0.143858 0.159213 0.158675 0.155442
0.158136 0.135102 0.147629 0.155442 0.143858 0.159213 0.158675 0.155442 0.165409 0.150323
0.147629 0.155442 0.143858 0.159213 0.158675 0.155442 0.165409 0.150323 0.218481 0.217672
0.143858 0.159213 0.158675 0.155442 0.165409 0.150323 0.218481 0.217672 0.214440 0.219289
0.158675 0.155442 0.165409 0.150323 0.218481 0.217672 0.214440 0.219289 0.214440 0.222522
0.165409 0.150323 0.218481 0.217672 0.214440 0.219289 0.214440 0.222522 0.223060 0.223060
0.218481 0.217672 0.214440 0.219289 0.214440 0.222522 0.223060 0.223060 0.219289 0.230603
0.214440 0.219289 0.214440 0.222522 0.223060 0.223060 0.219289 0.230603 0.219828 0.238147
0.214440 0.222522 0.223060 0.223060 0.219289 0.230603 0.219828 0.238147 0.220636 0.214978
0.223060 0.223060 0.219289 0.230603 0.219828 0.238147 0.220636 0.214978 0.214170 0.204068
0.219289 0.230603 0.219828 0.238147 0.220636 0.214978 0.214170 0.204068 0.215787 0.196929
0.219828 0.238147 0.220636 0.214978 0.214170 0.204068 0.215787 0.196929 0.186153 0.185614
0.220636 0.214978 0.214170 0.204068 0.215787 0.196929 0.186153 0.185614 0.177532 0.187231
0.214170 0.204068 0.215787 0.196929 0.186153 0.185614 0.177532 0.187231 0.183190 0.183190
0.215787 0.196929 0.186153 0.185614 0.177532 0.187231 0.183190 0.183190 0.186153 0.191002
0.186153 0.185614 0.177532 0.187231 0.183190 0.183190 0.186153 0.191002 0.190059 0.179149
0.177532 0.187231 0.183190 0.183190 0.186153 0.191002 0.190059 0.179149 0.164601 0.154634
0.183190 0.183190 0.186153 0.191002 0.190059 0.179149 0.164601 0.154634 0.155711 0.169720
0.186153 0.191002 0.190059 0.179149 0.164601 0.154634 0.155711 0.169720 0.166352 0.158944
0.190059 0.179149 0.164601 0.154634 0.155711 0.169720 0.166352 0.158944 0.155711 0.158136
0.164601 0.154634 0.155711 0.169720 0.166352 0.158944 0.155711 0.158136 0.162716 0.167026
0.155711 0.169720 0.166352 0.158944 0.155711 0.158136 0.162716 0.167026 0.169046 0.180226
0.166352 0.158944 0.155711 0.158136 0.162716 0.167026 0.169046 0.180226 0.178610 0.174030
0.155711 0.158136 0.162716 0.167026 0.169046 0.180226 0.178610 0.174030 0.185884 0.195312
0.162716 0.167026 0.169046 0.180226 0.178610 0.174030 0.185884 0.195312 0.176859 0.192080
0.169046 0.180226 0.178610 0.174030 0.185884 0.195312 0.176859 0.192080 0.197737 0.195851
0.178610 0.174030 0.185884 0.195312 0.176859 0.192080 0.197737 0.195851 0.197333 0.201239
0.185884 0.195312 0.176859 0.192080 0.197737 0.195851 0.197333 0.201239 0.203125 0.214709
0.176859 0.192080 0.197737 0.195851 0.197333 0.201239 0.203125 0.214709 0.207435 0.201509
0.197737 0.195851 0.197333 0.201239 0.203125 0.214709 0.207435 0.201509 0.209591 0.210668
0.197333 0.201239 0.203125 0.214709 0.207435 0.201509 0.209591 0.210668 0.203125 0.205280
0.203125 0.214709 0.207435 0.201509 0.209591 0.210668 0.203125 0.205280 0.200835 0.212284
0.207435 0.201509 0.209591 0.210668 0.203125 0.205280 0.200835 0.212284 0.211746 0.212284
0.209591 0.210668 0.203125 0.205280 0.200835 0.212284 0.211746 0.212284 0.215517 0.207435
0.203125 0.205280 0.200835 0.212284 0.211746 0.212284 0.215517 0.207435 0.220905 0.226563
0.200835 0.212284 0.211746 0.212284 0.215517 0.207435 0.220905 0.226563 0.225889 0.222791
0.211746 0.212284 0.215517 0.207435 0.220905 0.226563 0.225889 0.222791 0.217672 0.213093
0.215517 0.207435 0.220905 0.226563 0.225889 0.222791 0.217672 0.213093 0.204741 0.214440
0.220905 0.226563 0.225889 0.222791 0.217672 0.213093 0.204741 0.214440 0.215517 0.214440
0.225889 0.222791 0.217672 0.213093 0.204741 0.214440 0.215517 0.214440 0.210937 0.208244
0.217672 0.213093 0.204741 0.214440 0.215517 0.214440 0.210937 0.208244 0.208513 0.195582
0.204741 0.214440 0.215517 0.214440 0.210937 0.208244 0.208513 0.195582 0.194774 0.186557
0.215517 0.214440 0.210937 0.208244 0.208513 0.195582 0.194774 0.186557 0.185614 0.196929
0.210937 0.208244 0.208513 0.195582 0.194774 0.186557 0.185614 0.196929 0.202317 0.193696
0.208513 0.195582 0.194774 0.186557 0.185614 0.196929 0.202317 0.193696 0.192080 0.198276
0.194774 0.186557 0.185614 0.196929 0.202317 0.193696 0.192080 0.198276 0.204203 0.211746
0.185614 0.196929 0.202317 0.193696 0.192080 0.198276 0.204203 0.211746 0.206897 0.204472
0.202317 0.193696 0.192080 0.198276 0.204203 0.211746 0.206897 0.204472 0.200296 0.192888
0.192080 0.198276 0.204203 0.211746 0.206897 0.204472 0.200296 0.192888 0.189925 0.186692
0.204203 0.211746 0.206897 0.204472 0.200296 0.192888 0.189925 0.186692 0.166756 0.164601
0.206897 0.204472 0.200296 0.192888 0.189925 0.186692 0.166756 0.164601 0.161638 0.161099
0.200296 0.192888 0.189925 0.186692 0.166756 0.164601 0.161638 0.161099 0.158136 0.161907
0.189925 0.186692 0.166756 0.164601 0.161638 0.161099 0.158136 0.161907 0.151940 0.149784
0.166756 0.164601 0.161638 0.161099 0.158136 0.161907 0.151940 0.149784 0.159752 0.173491
0.161638 0.161099 0.158136 0.161907 0.151940 0.149784 0.159752 0.173491 0.179957 0.182112
0.158136 0.161907 0.151940 0.149784 0.159752 0.173491 0.179957 0.182112 0.187769 0.183998
0.151940 0.149784 0.159752 0.173491 0.179957 0.182112 0.187769 0.183998 0.179957 0.174838
0.159752 0.173491 0.179957 0.182112 0.187769 0.183998 0.179957 0.174838 0.166487 0.179418
0.179957 0.182112 0.187769 0.183998 0.179957 0.174838 0.166487 0.179418 0.189925 0.184806
0.187769 0.183998 0.179957 0.174838 0.166487 0.179418 0.189925 0.184806 0.184806 0.189925
0.179957 0.174838 0.166487 0.179418 0.189925 0.184806 0.184806 0.189925 0.187231 0.190463
0.166487 0.179418 0.189925 0.184806 0.184806 0.189925 0.187231 0.190463 0.188847 0.179957
0.189925 0.184806 0.184806 0.189925 0.187231 0.190463 0.188847 0.179957 0.186422 0.184806
0.184806 0.189925 0.187231 0.190463 0.188847 0.179957 0.186422 0.184806 0.183190 0.195043
0.187231 0.190463 0.188847 0.179957 0.186422 0.184806 0.183190 0.195043 0.179687 0.176455
0.188847 0.179957 0.186422 0.184806 0.183190 0.195043 0.179687 0.176455 0.198006 0.206897
0.186422 0.184806 0.183190 0.195043 0.179687 0.176455 0.198006 0.206897 0.201374 0.185884
0.183190 0.195043 0.179687 0.176455 0.198006 0.206897 0.201374 0.185884 0.173761 0.153287
0.179687 0.176455 0.198006 0.206897 0.201374 0.185884 0.173761 0.153287 0.137931 0.103448
0.198006 0.206897 0.201374 0.185884 0.173761 0.153287 0.137931 0.103448 0.088093 0.116649
0.201374 0.185884 0.173761 0.153287 0.137931 0.103448 0.088093 0.116649 0.129849 0.125269
0.173761 0.153287 0.137931 0.103448 0.088093 0.116649 0.129849 0.125269 0.122037 0.101562
0.137931 0.103448 0.088093 0.116649 0.129849 0.125269 0.122037 0.101562 0.115841 0.122575
0.088093 0.116649 0.129849 0.125269 0.122037 0.101562 0.115841 0.122575 0.112338 0.133351
0.129849 0.125269 0.122037 0.101562 0.115841 0.122575 0.112338 0.133351 0.123653 0.132274
0.122037 0.101562 0.115841 0.122575 0.112338 0.133351 0.123653 0.132274 0.125808 0.117187
0.115841 0.122575 0.112338 0.133351 0.123653 0.132274 0.125808 0.117187 0.124731 0.127155
0.112338 0.133351 0.123653 0.132274 0.125808 0.117187 0.124731 0.127155 0.122037 0.112877
0.123653 0.132274 0.125808 0.117187 0.124731 0.127155 0.122037 0.112877 0.112877 0.102101
0.125808 0.117187 0.124731 0.127155 0.122037 0.112877 0.112877 0.102101 0.105873 0.109375
0.124731 0.127155 0.122037 0.112877 0.112877 0.102101 0.105873 0.109375 0.125943 0.116110
0.122037 0.112877 0.112877 0.102101 0.105873 0.109375 0.125943 0.116110 0.115571 0.132004
0.112877 0.102101 0.105873 0.109375 0.125943 0.116110 0.115571 0.132004 0.117996 0.118804
0.105873 0.109375 0.125943 0.116110 0.115571 0.132004 0.117996 0.118804 0.148168 0.158405
0.125943 0.116110 0.115571 0.132004 0.117996 0.118804 0.148168 0.158405 0.166756 0.176724
0.115571 0.132004 0.117996 0.118804 0.148168 0.158405 0.166756 0.176724 0.176724 0.178071
0.117996 0.118804 0.148168 0.158405 0.166756 0.176724 0.176724 0.178071 0.175108 0.174300
0.148168 0.158405 0.166756 0.176724 0.176724 0.178071 0.175108 0.174300 0.183190 0.185884
0.166756 0.176724 0.176724 0.178071 0.175108 0.174300 0.183190 0.185884 0.185884 0.192619
0.176724 0.178071 0.175108 0.174300 0.183190 0.185884 0.185884 0.192619 0.186692 0.206358
0.175108 0.174300 0.183190 0.185884 0.185884 0.192619 0.186692 0.206358 0.215517 0.204741
0.183190 0.185884 0.185884 0.192619 0.186692 0.206358 0.215517 0.204741 0.207435 0.215787
0.185884 0.192619 0.186692 0.206358 0.215517 0.204741 0.207435 0.215787 0.209860 0.202047
0.186692 0.206358 0.215517 0.204741 0.207435 0.215787 0.209860 0.202047 0.199892 0.195582
0.215517 0.204741 0.207435 0.215787 0.209860 0.202047 0.199892 0.195582 0.191810 0.190733
0.207435 0.215787 0.209860 0.202047 0.199892 0.195582 0.191810 0.190733 0.191272 0.183998
0.209860 0.202047 0.199892 0.195582 0.191810 0.190733 0.191272 0.183998 0.178610 0.174300
0.199892 0.195582 0.191810 0.190733 0.191272 0.183998 0.178610 0.174300 0.174569 0.130927
0.191810 0.190733 0.191272 0.183998 0.178610 0.174300 0.174569 0.130927 0.146552 0.147091
0.191272 0.183998 0.178610 0.174300 0.174569 0.130927 0.146552 0.147091 0.155442 0.162177
0.178610 0.174300 0.174569 0.130927 0.146552 0.147091 0.155442 0.162177 0.167565 0.163793
0.174569 0.130927 0.146552 0.147091 0.155442 0.162177 0.167565 0.163793 0.159483 0.158675
0.146552 0.147091 0.155442 0.162177 0.167565 0.163793 0.159483 0.158675 0.160830 0.158944
0.155442 0.162177 0.167565 0.163793 0.159483 0.158675 0.160830 0.158944 0.167565 0.164062
0.167565 0.163793 0.159483 0.158675 0.160830 0.158944 0.167565 0.164062 0.150862 0.165140
0.159483 0.158675 0.160830 0.158944 0.167565 0.164062 0.150862 0.165140 0.165409 0.156250
0.160830 0.158944 0.167565 0.164062 0.150862 0.165140 0.165409 0.156250 0.144935 0.146013
0.167565 0.164062 0.150862 0.165140 0.165409 0.156250 0.144935 0.146013 0.129580 0.138470
0.150862 0.165140 0.165409 0.156250 0.144935 0.146013 0.129580 0.138470 0.148168 0.158540
0.165409 0.156250 0.144935 0.146013 0.129580 0.138470 0.148168 0.158540 0.144666 0.132543
0.144935 0.146013 0.129580 0.138470 0.148168 0.158540 0.144666 0.132543 0.142376 0.149246
0.129580 0.138470 0.148168 0.158540 0.144666 0.132543 0.142376 0.149246 0.162985 0.162446
0.148168 0.158540 0.144666 0.132543 0.142376 0.149246 0.162985 0.162446 0.160560 0.172953
0.144666 0.132543 0.142376 0.149246 0.162985 0.162446 0.160560 0.172953 0.166487 0.156385
0.142376 0.149246 0.162985 0.162446 0.160560 0.172953 0.166487 0.156385 0.136315 0.133082
0.162985 0.162446 0.160560 0.172953 0.166487 0.156385 0.136315 0.133082 0.125539 0.109375
0.160560 0.172953 0.166487 0.156385 0.136315 0.133082 0.125539 0.109375 0.092403 0.105603
0.166487 0.156385 0.136315 0.133082 0.125539 0.109375 0.092403 0.105603 0.107759 0.087554
0.136315 0.133082 0.125539 0.109375 0.092403 0.105603 0.107759 0.087554 0.089170 0.061153
0.125539 0.109375 0.092403 0.105603 0.107759 0.087554 0.089170 0.061153 0.067349 0.041756
0.092403 0.105603 0.107759 0.087554 0.089170 0.061153 0.067349 0.041756 0.041756 0.054418
0.107759 0.087554 0.089170 0.061153 0.067349 0.041756 0.041756 0.054418 0.049030 0.063847
0.089170 0.061153 0.067349 0.041756 0.041756 0.054418 0.049030 0.063847 0.056034 0.047279
0.067349 0.041756 0.041756 0.054418 0.049030 0.063847 0.056034 0.047279 0.065733 0.057381
0.041756 0.054418 0.049030 0.063847 0.056034 0.047279 0.065733 0.057381 0.039871 0.047144
0.049030 0.063847 0.056034 0.047279 0.065733 0.057381 0.039871 0.047144 0.058998 0.041487
0.056034 0.047279 0.065733 0.057381 0.039871 0.047144 0.058998 0.041487 0.042565 0.035022
0.065733 0.057381 0.039871 0.047144 0.058998 0.041487 0.042565 0.035022 0.031250 0.089709
0.039871 0.047144 0.058998 0.041487 0.042565 0.035022 0.031250 0.089709 0.101293 0.120959
0.058998 0.041487 0.042565 0.035022 0.031250 0.089709 0.101293 0.120959 0.137662 0.136853
0.042565 0.035022 0.031250 0.089709 0.101293 0.120959 0.137662 0.136853 0.140086 0.142241
0.031250 0.089709 0.101293 0.120959 0.137662 0.136853 0.140086 0.142241 0.128502 0.133890
0.101293 0.120959 0.137662 0.136853 0.140086 0.142241 0.128502 0.133890 0.141433 0.136315
0.137662 0.136853 0.140086 0.142241 0.128502 0.133890 0.141433 0.136315 0.130119 0.147629
0.140086 0.142241 0.128502 0.133890 0.141433 0.136315 0.130119 0.147629 0.149515 0.148707
0.128502 0.133890 0.141433 0.136315 0.130119 0.147629 0.149515 0.148707 0.146821 0.155981
0.141433 0.136315 0.130119 0.147629 0.149515 0.148707 0.146821 0.155981 0.153556 0.168642
0.130119 0.147629 0.149515 0.148707 0.146821 0.155981 0.153556 0.168642 0.162446 0.175377
0.149515 0.148707 0.146821 0.155981 0.153556 0.168642 0.162446 0.175377 0.171067 0.169989
0.146821 0.155981 0.153556 0.168642 0.162446 0.175377 0.171067 0.169989 0.175916 0.184267
0.153556 0.168642 0.162446 0.175377 0.171067 0.169989 0.175916 0.184267 0.188039 0.184267
0.162446 0.175377 0.171067 0.169989 0.175916 0.184267 0.188039 0.184267 0.186692 0.174569
0.171067 0.169989 0.175916 0.184267 0.188039 0.184267 0.186692 0.174569 0.178071 0.176455
0.175916 0.184267 0.188039 0.184267 0.186692 0.174569 0.178071 0.176455 0.181843 0.191541
0.188039 0.184267 0.186692 0.174569 0.178071 0.176455 0.181843 0.191541 0.191810 0.197737
0.186692 0.174569 0.178071 0.176455 0.181843 0.191541 0.191810 0.197737 0.182920 0.167834
0.178071 0.176455 0.181843 0.191541 0.191810 0.197737 0.182920 0.167834 0.179149 0.168373
0.181843 0.191541 0.191810 0.197737 0.182920 0.167834 0.179149 0.168373 0.170797 0.168912
0.191810 0.197737 0.182920 0.167834 0.179149 0.168373 0.170797 0.168912 0.169450 0.185345
0.182920 0.167834 0.179149 0.168373 0.170797 0.168912 0.169450 0.185345 0.185884 0.176455
0.179149 0.168373 0.170797 0.168912 0.169450 0.185345 0.185884 0.176455 0.184267 0.188039
0.170797 0.168912 0.169450 0.185345 0.185884 0.176455 0.184267 0.188039 0.191002 0.185614
0.169450 0.185345 0.185884 0.176455 0.184267 0.188039 0.191002 0.185614 0.183190 0.185345
0.185884 0.176455 0.184267 0.188039 0.191002 0.185614 0.183190 0.185345 0.191272 0.196390
0.184267 0.188039 0.191002 0.185614 0.183190 0.185345 0.191272 0.196390 0.178071 0.165409
0.191002 0.185614 0.183190 0.185345 0.191272 0.196390 0.178071 0.165409 0.162177 0.148437
0.183190 0.185345 0.191272 0.196390 0.178071 0.165409 0.162177 0.148437 0.137123 0.130927
0.191272 0.196390 0.178071 0.165409 0.162177 0.148437 0.137123 0.130927 0.139547 0.139009
0.178071 0.165409 0.162177 0.148437 0.137123 0.130927 0.139547 0.139009 0.153017 0.144127
0.162177 0.148437 0.137123 0.130927 0.139547 0.139009 0.153017 0.144127 0.143319 0.139547
0.137123 0.130927 0.139547 0.139009 0.153017 0.144127 0.143319 0.139547 0.151401 0.142780
0.139547 0.139009 0.153017 0.144127 0.143319 0.139547 0.151401 0.142780 0.144666 0.167565
0.153017 0.144127 0.143319 0.139547 0.151401 0.142780 0.144666 0.167565 0.178341 0.177532
0.143319 0.139547 0.151401 0.142780 0.144666 0.167565 0.178341 0.177532 0.191810 0.203933
0.151401 0.142780 0.144666 0.167565 0.178341 0.177532 0.191810 0.203933 0.203394 0.203933
0.144666 0.167565 0.178341 0.177532 0.191810 0.203933 0.203394 0.203933 0.207435 0.203394
0.178341 0.177532 0.191810 0.203933 0.203394 0.203933 0.207435 0.203394 0.208244 0.209591
0.191810 0.203933 0.203394 0.203933 0.207435 0.203394 0.208244 0.209591 0.208782 0.207974
0.203394 0.203933 0.207435 0.203394 0.208244 0.209591 0.208782 0.207974 0.209860 0.209860
0.207435 0.203394 0.208244 0.209591 0.208782 0.207974 0.209860 0.209860 0.206897 0.201778
0.208244 0.209591 0.208782 0.207974 0.209860 0.209860 0.206897 0.201778 0.205011 0.196659
0.208782 0.207974 0.209860 0.209860 0.206897 0.201778 0.205011 0.196659 0.202586 0.204741
0.209860 0.209860 0.206897 0.201778 0.205011 0.196659 0.202586 0.204741 0.200700 0.199892
0.206897 0.201778 0.205011 0.196659 0.202586 0.204741 0.200700 0.199892 0.198545 0.212015
0.205011 0.196659 0.202586 0.204741 0.200700 0.199892 0.198545 0.212015 0.172414 0.160560
0.202586 0.204741 0.200700 0.199892 0.198545 0.212015 0.172414 0.160560 0.173491 0.186153
0.200700 0.199892 0.198545 0.212015 0.172414 0.160560 0.173491 0.186153 0.197737 0.200700
0.198545 0.212015 0.172414 0.160560 0.173491 0.186153 0.197737 0.200700 0.188039 0.198545
0.172414 0.160560 0.173491 0.186153 0.197737 0.200700 0.188039 0.198545 0.199084 0.213093
0.173491 0.186153 0.197737 0.200700 0.188039 0.198545 0.199084 0.213093 0.217672 0.222522
0.197737 0.200700 0.188039 0.198545 0.199084 0.213093 0.217672 0.222522 0.226293 0.226563
0.188039 0.198545 0.199084 0.213093 0.217672 0.222522 0.226293 0.226563 0.228179 0.230603
0.199084 0.213093 0.217672 0.222522 0.226293 0.226563 0.228179 0.230603 0.230873 0.250000
0.217672 0.222522 0.226293 0.226563 0.228179 0.230603 0.230873 0.250000 0.248653 0.252155
0.226293 0.226563 0.228179 0.230603 0.230873 0.250000 0.248653 0.252155 0.254310 0.256735
0.228179 0.230603 0.230873 0.250000 0.248653 0.252155 0.254310 0.256735 0.253502 0.247037
0.230873 0.250000 0.248653 0.252155 0.254310 0.256735 0.253502 0.247037 0.247306 0.252694
0.248653 0.252155 0.254310 0.256735 0.253502 0.247037 0.247306 0.252694 0.249731 0.252425
0.254310 0.256735 0.253502 0.247037 0.247306 0.252694 0.249731 0.252425 0.254580 0.261045
0.253502 0.247037 0.247306 0.252694 0.249731 0.252425 0.254580 0.261045 0.260237 0.258351
0.247306 0.252694 0.249731 0.252425 0.254580 0.261045 0.260237 0.258351 0.255927 0.258621
0.249731 0.252425 0.254580 0.261045 0.260237 0.258351 0.255927 0.258621 0.256466 0.265086
0.254580 0.261045 0.260237 0.258351 0.255927 0.258621 0.256466 0.265086 0.263200 0.252425
0.260237 0.258351 0.255927 0.258621 0.256466 0.265086 0.263200 0.252425 0.245959 0.247037
0.255927 0.258621 0.256466 0.265086 0.263200 0.252425 0.245959 0.247037 0.250000 0.259429
0.256466 0.265086 0.263200 0.252425 0.245959 0.247037 0.250000 0.259429 0.261584 0.267780
0.263200 0.252425 0.245959 0.247037 0.250000 0.259429 0.261584 0.267780 0.269397 0.275593
0.245959 0.247037 0.250000 0.259429 0.261584 0.267780 0.269397 0.275593 0.274515 0.271821
0.250000 0.259429 0.261584 0.267780 0.269397 0.275593 0.274515 0.271821 0.275593 0.282328
0.261584 0.267780 0.269397 0.275593 0.274515 0.271821 0.275593 0.282328 0.283405 0.281250
0.269397 0.275593 0.274515 0.271821 0.275593 0.282328 0.283405 0.281250 0.272629 0.255927
0.274515 0.271821 0.275593 0.282328 0.283405 0.281250 0.272629 0.255927 0.271821 0.261584
0.275593 0.282328 0.283405 0.281250 0.272629 0.255927 0.271821 0.261584 0.259968 0.268319
0.283405 0.281250 0.272629 0.255927 0.271821 0.261584 0.259968 0.268319 0.255657 0.260506
0.272629 0.255927 0.271821 0.261584 0.259968 0.268319 0.255657 0.260506 0.262662 0.269666
0.271821 0.261584 0.259968 0.268319 0.255657 0.260506 0.262662 0.269666 0.277748 0.269127
0.259968 0.268319 0.255657 0.260506 0.262662 0.269666 0.277748 0.269127 0.261853 0.272899
0.255657 0.260506 0.262662 0.269666 0.277748 0.269127 0.261853 0.272899 0.273438 0.270474
0.262662 0.269666 0.277748 0.269127 0.261853 0.272899 0.273438 0.270474 0.279364 0.273438
0.277748 0.269127 0.261853 0.272899 0.273438 0.270474 0.279364 0.273438 0.269397 0.275862
0.261853 0.272899 0.273438 0.270474 0.279364 0.273438 0.269397 0.275862 0.272899 0.272629
0.273438 0.270474 0.279364 0.273438 0.269397 0.275862 0.272899 0.272629 0.272629 0.261045
0.279364 0.273438 0.269397 0.275862 0.272899 0.272629 0.272629 0.261045 0.242187 0.237608
0.269397 0.275862 0.272899 0.272629 0.272629 0.261045 0.242187 0.237608 0.237877 0.238955
0.272899 0.272629 0.272629 0.261045 0.242187 0.237608 0.237877 0.238955 0.244881 0.242457
0.272629 0.261045 0.242187 0.237608 0.237877 0.238955 0.244881 0.242457 0.237338 0.237069
0.242187 0.237608 0.237877 0.238955 0.244881 0.242457 0.237338 0.237069 0.245420 0.242187
0.237877 0.238955 0.244881 0.242457 0.237338 0.237069 0.245420 0.242187 0.247845 0.243265
0.244881 0.242457 0.237338 0.237069 0.245420 0.242187 0.247845 0.243265 0.248922 0.251347
0.237338 0.237069 0.245420 0.242187 0.247845 0.243265 0.248922 0.251347 0.245959 0.243534
0.245420 0.242187 0.247845 0.243265 0.248922 0.251347 0.245959 0.243534 0.241649 0.238147
0.247845 0.243265 0.248922 0.251347 0.245959 0.243534 0.241649 0.238147 0.258351 0.259968
0.248922 0.251347 0.245959 0.243534 0.241649 0.238147 0.258351 0.259968 0.269666 0.259968
0.245959 0.243534 0.241649 0.238147 0.258351 0.259968 0.269666 0.259968 0.269666 0.269935
0.241649 0.238147 0.258351 0.259968 0.269666 0.259968 0.269666 0.269935 0.278825 0.275323
0.258351 0.259968 0.269666 0.259968 0.269666 0.269935 0.278825 0.275323 0.234375 0.237877
0.269666 0.259968 0.269666 0.269935 0.278825 0.275323 0.234375 0.237877 0.234375 0.230065
0.269666 0.269935 0.278825 0.275323 0.234375 0.237877 0.234375 0.230065 0.225216 0.235453
0.278825 0.275323 0.234375 0.237877 0.234375 0.230065 0.225216 0.235453 0.230873 0.228448
0.234375 0.237877 0.234375 0.230065 0.225216 0.235453 0.230873 0.228448 0.228179 0.218211
0.234375 0.230065 0.225216 0.235453 0.230873 0.228448 0.228179 0.218211 0.212823 0.220366
0.225216 0.235453 0.230873 0.228448 0.228179 0.218211 0.212823 0.220366 0.214978 0.231681
0.230873 0.228448 0.228179 0.218211 0.212823 0.220366 0.214978 0.231681 0.231681 0.234644
0.228179 0.218211 0.212823 0.220366 0.214978 0.231681 0.231681 0.234644 0.237608 0.248922
0.212823 0.220366 0.214978 0.231681 0.231681 0.234644 0.237608 0.248922 0.245420 0.250000
0.214978 0.231681 0.231681 0.234644 0.237608 0.248922 0.245420 0.250000 0.248922 0.253233
0.231681 0.234644 0.237608 0.248922 0.245420 0.250000 0.248922 0.253233 0.248114 0.244343
0.237608 0.248922 0.245420 0.250000 0.248922 0.253233 0.248114 0.244343 0.245420 0.247306
0.245420 0.250000 0.248922 0.253233 0.248114 0.244343 0.245420 0.247306 0.251347 0.244343
0.248922 0.253233 0.248114 0.244343 0.245420 0.247306 0.251347 0.244343 0.245420 0.238955
0.248114 0.244343 0.245420 0.247306 0.251347 0.244343 0.245420 0.238955 0.247575 0.235722
0.245420 0.247306 0.251347 0.244343 0.245420 0.238955 0.247575 0.235722 0.237608 0.239224
0.251347 0.244343 0.245420 0.238955 0.247575 0.235722 0.237608 0.239224 0.237877 0.243265
