8.919990 37.700011
0.880819 0.869701 0.858929 0.845378 0.835997 0.841209 0.831480 0.844684 0.863099 0.849548
0.858929 0.845378 0.835997 0.841209 0.831480 0.844684 0.863099 0.849548 0.808200 0.833565
0.835997 0.841209 0.831480 0.844684 0.863099 0.849548 0.808200 0.833565 0.838430 0.834954
0.831480 0.844684 0.863099 0.849548 0.808200 0.833565 0.838430 0.834954 0.828006 0.841904
0.863099 0.849548 0.808200 0.833565 0.838430 0.834954 0.828006 0.841904 0.844336 0.837387
0.808200 0.833565 0.838430 0.834954 0.828006 0.841904 0.844336 0.837387 0.821751 0.833912
0.838430 0.834954 0.828006 0.841904 0.844336 0.837387 0.821751 0.833912 0.861014 0.866226
0.828006 0.841904 0.844336 0.837387 0.821751 0.833912 0.861014 0.866226 0.875956 0.886031
0.844336 0.837387 0.821751 0.833912 0.861014 0.866226 0.875956 0.886031 0.902362 0.912091
0.821751 0.833912 0.861014 0.866226 0.875956 0.886031 0.902362 0.912091 0.916609 0.917303
0.861014 0.866226 0.875956 0.886031 0.902362 0.912091 0.916609 0.917303 0.941278 0.921821
0.875956 0.886031 0.902362 0.912091 0.916609 0.917303 0.941278 0.921821 0.933287 0.916609
0.902362 0.912091 0.916609 0.917303 0.941278 0.921821 0.933287 0.916609 0.930854 0.937457
0.916609 0.917303 0.941278 0.921821 0.933287 0.916609 0.930854 0.937457 0.913133 0.917651
0.941278 0.921821 0.933287 0.916609 0.930854 0.937457 0.913133 0.917651 0.938846 0.944405
0.933287 0.916609 0.930854 0.937457 0.913133 0.917651 0.938846 0.944405 0.947881 0.975330
0.930854 0.937457 0.913133 0.917651 0.938846 0.944405 0.947881 0.975330 0.984711 0.960736
0.913133 0.917651 0.938846 0.944405 0.947881 0.975330 0.984711 0.960736 0.982626 0.987838
0.938846 0.944405 0.947881 0.975330 0.984711 0.960736 0.982626 0.987838 0.993746 0.962821
0.947881 0.975330 0.984711 0.960736 0.982626 0.987838 0.993746 0.962821 0.964559 0.987143
0.984711 0.960736 0.982626 0.987838 0.993746 0.962821 0.964559 0.987143 0.989923 0.990618
0.982626 0.987838 0.993746 0.962821 0.964559 0.987143 0.989923 0.990618 0.995135 1.000000
0.993746 0.962821 0.964559 0.987143 0.989923 0.990618 0.995135 1.000000 0.993746 0.984016
0.964559 0.987143 0.989923 0.990618 0.995135 1.000000 0.993746 0.984016 0.971160 0.951008
0.989923 0.990618 0.995135 1.000000 0.993746 0.984016 0.971160 0.951008 0.916609 0.916609
0.995135 1.000000 0.993746 0.984016 0.971160 0.951008 0.916609 0.916609 0.905837 0.774148
0.993746 0.984016 0.971160 0.951008 0.916609 0.916609 0.905837 0.774148 0.763377 0.764767
0.971160 0.951008 0.916609 0.916609 0.905837 0.774148 0.763377 0.764767 0.752954 0.697707
0.916609 0.916609 0.905837 0.774148 0.763377 0.764767 0.752954 0.697707 0.720987 0.727241
0.905837 0.774148 0.763377 0.764767 0.752954 0.697707 0.720987 0.727241 0.690410 0.687977
0.763377 0.764767 0.752954 0.697707 0.720987 0.727241 0.690410 0.687977 0.682071 0.705004
0.752954 0.697707 0.720987 0.727241 0.690410 0.687977 0.682071 0.705004 0.717512 0.717859
0.720987 0.727241 0.690410 0.687977 0.682071 0.705004 0.717512 0.717859 0.747393 0.769284
0.690410 0.687977 0.682071 0.705004 0.717512 0.717859 0.747393 0.769284 0.799513 0.791869
0.682071 0.705004 0.717512 0.717859 0.747393 0.769284 0.799513 0.791869 0.782835 0.792564
0.717512 0.717859 0.747393 0.769284 0.799513 0.791869 0.782835 0.792564 0.807852 0.815497
0.747393 0.769284 0.799513 0.791869 0.782835 0.792564 0.807852 0.815497 0.819667 0.832869
0.799513 0.791869 0.782835 0.792564 0.807852 0.815497 0.819667 0.832869 0.827310 0.829742
0.782835 0.792564 0.807852 0.815497 0.819667 0.832869 0.827310 0.829742 0.824878 0.833912
0.807852 0.815497 0.819667 0.832869 0.827310 0.829742 0.824878 0.833912 0.820014 0.815844
0.819667 0.832869 0.827310 0.829742 0.824878 0.833912 0.820014 0.815844 0.810632 0.811675
0.827310 0.829742 0.824878 0.833912 0.820014 0.815844 0.810632 0.811675 0.805767 0.795692
0.824878 0.833912 0.820014 0.815844 0.810632 0.811675 0.805767 0.795692 0.776580 0.779013
0.820014 0.815844 0.810632 0.811675 0.805767 0.795692 0.776580 0.779013 0.782835 0.799166
0.810632 0.811675 0.805767 0.795692 0.776580 0.779013 0.782835 0.799166 0.803682 0.809243
0.805767 0.795692 0.776580 0.779013 0.782835 0.799166 0.803682 0.809243 0.822794 0.792564
0.776580 0.779013 0.782835 0.799166 0.803682 0.809243 0.822794 0.792564 0.785615 0.798819
0.782835 0.799166 0.803682 0.809243 0.822794 0.792564 0.785615 0.798819 0.794301 0.805073
0.803682 0.809243 0.822794 0.792564 0.785615 0.798819 0.794301 0.805073 0.784920 0.782835
0.822794 0.792564 0.785615 0.798819 0.794301 0.805073 0.784920 0.782835 0.790131 0.760945
0.785615 0.798819 0.794301 0.805073 0.784920 0.782835 0.790131 0.760945 0.770674 0.838777
0.794301 0.805073 0.784920 0.782835 0.790131 0.760945 0.770674 0.838777 0.814802 0.817929
0.784920 0.782835 0.790131 0.760945 0.770674 0.838777 0.814802 0.817929 0.813412 0.816887
0.790131 0.760945 0.770674 0.838777 0.814802 0.817929 0.813412 0.816887 0.820709 0.837734
0.770674 0.838777 0.814802 0.817929 0.813412 0.816887 0.820709 0.837734 0.832175 0.806810
0.814802 0.817929 0.813412 0.816887 0.820709 0.837734 0.832175 0.806810 0.814106 0.835302
0.813412 0.816887 0.820709 0.837734 0.832175 0.806810 0.814106 0.835302 0.840861 0.873176
0.820709 0.837734 0.832175 0.806810 0.814106 0.835302 0.840861 0.873176 0.889854 0.905142
0.832175 0.806810 0.814106 0.835302 0.840861 0.873176 0.889854 0.905142 0.881862 0.851632
0.814106 0.835302 0.840861 0.873176 0.889854 0.905142 0.881862 0.851632 0.842946 0.861362
0.840861 0.873176 0.889854 0.905142 0.881862 0.851632 0.842946 0.861362 0.876998 0.861709
0.889854 0.905142 0.881862 0.851632 0.842946 0.861362 0.876998 0.861709 0.878040 0.888811
0.881862 0.851632 0.842946 0.861362 0.876998 0.861709 0.878040 0.888811 0.884295 0.896108
0.842946 0.861362 0.876998 0.861709 0.878040 0.888811 0.884295 0.896108 0.916609 0.889159
0.876998 0.861709 0.878040 0.888811 0.884295 0.896108 0.916609 0.889159 0.890201 0.866574
0.878040 0.888811 0.884295 0.896108 0.916609 0.889159 0.890201 0.866574 0.865532 0.849548
0.884295 0.896108 0.916609 0.889159 0.890201 0.866574 0.865532 0.849548 0.852675 0.870744
0.916609 0.889159 0.890201 0.866574 0.865532 0.849548 0.852675 0.870744 0.859624 0.861014
0.890201 0.866574 0.865532 0.849548 0.852675 0.870744 0.859624 0.861014 0.849548 0.867616
0.865532 0.849548 0.852675 0.870744 0.859624 0.861014 0.849548 0.867616 0.860320 0.879083
0.852675 0.870744 0.859624 0.861014 0.849548 0.867616 0.860320 0.879083 0.858929 0.869353
0.859624 0.861014 0.849548 0.867616 0.860320 0.879083 0.858929 0.869353 0.895413 0.895066
0.849548 0.867616 0.860320 0.879083 0.858929 0.869353 0.895413 0.895066 0.896455 0.897846
0.860320 0.879083 0.858929 0.869353 0.895413 0.895066 0.896455 0.897846 0.891939 0.900625
0.858929 0.869353 0.895413 0.895066 0.896455 0.897846 0.891939 0.900625 0.867268 0.863447
0.895413 0.895066 0.896455 0.897846 0.891939 0.900625 0.867268 0.863447 0.823141 0.964559
0.896455 0.897846 0.891939 0.900625 0.867268 0.863447 0.823141 0.964559 0.760250 0.732800
0.891939 0.900625 0.867268 0.863447 0.823141 0.964559 0.760250 0.732800 0.762335 0.750869
0.867268 0.863447 0.823141 0.964559 0.760250 0.732800 0.762335 0.750869 0.765114 0.761640
0.823141 0.964559 0.760250 0.732800 0.762335 0.750869 0.765114 0.761640 0.708478 0.751216
0.760250 0.732800 0.762335 0.750869 0.765114 0.761640 0.708478 0.751216 0.783530 0.827310
0.762335 0.750869 0.765114 0.761640 0.708478 0.751216 0.783530 0.827310 0.763377 0.717859
0.765114 0.761640 0.708478 0.751216 0.783530 0.827310 0.763377 0.717859 0.663655 0.620222
0.708478 0.751216 0.783530 0.827310 0.763377 0.717859 0.663655 0.620222 0.598332 0.589298
0.783530 0.827310 0.763377 0.717859 0.663655 0.620222 0.598332 0.589298 0.605977 0.596595
0.763377 0.717859 0.663655 0.620222 0.598332 0.589298 0.605977 0.596595 0.563586 0.576094
0.663655 0.620222 0.598332 0.589298 0.605977 0.596595 0.563586 0.576094 0.568451 0.558721
0.598332 0.589298 0.605977 0.596595 0.563586 0.576094 0.568451 0.558721 0.562196 0.549339
0.605977 0.596595 0.563586 0.576094 0.568451 0.558721 0.562196 0.549339 0.569840 0.576094
0.563586 0.576094 0.568451 0.558721 0.562196 0.549339 0.569840 0.576094 0.592773 0.623002
0.568451 0.558721 0.562196 0.549339 0.569840 0.576094 0.592773 0.623002 0.610840 0.614316
0.562196 0.549339 0.569840 0.576094 0.592773 0.623002 0.610840 0.614316 0.618485 0.591730
0.569840 0.576094 0.592773 0.623002 0.610840 0.614316 0.618485 0.591730 0.618485 0.604239
0.592773 0.623002 0.610840 0.614316 0.618485 0.591730 0.618485 0.604239 0.616052 0.612231
0.610840 0.614316 0.618485 0.591730 0.618485 0.604239 0.616052 0.612231 0.588256 0.610493
0.618485 0.591730 0.618485 0.604239 0.616052 0.612231 0.588256 0.610493 0.610146 0.506950
0.618485 0.604239 0.616052 0.612231 0.588256 0.610493 0.610146 0.506950 0.510424 0.482279
0.616052 0.612231 0.588256 0.610493 0.610146 0.506950 0.510424 0.482279 0.456567 0.453788
0.588256 0.610493 0.610146 0.506950 0.510424 0.482279 0.456567 0.453788 0.470466 0.466643
0.610146 0.506950 0.510424 0.482279 0.456567 0.453788 0.470466 0.466643 0.468381 0.490618
0.510424 0.482279 0.456567 0.453788 0.470466 0.466643 0.468381 0.490618 0.505907 0.520501
0.456567 0.453788 0.470466 0.466643 0.468381 0.490618 0.505907 0.520501 0.534399 0.538221
0.470466 0.466643 0.468381 0.490618 0.505907 0.520501 0.534399 0.538221 0.562196 0.578875
0.468381 0.490618 0.505907 0.520501 0.534399 0.538221 0.562196 0.578875 0.563586 0.538221
0.505907 0.520501 0.534399 0.538221 0.562196 0.578875 0.563586 0.538221 0.511813 0.497915
0.534399 0.538221 0.562196 0.578875 0.563586 0.538221 0.511813 0.497915 0.484364 0.492703
0.562196 0.578875 0.563586 0.538221 0.511813 0.497915 0.484364 0.492703 0.474287 0.450312
0.563586 0.538221 0.511813 0.497915 0.484364 0.492703 0.474287 0.450312 0.456915 0.444753
0.511813 0.497915 0.484364 0.492703 0.474287 0.450312 0.456915 0.444753 0.444406 0.448923
0.484364 0.492703 0.474287 0.450312 0.456915 0.444753 0.444406 0.448923 0.448576 0.457609
0.474287 0.450312 0.456915 0.444753 0.444406 0.448923 0.448576 0.457609 0.484711 0.456567
0.456915 0.444753 0.444406 0.448923 0.448576 0.457609 0.484711 0.456567 0.461084 0.456567
0.444406 0.448923 0.448576 0.457609 0.484711 0.456567 0.461084 0.456567 0.465254 0.437804
0.448576 0.457609 0.484711 0.456567 0.461084 0.456567 0.465254 0.437804 0.466991 0.455177
0.484711 0.456567 0.461084 0.456567 0.465254 0.437804 0.466991 0.455177 0.454482 0.497220
0.461084 0.456567 0.465254 0.437804 0.466991 0.455177 0.454482 0.497220 0.480195 0.459000
0.465254 0.437804 0.466991 0.455177 0.454482 0.497220 0.480195 0.459000 0.455524 0.453788
0.466991 0.455177 0.454482 0.497220 0.480195 0.459000 0.455524 0.453788 0.453092 0.448228
0.454482 0.497220 0.480195 0.459000 0.455524 0.453788 0.453092 0.448228 0.483669 0.456567
0.480195 0.459000 0.455524 0.453788 0.453092 0.448228 0.483669 0.456567 0.464559 0.490618
0.455524 0.453788 0.453092 0.448228 0.483669 0.456567 0.464559 0.490618 0.471508 0.483322
0.453092 0.448228 0.483669 0.456567 0.464559 0.490618 0.471508 0.483322 0.487144 0.480890
0.483669 0.456567 0.464559 0.490618 0.471508 0.483322 0.487144 0.480890 0.523628 0.534399
0.464559 0.490618 0.471508 0.483322 0.487144 0.480890 0.523628 0.534399 0.550035 0.555594
0.471508 0.483322 0.487144 0.480890 0.523628 0.534399 0.550035 0.555594 0.531272 0.538221
0.487144 0.480890 0.523628 0.534399 0.550035 0.555594 0.531272 0.538221 0.529882 0.506950
0.523628 0.534399 0.550035 0.555594 0.531272 0.538221 0.529882 0.506950 0.372133 0.302988
0.550035 0.555594 0.531272 0.538221 0.529882 0.506950 0.372133 0.302988 0.282836 0.280751
0.531272 0.538221 0.529882 0.506950 0.372133 0.302988 0.282836 0.280751 0.323836 0.380820
0.529882 0.506950 0.372133 0.302988 0.282836 0.280751 0.323836 0.380820 0.374218 0.347464
0.372133 0.302988 0.282836 0.280751 0.323836 0.380820 0.374218 0.347464 0.351285 0.351634
0.282836 0.280751 0.323836 0.380820 0.374218 0.347464 0.351285 0.351634 0.325574 0.296039
0.323836 0.380820 0.374218 0.347464 0.351285 0.351634 0.325574 0.296039 0.255734 0.241140
0.374218 0.347464 0.351285 0.351634 0.325574 0.296039 0.255734 0.241140 0.212648 0.194927
0.351285 0.351634 0.325574 0.296039 0.255734 0.241140 0.212648 0.194927 0.205004 0.187630
0.325574 0.296039 0.255734 0.241140 0.212648 0.194927 0.205004 0.187630 0.193190 0.167825
0.255734 0.241140 0.212648 0.194927 0.205004 0.187630 0.193190 0.167825 0.158096 0.130647
0.212648 0.194927 0.205004 0.187630 0.193190 0.167825 0.158096 0.130647 0.126477 0.123697
0.205004 0.187630 0.193190 0.167825 0.158096 0.130647 0.126477 0.123697 0.161570 0.155664
0.193190 0.167825 0.158096 0.130647 0.126477 0.123697 0.161570 0.155664 0.154622 0.168173
0.158096 0.130647 0.126477 0.123697 0.161570 0.155664 0.154622 0.168173 0.166088 0.210911
0.126477 0.123697 0.161570 0.155664 0.154622 0.168173 0.166088 0.210911 0.207784 0.251911
0.161570 0.155664 0.154622 0.168173 0.166088 0.210911 0.207784 0.251911 0.232106 0.201877
0.154622 0.168173 0.166088 0.210911 0.207784 0.251911 0.232106 0.201877 0.188325 0.210911
0.166088 0.210911 0.207784 0.251911 0.232106 0.201877 0.188325 0.210911 0.219250 0.216123
0.207784 0.251911 0.232106 0.201877 0.188325 0.210911 0.219250 0.216123 0.218555 0.238360
0.232106 0.201877 0.188325 0.210911 0.219250 0.216123 0.218555 0.238360 0.234886 0.234538
0.188325 0.210911 0.219250 0.216123 0.218555 0.238360 0.234886 0.234538 0.220640 0.228979
0.219250 0.216123 0.218555 0.238360 0.234886 0.234538 0.220640 0.228979 0.257470 0.265462
0.218555 0.238360 0.234886 0.234538 0.220640 0.228979 0.257470 0.265462 0.326268 0.314455
0.234886 0.234538 0.220640 0.228979 0.257470 0.265462 0.326268 0.314455 0.348853 0.320362
0.220640 0.228979 0.257470 0.265462 0.326268 0.314455 0.348853 0.320362 0.303684 0.358930
0.257470 0.265462 0.326268 0.314455 0.348853 0.320362 0.303684 0.358930 0.329743 0.367616
0.326268 0.314455 0.348853 0.320362 0.303684 0.358930 0.329743 0.367616 0.371786 0.372133
0.348853 0.320362 0.303684 0.358930 0.329743 0.367616 0.371786 0.372133 0.326963 0.343989
0.303684 0.358930 0.329743 0.367616 0.371786 0.372133 0.326963 0.343989 0.328701 0.343294
0.329743 0.367616 0.371786 0.372133 0.326963 0.343989 0.328701 0.343294 0.316539 0.325574
0.371786 0.372133 0.326963 0.343989 0.328701 0.343294 0.316539 0.325574 0.337387 0.333913
0.326963 0.343989 0.328701 0.343294 0.316539 0.325574 0.337387 0.333913 0.347811 0.388464
0.328701 0.343294 0.316539 0.325574 0.337387 0.333913 0.347811 0.388464 0.406532 0.429117
0.316539 0.325574 0.337387 0.333913 0.347811 0.388464 0.406532 0.429117 0.392634 0.398888
0.337387 0.333913 0.347811 0.388464 0.406532 0.429117 0.392634 0.398888 0.382210 0.420083
0.347811 0.388464 0.406532 0.429117 0.392634 0.398888 0.382210 0.420083 0.441626 0.467686
0.406532 0.429117 0.392634 0.398888 0.382210 0.420083 0.441626 0.467686 0.460736 0.458652
0.392634 0.398888 0.382210 0.420083 0.441626 0.467686 0.460736 0.458652 0.480542 0.433287
0.382210 0.420083 0.441626 0.467686 0.460736 0.458652 0.480542 0.433287 0.476025 0.422516
0.441626 0.467686 0.460736 0.458652 0.480542 0.433287 0.476025 0.422516 0.425643 0.437109
0.460736 0.458652 0.480542 0.433287 0.476025 0.422516 0.425643 0.437109 0.465254 0.428422
0.480542 0.433287 0.476025 0.422516 0.425643 0.437109 0.465254 0.428422 0.446491 0.454135
0.476025 0.422516 0.425643 0.437109 0.465254 0.428422 0.446491 0.454135 0.437109 0.440584
0.425643 0.437109 0.465254 0.428422 0.446491 0.454135 0.437109 0.440584 0.447533 0.449965
0.465254 0.428422 0.446491 0.454135 0.437109 0.440584 0.447533 0.449965 0.460042 0.465601
0.446491 0.454135 0.437109 0.440584 0.447533 0.449965 0.460042 0.465601 0.457957 0.475330
0.437109 0.440584 0.447533 0.449965 0.460042 0.465601 0.457957 0.475330 0.473245 0.460389
0.447533 0.449965 0.460042 0.465601 0.457957 0.475330 0.473245 0.460389 0.446838 0.379083
0.460042 0.465601 0.457957 0.475330 0.473245 0.460389 0.446838 0.379083 0.294649 0.307853
0.457957 0.475330 0.473245 0.460389 0.446838 0.379083 0.294649 0.307853 0.305073 0.316886
0.473245 0.460389 0.446838 0.379083 0.294649 0.307853 0.305073 0.316886 0.302988 0.307853
0.446838 0.379083 0.294649 0.307853 0.305073 0.316886 0.302988 0.307853 0.312370 0.309938
0.294649 0.307853 0.305073 0.316886 0.302988 0.307853 0.312370 0.309938 0.311327 0.294996
0.305073 0.316886 0.302988 0.307853 0.312370 0.309938 0.311327 0.294996 0.310980 0.272759
0.302988 0.307853 0.312370 0.309938 0.311327 0.294996 0.310980 0.272759 0.295692 0.293607
0.312370 0.309938 0.311327 0.294996 0.310980 0.272759 0.295692 0.293607 0.301946 0.294996
0.311327 0.294996 0.310980 0.272759 0.295692 0.293607 0.301946 0.294996 0.257818 0.256428
0.310980 0.272759 0.295692 0.293607 0.301946 0.294996 0.257818 0.256428 0.271717 0.306463
0.295692 0.293607 0.301946 0.294996 0.257818 0.256428 0.271717 0.306463 0.282488 0.281445
0.301946 0.294996 0.257818 0.256428 0.271717 0.306463 0.282488 0.281445 0.288742 0.280403
0.257818 0.256428 0.271717 0.306463 0.282488 0.281445 0.288742 0.280403 0.284225 0.306463
0.271717 0.306463 0.282488 0.281445 0.288742 0.280403 0.284225 0.306463 0.309938 0.310285
0.282488 0.281445 0.288742 0.280403 0.284225 0.306463 0.309938 0.310285 0.317582 0.321056
0.288742 0.280403 0.284225 0.306463 0.309938 0.310285 0.317582 0.321056 0.298123 0.298472
0.284225 0.306463 0.309938 0.310285 0.317582 0.321056 0.298123 0.298472 0.298819 0.330438
0.309938 0.310285 0.317582 0.321056 0.298123 0.298472 0.298819 0.330438 0.308896 0.298819
0.317582 0.321056 0.298123 0.298472 0.298819 0.330438 0.308896 0.298819 0.301251 0.289437
0.298123 0.298472 0.298819 0.330438 0.308896 0.298819 0.301251 0.289437 0.274149 0.280751
0.298819 0.330438 0.308896 0.298819 0.301251 0.289437 0.274149 0.280751 0.266852 0.283530
0.308896 0.298819 0.301251 0.289437 0.274149 0.280751 0.266852 0.283530 0.279360 0.295692
0.301251 0.289437 0.274149 0.280751 0.266852 0.283530 0.279360 0.295692 0.319667 0.277624
0.274149 0.280751 0.266852 0.283530 0.279360 0.295692 0.319667 0.277624 0.285963 0.328701
0.266852 0.283530 0.279360 0.295692 0.319667 0.277624 0.285963 0.328701 0.359277 0.365879
0.279360 0.295692 0.319667 0.277624 0.285963 0.328701 0.359277 0.365879 0.321404 0.340514
0.319667 0.277624 0.285963 0.328701 0.359277 0.365879 0.321404 0.340514 0.332522 0.337734
0.285963 0.328701 0.359277 0.365879 0.321404 0.340514 0.332522 0.337734 0.342252 0.341557
0.359277 0.365879 0.321404 0.340514 0.332522 0.337734 0.342252 0.341557 0.362057 0.376651
0.321404 0.340514 0.332522 0.337734 0.342252 0.341557 0.362057 0.376651 0.369701 0.378040
0.332522 0.337734 0.342252 0.341557 0.362057 0.376651 0.369701 0.378040 0.381515 0.384642
0.342252 0.341557 0.362057 0.376651 0.369701 0.378040 0.381515 0.384642 0.383599 0.400626
0.362057 0.376651 0.369701 0.378040 0.381515 0.384642 0.383599 0.400626 0.406185 0.419041
0.369701 0.378040 0.381515 0.384642 0.383599 0.400626 0.406185 0.419041 0.195969 0.231063
0.381515 0.384642 0.383599 0.400626 0.406185 0.419041 0.195969 0.231063 0.260946 0.285963
0.383599 0.400626 0.406185 0.419041 0.195969 0.231063 0.260946 0.285963 0.250869 0.251911
0.406185 0.419041 0.195969 0.231063 0.260946 0.285963 0.250869 0.251911 0.281445 0.281793
0.195969 0.231063 0.260946 0.285963 0.250869 0.251911 0.281445 0.281793 0.293954 0.288395
0.260946 0.285963 0.250869 0.251911 0.281445 0.281793 0.293954 0.288395 0.296734 0.325921
0.250869 0.251911 0.281445 0.281793 0.293954 0.288395 0.296734 0.325921 0.342599 0.319667
0.281445 0.281793 0.293954 0.288395 0.296734 0.325921 0.342599 0.319667 0.316886 0.322098
0.293954 0.288395 0.296734 0.325921 0.342599 0.319667 0.316886 0.322098 0.299514 0.328353
0.296734 0.325921 0.342599 0.319667 0.316886 0.322098 0.299514 0.328353 0.342599 0.331133
0.342599 0.319667 0.316886 0.322098 0.299514 0.328353 0.342599 0.331133 0.361015 0.354413
0.316886 0.322098 0.299514 0.328353 0.342599 0.331133 0.361015 0.354413 0.349201 0.312370
0.299514 0.328353 0.342599 0.331133 0.361015 0.354413 0.349201 0.312370 0.376651 0.336692
0.342599 0.331133 0.361015 0.354413 0.349201 0.312370 0.376651 0.336692 0.361709 0.389507
0.361015 0.354413 0.349201 0.312370 0.376651 0.336692 0.361709 0.389507 0.363100 0.326268
0.349201 0.312370 0.376651 0.336692 0.361709 0.389507 0.363100 0.326268 0.320014 0.328006
0.376651 0.336692 0.361709 0.389507 0.363100 0.326268 0.320014 0.328006 0.306463 0.263725
0.361709 0.389507 0.363100 0.326268 0.320014 0.328006 0.306463 0.263725 0.298819 0.309938
0.363100 0.326268 0.320014 0.328006 0.306463 0.263725 0.298819 0.309938 0.263725 0.218902
0.320014 0.328006 0.306463 0.263725 0.298819 0.309938 0.263725 0.218902 0.183809 0.151495
0.306463 0.263725 0.298819 0.309938 0.263725 0.218902 0.183809 0.151495 0.121960 0.071925
0.298819 0.309938 0.263725 0.218902 0.183809 0.151495 0.121960 0.071925 0.076443 0.148715
0.263725 0.218902 0.183809 0.151495 0.121960 0.071925 0.076443 0.148715 0.124740 0.064281
0.183809 0.151495 0.121960 0.071925 0.076443 0.148715 0.124740 0.064281 0.108061 0.100069
0.121960 0.071925 0.076443 0.148715 0.124740 0.064281 0.108061 0.100069 0.110493 0.085824
0.076443 0.148715 0.124740 0.064281 0.108061 0.100069 0.110493 0.085824 0.066713 0.042738
0.124740 0.064281 0.108061 0.100069 0.110493 0.085824 0.066713 0.042738 0.029187 0.000000
0.108061 0.100069 0.110493 0.085824 0.066713 0.042738 0.029187 0.000000 0.093121 0.090341
0.110493 0.085824 0.066713 0.042738 0.029187 0.000000 0.093121 0.090341 0.103545 0.166088
0.066713 0.042738 0.029187 0.000000 0.093121 0.090341 0.103545 0.166088 0.164698 0.170258
0.029187 0.000000 0.093121 0.090341 0.103545 0.166088 0.164698 0.170258 0.109799 0.158791
0.093121 0.090341 0.103545 0.166088 0.164698 0.170258 0.109799 0.158791 0.176512 0.176512
0.103545 0.166088 0.164698 0.170258 0.109799 0.158791 0.176512 0.176512 0.177206 0.178597
0.164698 0.170258 0.109799 0.158791 0.176512 0.176512 0.177206 0.178597 0.210911 0.202572
0.109799 0.158791 0.176512 0.176512 0.177206 0.178597 0.210911 0.202572 0.225504 0.228283
0.176512 0.176512 0.177206 0.178597 0.210911 0.202572 0.225504 0.228283 0.186241 0.156707
0.177206 0.178597 0.210911 0.202572 0.225504 0.228283 0.186241 0.156707 0.183461 0.211605
0.210911 0.202572 0.225504 0.228283 0.186241 0.156707 0.183461 0.211605 0.200487 0.232106
0.225504 0.228283 0.186241 0.156707 0.183461 0.211605 0.200487 0.232106 0.235580 0.170258
0.186241 0.156707 0.183461 0.211605 0.200487 0.232106 0.235580 0.170258 0.231063 0.190757
0.183461 0.211605 0.200487 0.232106 0.235580 0.170258 0.231063 0.190757 0.165740 0.200834
0.200487 0.232106 0.235580 0.170258 0.231063 0.190757 0.165740 0.200834 0.211258 0.205699
0.235580 0.170258 0.231063 0.190757 0.165740 0.200834 0.211258 0.205699 0.208131 0.165393
0.231063 0.190757 0.165740 0.200834 0.211258 0.205699 0.208131 0.165393 0.194233 0.177206
0.165740 0.200834 0.211258 0.205699 0.208131 0.165393 0.194233 0.177206 0.204308 0.203961
0.211258 0.205699 0.208131 0.165393 0.194233 0.177206 0.204308 0.203961 0.206046 0.194927
0.208131 0.165393 0.194233 0.177206 0.204308 0.203961 0.206046 0.194927 0.185545 0.185198
0.194233 0.177206 0.204308 0.203961 0.206046 0.194927 0.185545 0.185198 0.206741 0.205004
0.204308 0.203961 0.206046 0.194927 0.185545 0.185198 0.206741 0.205004 0.220640 0.222377
0.206046 0.194927 0.185545 0.185198 0.206741 0.205004 0.220640 0.222377 0.242530 0.248437
0.185545 0.185198 0.206741 0.205004 0.220640 0.222377 0.242530 0.248437 0.254691 0.267894
0.206741 0.205004 0.220640 0.222377 0.242530 0.248437 0.254691 0.267894 0.270674 0.289437
0.220640 0.222377 0.242530 0.248437 0.254691 0.267894 0.270674 0.289437 0.256081 0.269632
0.242530 0.248437 0.254691 0.267894 0.270674 0.289437 0.256081 0.269632 0.280403 0.275191
0.254691 0.267894 0.270674 0.289437 0.256081 0.269632 0.280403 0.275191 0.313412 0.306811
0.270674 0.289437 0.256081 0.269632 0.280403 0.275191 0.313412 0.306811 0.278666 0.308200
0.256081 0.269632 0.280403 0.275191 0.313412 0.306811 0.278666 0.308200 0.287005 0.284225
0.280403 0.275191 0.313412 0.306811 0.278666 0.308200 0.287005 0.284225 0.288742 0.287005
0.313412 0.306811 0.278666 0.308200 0.287005 0.284225 0.288742 0.287005 0.290133 0.292912
0.278666 0.308200 0.287005 0.284225 0.288742 0.287005 0.290133 0.292912 0.280403 0.305768
0.287005 0.284225 0.288742 0.287005 0.290133 0.292912 0.280403 0.305768 0.289437 0.283530
0.288742 0.287005 0.290133 0.292912 0.280403 0.305768 0.289437 0.283530 0.283878 0.301251
0.290133 0.292912 0.280403 0.305768 0.289437 0.283530 0.283878 0.301251 0.295345 0.274497
0.280403 0.305768 0.289437 0.283530 0.283878 0.301251 0.295345 0.274497 0.280403 0.288048
0.289437 0.283530 0.283878 0.301251 0.295345 0.274497 0.280403 0.288048 0.281098 0.254343
0.283878 0.301251 0.295345 0.274497 0.280403 0.288048 0.281098 0.254343 0.246352 0.242530
0.295345 0.274497 0.280403 0.288048 0.281098 0.254343 0.246352 0.242530 0.246004 0.246004
0.280403 0.288048 0.281098 0.254343 0.246352 0.242530 0.246004 0.246004 0.257470 0.246004
0.281098 0.254343 0.246352 0.242530 0.246004 0.246004 0.257470 0.246004 0.308547 0.310632
0.246352 0.242530 0.246004 0.246004 0.257470 0.246004 0.308547 0.310632 0.307505 0.299166
0.246004 0.246004 0.257470 0.246004 0.308547 0.310632 0.307505 0.299166 0.308547 0.292912
0.257470 0.246004 0.308547 0.310632 0.307505 0.299166 0.308547 0.292912 0.315497 0.355108
0.308547 0.310632 0.307505 0.299166 0.308547 0.292912 0.315497 0.355108 0.339472 0.320014
0.307505 0.299166 0.308547 0.292912 0.315497 0.355108 0.339472 0.320014 0.343294 0.338430
0.308547 0.292912 0.315497 0.355108 0.339472 0.320014 0.343294 0.338430 0.322447 0.340514
0.315497 0.355108 0.339472 0.320014 0.343294 0.338430 0.322447 0.340514 0.346073 0.332871
0.339472 0.320014 0.343294 0.338430 0.322447 0.340514 0.346073 0.332871 0.311675 0.336345
0.343294 0.338430 0.322447 0.340514 0.346073 0.332871 0.311675 0.336345 0.312717 0.324878
0.322447 0.340514 0.346073 0.332871 0.311675 0.336345 0.312717 0.324878 0.339472 0.338082
0.346073 0.332871 0.311675 0.336345 0.312717 0.324878 0.339472 0.338082 0.332175 0.341557
0.311675 0.336345 0.312717 0.324878 0.339472 0.338082 0.332175 0.341557 0.350938 0.355455
0.312717 0.324878 0.339472 0.338082 0.332175 0.341557 0.350938 0.355455 0.375609 0.368312
0.339472 0.338082 0.332175 0.341557 0.350938 0.355455 0.375609 0.368312 0.347811 0.373871
0.332175 0.341557 0.350938 0.355455 0.375609 0.368312 0.347811 0.373871 0.396108 0.384295
0.350938 0.355455 0.375609 0.368312 0.347811 0.373871 0.396108 0.384295 0.376651 0.379083
0.375609 0.368312 0.347811 0.373871 0.396108 0.384295 0.376651 0.379083 0.385684 0.369354
0.347811 0.373871 0.396108 0.384295 0.376651 0.379083 0.385684 0.369354 0.332175 0.315497
0.396108 0.384295 0.376651 0.379083 0.385684 0.369354 0.332175 0.315497 0.310980 0.300208
0.376651 0.379083 0.385684 0.369354 0.332175 0.315497 0.310980 0.300208 0.292564 0.288048
0.385684 0.369354 0.332175 0.315497 0.310980 0.300208 0.292564 0.288048 0.294302 0.304031
0.332175 0.315497 0.310980 0.300208 0.292564 0.288048 0.294302 0.304031 0.290133 0.275886
0.310980 0.300208 0.292564 0.288048 0.294302 0.304031 0.290133 0.275886 0.284225 0.274497
0.292564 0.288048 0.294302 0.304031 0.290133 0.275886 0.284225 0.274497 0.186936 0.177902
0.294302 0.304031 0.290133 0.275886 0.284225 0.274497 0.186936 0.177902 0.181029 0.170952
0.290133 0.275886 0.284225 0.274497 0.186936 0.177902 0.181029 0.170952 0.176512 0.162266
0.284225 0.274497 0.186936 0.177902 0.181029 0.170952 0.176512 0.162266 0.173385 0.169562
0.186936 0.177902 0.181029 0.170952 0.176512 0.162266 0.173385 0.169562 0.194927 0.196317
0.181029 0.170952 0.176512 0.162266 0.173385 0.169562 0.194927 0.196317 0.205699 0.209869
0.176512 0.162266 0.173385 0.169562 0.194927 0.196317 0.205699 0.209869 0.216470 0.228632
0.173385 0.169562 0.194927 0.196317 0.205699 0.209869 0.216470 0.228632 0.208826 0.209520
0.194927 0.196317 0.205699 0.209869 0.216470 0.228632 0.208826 0.209520 0.208131 0.226894
0.205699 0.209869 0.216470 0.228632 0.208826 0.209520 0.208131 0.226894 0.234191 0.238707
0.216470 0.228632 0.208826 0.209520 0.208131 0.226894 0.234191 0.238707 0.235580 0.228979
0.208826 0.209520 0.208131 0.226894 0.234191 0.238707 0.235580 0.228979 0.217512 0.217860
0.208131 0.226894 0.234191 0.238707 0.235580 0.228979 0.217512 0.217860 0.215428 0.215775
0.234191 0.238707 0.235580 0.228979 0.217512 0.217860 0.215428 0.215775 0.210911 0.192148
0.235580 0.228979 0.217512 0.217860 0.215428 0.215775 0.210911 0.192148 0.179639 0.193885
0.217512 0.217860 0.215428 0.215775 0.210911 0.192148 0.179639 0.193885 0.181029 0.170605
0.215428 0.215775 0.210911 0.192148 0.179639 0.193885 0.181029 0.170605 0.151495 0.154969
0.210911 0.192148 0.179639 0.193885 0.181029 0.170605 0.151495 0.154969 0.161223 0.169562
0.179639 0.193885 0.181029 0.170605 0.151495 0.154969 0.161223 0.169562 0.173385 0.169215
0.181029 0.170605 0.151495 0.154969 0.161223 0.169562 0.173385 0.169215 0.175121 0.182766
