54.860165 80.417709
0.337566 0.343649 0.324817 0.319314 0.327424 0.346256 0.334957 0.324817 0.277883 0.272957
0.324817 0.319314 0.327424 0.346256 0.334957 0.324817 0.277883 0.272957 0.274697 0.261079
0.327424 0.346256 0.334957 0.324817 0.277883 0.272957 0.274697 0.261079 0.272666 0.306564
0.334957 0.324817 0.277883 0.272957 0.274697 0.261079 0.272666 0.306564 0.322789 0.351761
0.277883 0.272957 0.274697 0.261079 0.272666 0.306564 0.322789 0.351761 0.392324 0.394352
0.274697 0.261079 0.272666 0.306564 0.322789 0.351761 0.392324 0.394352 0.425063 0.441576
0.272666 0.306564 0.322789 0.351761 0.392324 0.394352 0.425063 0.441576 0.451716 0.472576
0.322789 0.351761 0.392324 0.394352 0.425063 0.441576 0.451716 0.472576 0.483878 0.555729
0.392324 0.394352 0.425063 0.441576 0.451716 0.472576 0.483878 0.555729 0.547328 0.545877
0.425063 0.441576 0.451716 0.472576 0.483878 0.555729 0.547328 0.545877 0.536026 0.514878
0.451716 0.472576 0.483878 0.555729 0.547328 0.545877 0.536026 0.514878 0.495174 0.552252
0.483878 0.555729 0.547328 0.545877 0.536026 0.514878 0.495174 0.552252 0.561523 0.517732
0.547328 0.545877 0.536026 0.514878 0.495174 0.552252 0.561523 0.517732 0.538751 0.551480
0.536026 0.514878 0.495174 0.552252 0.561523 0.517732 0.538751 0.551480 0.523950 0.529869
0.495174 0.552252 0.561523 0.517732 0.538751 0.551480 0.523950 0.529869 0.548519 0.543486
0.561523 0.517732 0.538751 0.551480 0.523950 0.529869 0.548519 0.543486 0.530163 0.574571
0.538751 0.551480 0.523950 0.529869 0.548519 0.543486 0.530163 0.574571 0.593221 0.574571
0.523950 0.529869 0.548519 0.543486 0.530163 0.574571 0.593221 0.574571 0.551183 0.550888
0.548519 0.543486 0.530163 0.574571 0.593221 0.574571 0.551183 0.550888 0.549999 0.533125
0.530163 0.574571 0.593221 0.574571 0.551183 0.550888 0.549999 0.533125 0.537861 0.533125
0.593221 0.574571 0.551183 0.550888 0.549999 0.533125 0.537861 0.533125 0.571610 0.556808
0.551183 0.550888 0.549999 0.533125 0.537861 0.533125 0.571610 0.556808 0.570723 0.618678
0.549999 0.533125 0.537861 0.533125 0.571610 0.556808 0.570723 0.618678 0.618085 0.683805
0.537861 0.533125 0.571610 0.556808 0.570723 0.618678 0.618085 0.683805 0.704822 0.679957
0.571610 0.556808 0.570723 0.618678 0.618085 0.683805 0.704822 0.679957 0.668412 0.691205
0.570723 0.618678 0.618085 0.683805 0.704822 0.679957 0.668412 0.691205 0.631407 0.646208
0.618085 0.683805 0.704822 0.679957 0.668412 0.691205 0.631407 0.646208 0.609501 0.618383
0.704822 0.679957 0.668412 0.691205 0.631407 0.646208 0.609501 0.618383 0.616014 0.647985
0.668412 0.691205 0.631407 0.646208 0.609501 0.618383 0.616014 0.647985 0.642360 0.636146
0.631407 0.646208 0.609501 0.618383 0.616014 0.647985 0.642360 0.636146 0.631705 0.639991
0.609501 0.618383 0.616014 0.647985 0.642360 0.636146 0.631705 0.639991 0.639104 0.630223
0.616014 0.647985 0.642360 0.636146 0.631705 0.639991 0.639104 0.630223 0.589965 0.606837
0.642360 0.636146 0.631705 0.639991 0.639104 0.630223 0.589965 0.606837 0.579307 0.557103
0.631705 0.639991 0.639104 0.630223 0.589965 0.606837 0.579307 0.557103 0.570425 0.550888
0.639104 0.630223 0.589965 0.606837 0.579307 0.557103 0.570425 0.550888 0.539046 0.579899
0.589965 0.606837 0.579307 0.557103 0.570425 0.550888 0.539046 0.579899 0.598253 0.594108
0.579307 0.557103 0.570425 0.550888 0.539046 0.579899 0.598253 0.594108 0.534605 0.484281
0.570425 0.550888 0.539046 0.579899 0.598253 0.594108 0.534605 0.484281 0.485760 0.458821
0.539046 0.579899 0.598253 0.594108 0.534605 0.484281 0.485760 0.458821 0.462669 0.309918
0.598253 0.594108 0.534605 0.484281 0.485760 0.458821 0.462669 0.309918 0.313767 0.299855
0.534605 0.484281 0.485760 0.458821 0.462669 0.309918 0.313767 0.299855 0.285941 0.306960
0.485760 0.458821 0.462669 0.309918 0.313767 0.299855 0.285941 0.306960 0.339524 0.328866
0.462669 0.309918 0.313767 0.299855 0.285941 0.306960 0.339524 0.328866 0.362316 0.310510
0.313767 0.299855 0.285941 0.306960 0.339524 0.328866 0.362316 0.310510 0.306070 0.295414
0.285941 0.306960 0.339524 0.328866 0.362316 0.310510 0.306070 0.295414 0.327089 0.313767
0.339524 0.328866 0.362316 0.310510 0.306070 0.295414 0.327089 0.313767 0.340114 0.359061
0.362316 0.310510 0.306070 0.295414 0.327089 0.313767 0.340114 0.359061 0.343962 0.325312
0.306070 0.295414 0.327089 0.313767 0.340114 0.359061 0.343962 0.325312 0.372383 0.354322
0.327089 0.313767 0.340114 0.359061 0.343962 0.325312 0.372383 0.354322 0.310510 0.268178
0.340114 0.359061 0.343962 0.325312 0.372383 0.354322 0.310510 0.268178 0.237689 0.230287
0.343962 0.325312 0.372383 0.354322 0.310510 0.268178 0.237689 0.230287 0.216375 0.219039
0.372383 0.354322 0.310510 0.268178 0.237689 0.230287 0.216375 0.219039 0.263442 0.263737
0.310510 0.268178 0.237689 0.230287 0.216375 0.219039 0.263442 0.263737 0.277651 0.292158
0.237689 0.230287 0.216375 0.219039 0.263442 0.263737 0.277651 0.292158 0.347810 0.316430
0.216375 0.219039 0.263442 0.263737 0.277651 0.292158 0.347810 0.316430 0.354028 0.370308
0.263442 0.263737 0.277651 0.292158 0.347810 0.316430 0.354028 0.370308 0.421820 0.434550
0.277651 0.292158 0.347810 0.316430 0.354028 0.370308 0.421820 0.434550 0.437508 0.418564
0.347810 0.316430 0.354028 0.370308 0.421820 0.434550 0.437508 0.418564 0.360539 0.373564
0.354028 0.370308 0.421820 0.434550 0.437508 0.418564 0.360539 0.373564 0.399914 0.442246
0.421820 0.434550 0.437508 0.418564 0.360539 0.373564 0.399914 0.442246 0.418858 0.408200
0.437508 0.418564 0.360539 0.373564 0.399914 0.442246 0.418858 0.408200 0.449350 0.392511
0.360539 0.373564 0.399914 0.442246 0.418858 0.408200 0.449350 0.392511 0.387479 0.393104
0.399914 0.442246 0.418858 0.408200 0.449350 0.392511 0.387479 0.393104 0.375046 0.406720
0.418858 0.408200 0.449350 0.392511 0.387479 0.393104 0.375046 0.406720 0.432475 0.457342
0.449350 0.392511 0.387479 0.393104 0.375046 0.406720 0.432475 0.457342 0.457934 0.469182
0.387479 0.393104 0.375046 0.406720 0.432475 0.457342 0.457934 0.469182 0.461485 0.417971
0.375046 0.406720 0.432475 0.457342 0.457934 0.469182 0.461485 0.417971 0.408200 0.393696
0.432475 0.457342 0.457934 0.469182 0.461485 0.417971 0.408200 0.393696 0.401985 0.409682
0.457934 0.469182 0.461485 0.417971 0.408200 0.393696 0.401985 0.409682 0.417081 0.431290
0.461485 0.417971 0.408200 0.393696 0.401985 0.409682 0.417081 0.431290 0.445502 0.439877
0.408200 0.393696 0.401985 0.409682 0.417081 0.431290 0.445502 0.439877 0.459414 0.439877
0.401985 0.409682 0.417081 0.431290 0.445502 0.439877 0.459414 0.439877 0.356397 0.260186
0.417081 0.431290 0.445502 0.439877 0.459414 0.439877 0.356397 0.260186 0.285054 0.284462
0.445502 0.439877 0.459414 0.439877 0.356397 0.260186 0.285054 0.284462 0.284462 0.284462
0.459414 0.439877 0.356397 0.260186 0.285054 0.284462 0.284462 0.284462 0.284462 0.272333
0.356397 0.260186 0.285054 0.284462 0.284462 0.284462 0.284462 0.272333 0.206851 0.248465
0.285054 0.284462 0.284462 0.284462 0.284462 0.272333 0.206851 0.248465 0.183595 0.166460
0.284462 0.284462 0.284462 0.272333 0.206851 0.248465 0.183595 0.166460 0.070990 0.150854
0.284462 0.272333 0.206851 0.248465 0.183595 0.166460 0.070990 0.150854 0.182983 0.192163
0.206851 0.248465 0.183595 0.166460 0.070990 0.150854 0.182983 0.192163 0.190021 0.150854
0.183595 0.166460 0.070990 0.150854 0.182983 0.192163 0.190021 0.150854 0.096388 0.106486
0.070990 0.150854 0.182983 0.192163 0.190021 0.150854 0.096388 0.106486 0.055690 0.061198
0.182983 0.192163 0.190021 0.150854 0.096388 0.106486 0.055690 0.061198 0.066400 0.123009
0.190021 0.150854 0.096388 0.106486 0.055690 0.061198 0.066400 0.123009 0.201037 0.152384
0.096388 0.106486 0.055690 0.061198 0.066400 0.123009 0.201037 0.152384 0.152384 0.134637
0.055690 0.061198 0.066400 0.123009 0.201037 0.152384 0.152384 0.134637 0.100059 0.159116
0.066400 0.123009 0.201037 0.152384 0.152384 0.134637 0.100059 0.159116 0.166460 0.173804
0.201037 0.152384 0.152384 0.134637 0.100059 0.159116 0.166460 0.173804 0.106180 0.111687
0.152384 0.134637 0.100059 0.159116 0.166460 0.173804 0.106180 0.111687 0.044369 0.071908
0.100059 0.159116 0.166460 0.173804 0.106180 0.111687 0.044369 0.071908 0.039473 0.078028
0.166460 0.173804 0.106180 0.111687 0.044369 0.071908 0.039473 0.078028 0.000000 0.078640
0.106180 0.111687 0.044369 0.071908 0.039473 0.078028 0.000000 0.078640 0.126069 0.099141
0.044369 0.071908 0.039473 0.078028 0.000000 0.078640 0.126069 0.099141 0.128823 0.147182
0.039473 0.078028 0.000000 0.078640 0.126069 0.099141 0.128823 0.147182 0.148406 0.159728
0.000000 0.078640 0.126069 0.099141 0.128823 0.147182 0.148406 0.159728 0.164624 0.137697
0.126069 0.099141 0.128823 0.147182 0.148406 0.159728 0.164624 0.137697 0.124845 0.134943
0.128823 0.147182 0.148406 0.159728 0.164624 0.137697 0.124845 0.134943 0.160646 0.195835
0.148406 0.159728 0.164624 0.137697 0.124845 0.134943 0.160646 0.195835 0.192163 0.170744
0.164624 0.137697 0.124845 0.134943 0.160646 0.195835 0.192163 0.170744 0.173191 0.190939
0.124845 0.134943 0.160646 0.195835 0.192163 0.170744 0.173191 0.190939 0.220314 0.224904
0.160646 0.195835 0.192163 0.170744 0.173191 0.190939 0.220314 0.224904 0.232248 0.229188
0.192163 0.170744 0.173191 0.190939 0.220314 0.224904 0.232248 0.229188 0.214806 0.201343
0.173191 0.190939 0.220314 0.224904 0.232248 0.229188 0.214806 0.201343 0.151466 0.193081
0.220314 0.224904 0.232248 0.229188 0.214806 0.201343 0.151466 0.193081 0.196753 0.174415
0.232248 0.229188 0.214806 0.201343 0.151466 0.193081 0.196753 0.174415 0.197059 0.166153
0.214806 0.201343 0.151466 0.193081 0.196753 0.174415 0.197059 0.166153 0.141062 0.179005
0.151466 0.193081 0.196753 0.174415 0.197059 0.166153 0.141062 0.179005 0.221844 0.171662
0.196753 0.174415 0.197059 0.166153 0.141062 0.179005 0.221844 0.171662 0.141675 0.211747
0.197059 0.166153 0.141062 0.179005 0.221844 0.171662 0.141675 0.211747 0.235308 0.275087
0.141062 0.179005 0.221844 0.171662 0.141675 0.211747 0.235308 0.275087 0.296200 0.313642
0.221844 0.171662 0.141675 0.211747 0.235308 0.275087 0.296200 0.313642 0.290386 0.270803
0.141675 0.211747 0.235308 0.275087 0.296200 0.313642 0.290386 0.270803 0.308134 0.305074
0.235308 0.275087 0.296200 0.313642 0.290386 0.270803 0.308134 0.305074 0.283961 0.331695
0.296200 0.313642 0.290386 0.270803 0.308134 0.305074 0.283961 0.331695 0.355257 0.347301
0.290386 0.270803 0.308134 0.305074 0.283961 0.331695 0.355257 0.347301 0.308134 0.317008
0.308134 0.305074 0.283961 0.331695 0.355257 0.347301 0.308134 0.317008 0.305686 0.310276
0.283961 0.331695 0.355257 0.347301 0.308134 0.317008 0.305686 0.310276 0.267743 0.269273
0.355257 0.347301 0.308134 0.317008 0.305686 0.310276 0.267743 0.269273 0.223069 0.205627
0.308134 0.317008 0.305686 0.310276 0.267743 0.269273 0.223069 0.205627 0.273557 0.322516
0.305686 0.310276 0.267743 0.269273 0.223069 0.205627 0.273557 0.322516 0.349443 0.360153
0.267743 0.269273 0.223069 0.205627 0.273557 0.322516 0.349443 0.360153 0.352503 0.364131
0.223069 0.205627 0.273557 0.322516 0.349443 0.360153 0.352503 0.364131 0.402991 0.402991
0.273557 0.322516 0.349443 0.360153 0.352503 0.364131 0.402991 0.402991 0.439099 0.471840
0.349443 0.360153 0.352503 0.364131 0.402991 0.402991 0.439099 0.471840 0.470616 0.437874
0.352503 0.364131 0.402991 0.402991 0.439099 0.471840 0.470616 0.437874 0.396566 0.365966
0.402991 0.402991 0.439099 0.471840 0.470616 0.437874 0.396566 0.365966 0.313948 0.283654
0.439099 0.471840 0.470616 0.437874 0.396566 0.365966 0.313948 0.283654 0.259787 0.282737
0.470616 0.437874 0.396566 0.365966 0.313948 0.283654 0.259787 0.282737 0.332001 0.283654
0.396566 0.365966 0.313948 0.283654 0.259787 0.282737 0.332001 0.283654 0.267131 0.252138
0.313948 0.283654 0.259787 0.282737 0.332001 0.283654 0.267131 0.252138 0.276617 0.228270
0.259787 0.282737 0.332001 0.283654 0.267131 0.252138 0.276617 0.228270 0.203791 0.196141
0.332001 0.283654 0.267131 0.252138 0.276617 0.228270 0.203791 0.196141 0.270803 0.227964
0.267131 0.252138 0.276617 0.228270 0.203791 0.196141 0.270803 0.227964 0.235002 0.260705
0.276617 0.228270 0.203791 0.196141 0.270803 0.227964 0.235002 0.260705 0.246936 0.240816
0.203791 0.196141 0.270803 0.227964 0.235002 0.260705 0.246936 0.240816 0.170744 0.220621
0.270803 0.227964 0.235002 0.260705 0.246936 0.240816 0.170744 0.220621 0.197365 0.190633
0.235002 0.260705 0.246936 0.240816 0.170744 0.220621 0.197365 0.190633 0.083230 0.123927
0.246936 0.240816 0.170744 0.220621 0.197365 0.190633 0.083230 0.123927 0.126987 0.097306
0.170744 0.220621 0.197365 0.190633 0.083230 0.123927 0.126987 0.097306 0.126987 0.135789
0.197365 0.190633 0.083230 0.123927 0.126987 0.097306 0.126987 0.135789 0.127301 0.188603
0.083230 0.123927 0.126987 0.097306 0.126987 0.135789 0.127301 0.188603 0.161882 0.187346
0.126987 0.097306 0.126987 0.135789 0.127301 0.188603 0.161882 0.187346 0.157166 0.093664
0.126987 0.135789 0.127301 0.188603 0.161882 0.187346 0.157166 0.093664 0.085490 0.076688
0.127301 0.188603 0.161882 0.187346 0.157166 0.093664 0.085490 0.076688 0.058454 0.098379
0.161882 0.187346 0.157166 0.093664 0.085490 0.076688 0.058454 0.098379 0.177915 0.208409
0.157166 0.093664 0.085490 0.076688 0.058454 0.098379 0.177915 0.208409 0.234501 0.270654
0.085490 0.076688 0.058454 0.098379 0.177915 0.208409 0.234501 0.270654 0.225385 0.252420
0.058454 0.098379 0.177915 0.208409 0.234501 0.270654 0.225385 0.252420 0.247076 0.254307
0.177915 0.208409 0.234501 0.270654 0.225385 0.252420 0.247076 0.254307 0.269711 0.225385
0.234501 0.270654 0.225385 0.252420 0.247076 0.254307 0.269711 0.225385 0.243933 0.286058
0.225385 0.252420 0.247076 0.254307 0.269711 0.225385 0.243933 0.286058 0.310579 0.278513
0.247076 0.254307 0.269711 0.225385 0.243933 0.286058 0.310579 0.278513 0.271283 0.264680
0.269711 0.225385 0.243933 0.286058 0.310579 0.278513 0.271283 0.264680 0.205579 0.152137
0.243933 0.286058 0.310579 0.278513 0.271283 0.264680 0.205579 0.152137 0.158109 0.208723
0.310579 0.278513 0.271283 0.264680 0.205579 0.152137 0.158109 0.208723 0.148049 0.145849
0.271283 0.264680 0.205579 0.152137 0.158109 0.208723 0.148049 0.145849 0.093349 0.090205
0.205579 0.152137 0.158109 0.208723 0.148049 0.145849 0.093349 0.090205 0.085176 0.077945
0.158109 0.208723 0.148049 0.145849 0.093349 0.090205 0.085176 0.077945 0.076059 0.123843
0.148049 0.145849 0.093349 0.090205 0.085176 0.077945 0.076059 0.123843 0.171313 0.202121
0.093349 0.090205 0.085176 0.077945 0.076059 0.123843 0.171313 0.202121 0.211238 0.185459
0.085176 0.077945 0.076059 0.123843 0.171313 0.202121 0.211238 0.185459 0.201806 0.197091
0.076059 0.123843 0.171313 0.202121 0.211238 0.185459 0.201806 0.197091 0.226328 0.212495
0.171313 0.202121 0.211238 0.185459 0.201806 0.197091 0.226328 0.212495 0.230729 0.172256
0.211238 0.185459 0.201806 0.197091 0.226328 0.212495 0.230729 0.172256 0.175085 0.176343
0.201806 0.197091 0.226328 0.212495 0.230729 0.172256 0.175085 0.176343 0.127615 0.211867
0.226328 0.212495 0.230729 0.172256 0.175085 0.176343 0.127615 0.211867 0.198977 0.206522
0.230729 0.172256 0.175085 0.176343 0.127615 0.211867 0.198977 0.206522 0.190804 0.235759
0.175085 0.176343 0.127615 0.211867 0.198977 0.206522 0.190804 0.235759 0.305549 0.305234
0.127615 0.211867 0.198977 0.206522 0.190804 0.235759 0.305549 0.305234 0.313094 0.286372
0.198977 0.206522 0.190804 0.235759 0.305549 0.305234 0.313094 0.286372 0.305549 0.327555
0.190804 0.235759 0.305549 0.305234 0.313094 0.286372 0.305549 0.327555 0.293603 0.298004
0.305549 0.305234 0.313094 0.286372 0.305549 0.327555 0.293603 0.298004 0.309322 0.304291
0.313094 0.286372 0.305549 0.327555 0.293603 0.298004 0.309322 0.304291 0.291716 0.317809
0.305549 0.327555 0.293603 0.298004 0.309322 0.304291 0.291716 0.317809 0.324096 0.333842
0.293603 0.298004 0.309322 0.304291 0.291716 0.317809 0.324096 0.333842 0.311207 0.287630
0.309322 0.304291 0.291716 0.317809 0.324096 0.333842 0.311207 0.287630 0.258394 0.229471
0.291716 0.317809 0.324096 0.333842 0.311207 0.287630 0.258394 0.229471 0.234816 0.261537
0.324096 0.333842 0.311207 0.287630 0.258394 0.229471 0.234816 0.261537 0.284800 0.273797
0.311207 0.287630 0.258394 0.229471 0.234816 0.261537 0.284800 0.273797 0.252106 0.226642
0.258394 0.229471 0.234816 0.261537 0.284800 0.273797 0.252106 0.226642 0.164711 0.123214
0.234816 0.261537 0.284800 0.273797 0.252106 0.226642 0.164711 0.123214 0.110640 0.117870
0.284800 0.273797 0.252106 0.226642 0.164711 0.123214 0.110640 0.117870 0.186088 0.213753
0.252106 0.226642 0.164711 0.123214 0.110640 0.117870 0.186088 0.213753 0.213439 0.211867
0.164711 0.123214 0.110640 0.117870 0.186088 0.213753 0.213439 0.211867 0.134846 0.142077
0.110640 0.117870 0.186088 0.213753 0.213439 0.211867 0.134846 0.142077 0.151507 0.162825
0.186088 0.213753 0.213439 0.211867 0.134846 0.142077 0.151507 0.162825 0.191432 0.174457
0.213439 0.211867 0.134846 0.142077 0.151507 0.162825 0.191432 0.174457 0.160310 0.134531
0.134846 0.142077 0.151507 0.162825 0.191432 0.174457 0.160310 0.134531 0.115983 0.132645
0.151507 0.162825 0.191432 0.174457 0.160310 0.134531 0.115983 0.132645 0.129816 0.182944
0.191432 0.174457 0.160310 0.134531 0.115983 0.132645 0.129816 0.182944 0.195519 0.207780
0.160310 0.134531 0.115983 0.132645 0.129816 0.182944 0.195519 0.207780 0.230414 0.240789
0.115983 0.132645 0.129816 0.182944 0.195519 0.207780 0.230414 0.240789 0.245819 0.243304
0.129816 0.182944 0.195519 0.207780 0.230414 0.240789 0.245819 0.243304 0.266567 0.275055
0.195519 0.207780 0.230414 0.240789 0.245819 0.243304 0.266567 0.275055 0.278513 0.291402
0.230414 0.240789 0.245819 0.243304 0.266567 0.275055 0.278513 0.291402 0.305549 0.303663
0.245819 0.243304 0.266567 0.275055 0.278513 0.291402 0.305549 0.303663 0.299261 0.285115
0.266567 0.275055 0.278513 0.291402 0.305549 0.303663 0.299261 0.285115 0.304920 0.292660
0.278513 0.291402 0.305549 0.303663 0.299261 0.285115 0.304920 0.292660 0.243618 0.231986
0.305549 0.303663 0.299261 0.285115 0.304920 0.292660 0.243618 0.231986 0.247390 0.280399
0.299261 0.285115 0.304920 0.292660 0.243618 0.231986 0.247390 0.280399 0.318438 0.286686
0.304920 0.292660 0.243618 0.231986 0.247390 0.280399 0.318438 0.286686 0.241102 0.242989
0.243618 0.231986 0.247390 0.280399 0.318438 0.286686 0.241102 0.242989 0.252106 0.242675
0.247390 0.280399 0.318438 0.286686 0.241102 0.242989 0.252106 0.242675 0.251094 0.221302
0.318438 0.286686 0.241102 0.242989 0.252106 0.242675 0.251094 0.221302 0.231988 0.221302
0.241102 0.242989 0.252106 0.242675 0.251094 0.221302 0.231988 0.221302 0.244941 0.264695
0.252106 0.242675 0.251094 0.221302 0.231988 0.221302 0.244941 0.264695 0.249799 0.225835
0.251094 0.221302 0.231988 0.221302 0.244941 0.264695 0.249799 0.225835 0.205758 0.214178
0.231988 0.221302 0.244941 0.264695 0.249799 0.225835 0.205758 0.214178 0.178880 0.169166
0.244941 0.264695 0.249799 0.225835 0.205758 0.214178 0.178880 0.169166 0.149736 0.195071
0.249799 0.225835 0.205758 0.214178 0.178880 0.169166 0.149736 0.195071 0.177261 0.203167
0.205758 0.214178 0.178880 0.169166 0.149736 0.195071 0.177261 0.203167 0.186976 0.148440
0.178880 0.169166 0.149736 0.195071 0.177261 0.203167 0.186976 0.148440 0.127392 0.104076
0.149736 0.195071 0.177261 0.203167 0.186976 0.148440 0.127392 0.104076 0.125449 0.168842
0.177261 0.203167 0.186976 0.148440 0.127392 0.104076 0.125449 0.168842 0.192805 0.191833
0.186976 0.148440 0.127392 0.104076 0.125449 0.168842 0.192805 0.191833 0.205111 0.213854
0.127392 0.104076 0.125449 0.168842 0.192805 0.191833 0.205111 0.213854 0.213530 0.230369
0.125449 0.168842 0.192805 0.191833 0.205111 0.213854 0.213530 0.230369 0.230369 0.207701
0.192805 0.191833 0.205111 0.213854 0.213530 0.230369 0.230369 0.207701 0.215149 0.233608
0.205111 0.213854 0.213530 0.230369 0.230369 0.207701 0.215149 0.233608 0.197986 0.233608
0.213530 0.230369 0.230369 0.207701 0.215149 0.233608 0.197986 0.233608 0.227131 0.236522
0.230369 0.207701 0.215149 0.233608 0.197986 0.233608 0.227131 0.236522 0.254980 0.262105
0.215149 0.233608 0.197986 0.233608 0.227131 0.236522 0.254980 0.262105 0.269876 0.269552
0.197986 0.233608 0.227131 0.236522 0.254980 0.262105 0.269876 0.269552 0.281858 0.266962
0.227131 0.236522 0.254980 0.262105 0.269876 0.269552 0.281858 0.266962 0.268581 0.261781
0.254980 0.262105 0.269876 0.269552 0.281858 0.266962 0.268581 0.261781 0.268905 0.273762
0.269876 0.269552 0.281858 0.266962 0.268581 0.261781 0.268905 0.273762 0.268905 0.278944
0.281858 0.266962 0.268581 0.261781 0.268905 0.273762 0.268905 0.278944 0.271495 0.289630
0.268581 0.261781 0.268905 0.273762 0.268905 0.278944 0.271495 0.289630 0.255952 0.217092
0.268905 0.273762 0.268905 0.278944 0.271495 0.289630 0.255952 0.217092 0.209320 0.230045
0.268905 0.278944 0.271495 0.289630 0.255952 0.217092 0.209320 0.230045 0.209644 0.190538
0.271495 0.289630 0.255952 0.217092 0.209320 0.230045 0.209644 0.190538 0.172404 0.152326
0.255952 0.217092 0.209320 0.230045 0.209644 0.190538 0.172404 0.152326 0.202196 0.187300
0.209320 0.230045 0.209644 0.190538 0.172404 0.152326 0.202196 0.187300 0.149088 0.225835
0.209644 0.190538 0.172404 0.152326 0.202196 0.187300 0.149088 0.225835 0.307440 0.320393
0.172404 0.152326 0.202196 0.187300 0.149088 0.225835 0.307440 0.320393 0.328489 0.343385
0.202196 0.187300 0.149088 0.225835 0.307440 0.320393 0.328489 0.343385 0.335614 0.342414
0.149088 0.225835 0.307440 0.320393 0.328489 0.343385 0.335614 0.342414 0.342738 0.359577
0.307440 0.320393 0.328489 0.343385 0.335614 0.342414 0.342738 0.359577 0.392931 0.393255
0.328489 0.343385 0.335614 0.342414 0.342738 0.359577 0.392931 0.393255 0.384835 0.356339
0.335614 0.342414 0.342738 0.359577 0.392931 0.393255 0.384835 0.356339 0.371559 0.400379
0.342738 0.359577 0.392931 0.393255 0.384835 0.356339 0.371559 0.400379 0.428876 0.398760
0.392931 0.393255 0.384835 0.356339 0.371559 0.400379 0.428876 0.398760 0.368968 0.379655
0.384835 0.356339 0.371559 0.400379 0.428876 0.398760 0.368968 0.379655 0.421429 0.435353
0.371559 0.400379 0.428876 0.398760 0.368968 0.379655 0.421429 0.435353 0.465793 0.473888
0.428876 0.398760 0.368968 0.379655 0.421429 0.435353 0.465793 0.473888 0.456402 0.482308
0.368968 0.379655 0.421429 0.435353 0.465793 0.473888 0.456402 0.482308 0.464821 0.478422
0.421429 0.435353 0.465793 0.473888 0.456402 0.482308 0.464821 0.478422 0.490404 0.517605
0.465793 0.473888 0.456402 0.482308 0.464821 0.478422 0.490404 0.517605 0.511776 0.531206
0.456402 0.482308 0.464821 0.478422 0.490404 0.517605 0.511776 0.531206 0.525053 0.551283
0.464821 0.478422 0.490404 0.517605 0.511776 0.531206 0.525053 0.551283 0.557437 0.522139
0.490404 0.517605 0.511776 0.531206 0.525053 0.551283 0.557437 0.522139 0.540273 0.560999
0.511776 0.531206 0.525053 0.551283 0.557437 0.522139 0.540273 0.560999 0.568770 0.577838
0.525053 0.551283 0.557437 0.522139 0.540273 0.560999 0.568770 0.577838 0.614430 0.600182
0.557437 0.522139 0.540273 0.560999 0.568770 0.577838 0.614430 0.600182 0.606011 0.606982
0.540273 0.560999 0.568770 0.577838 0.614430 0.600182 0.606011 0.606982 0.569094 0.576542
0.568770 0.577838 0.614430 0.600182 0.606011 0.606982 0.569094 0.576542 0.552579 0.530235
0.614430 0.600182 0.606011 0.606982 0.569094 0.576542 0.552579 0.530235 0.530559 0.495262
0.606011 0.606982 0.569094 0.576542 0.552579 0.530235 0.530559 0.495262 0.491699 0.501414
0.569094 0.576542 0.552579 0.530235 0.530559 0.495262 0.491699 0.501414 0.516311 0.540598
0.552579 0.530235 0.530559 0.495262 0.491699 0.501414 0.516311 0.540598 0.515015 0.497852
0.530559 0.495262 0.491699 0.501414 0.516311 0.540598 0.515015 0.497852 0.509510 0.509186
0.491699 0.501414 0.516311 0.540598 0.515015 0.497852 0.509510 0.509186 0.498500 0.505948
0.516311 0.540598 0.515015 0.497852 0.509510 0.509186 0.498500 0.505948 0.492995 0.520196
0.515015 0.497852 0.509510 0.509186 0.498500 0.505948 0.492995 0.520196 0.506596 0.538007
0.509510 0.509186 0.498500 0.505948 0.492995 0.520196 0.506596 0.538007 0.546102 0.529264
0.498500 0.505948 0.492995 0.520196 0.506596 0.538007 0.546102 0.529264 0.590791 0.608602
0.492995 0.520196 0.506596 0.538007 0.546102 0.529264 0.590791 0.608602 0.618640 0.635480
0.506596 0.538007 0.546102 0.529264 0.590791 0.608602 0.618640 0.635480 0.636451 0.628495
0.546102 0.529264 0.590791 0.608602 0.618640 0.635480 0.636451 0.628495 0.620870 0.605621
0.590791 0.608602 0.618640 0.635480 0.636451 0.628495 0.620870 0.605621 0.579763 0.582415
0.618640 0.635480 0.636451 0.628495 0.620870 0.605621 0.579763 0.582415 0.598659 0.633467
0.636451 0.628495 0.620870 0.605621 0.579763 0.582415 0.598659 0.633467 0.611588 0.621533
0.620870 0.605621 0.579763 0.582415 0.598659 0.633467 0.611588 0.621533 0.622859 0.612583
0.579763 0.582415 0.598659 0.633467 0.611588 0.621533 0.622859 0.612583 0.622528 0.654683
0.598659 0.633467 0.611588 0.621533 0.622859 0.612583 0.622528 0.654683 0.648053 0.654352
0.611588 0.621533 0.622859 0.612583 0.622528 0.654683 0.648053 0.654352 0.665292 0.656010
0.622859 0.612583 0.622528 0.654683 0.648053 0.654352 0.665292 0.656010 0.663634 0.652363
0.622528 0.654683 0.648053 0.654352 0.665292 0.656010 0.663634 0.652363 0.652031 0.595344
0.648053 0.654352 0.665292 0.656010 0.663634 0.652363 0.652031 0.595344 0.603300 0.617554
0.665292 0.656010 0.663634 0.652363 0.652031 0.595344 0.603300 0.617554 0.618218 0.679878
0.663634 0.652363 0.652031 0.595344 0.603300 0.617554 0.618218 0.679878 0.709050 0.721647
0.652031 0.595344 0.603300 0.617554 0.618218 0.679878 0.709050 0.721647 0.701426 0.717338
0.603300 0.617554 0.618218 0.679878 0.709050 0.721647 0.701426 0.717338 0.702089 0.704078
0.618218 0.679878 0.709050 0.721647 0.701426 0.717338 0.702089 0.704078 0.664297 0.663634
0.709050 0.721647 0.701426 0.717338 0.702089 0.704078 0.664297 0.663634 0.687503 0.707724
0.701426 0.717338 0.702089 0.704078 0.664297 0.663634 0.687503 0.707724 0.726952 0.712697
0.702089 0.704078 0.664297 0.663634 0.687503 0.707724 0.726952 0.712697 0.688165 0.658662
0.664297 0.663634 0.687503 0.707724 0.726952 0.712697 0.688165 0.658662 0.675568 0.692475
0.687503 0.707724 0.726952 0.712697 0.688165 0.658662 0.675568 0.692475 0.712034 0.741206
0.726952 0.712697 0.688165 0.658662 0.675568 0.692475 0.712034 0.741206 0.759439 0.750820
0.688165 0.658662 0.675568 0.692475 0.712034 0.741206 0.759439 0.750820 0.752809 0.731924
0.675568 0.692475 0.712034 0.741206 0.759439 0.750820 0.752809 0.731924 0.682861 0.658993
0.712034 0.741206 0.759439 0.750820 0.752809 0.731924 0.682861 0.658993 0.651369 0.681204
0.759439 0.750820 0.752809 0.731924 0.682861 0.658993 0.651369 0.681204 0.572470 0.562856
0.752809 0.731924 0.682861 0.658993 0.651369 0.681204 0.572470 0.562856 0.574128 0.560867
0.682861 0.658993 0.651369 0.681204 0.572470 0.562856 0.574128 0.560867 0.579763 0.592029
0.651369 0.681204 0.572470 0.562856 0.574128 0.560867 0.579763 0.592029 0.537662 0.532358
0.572470 0.562856 0.574128 0.560867 0.579763 0.592029 0.537662 0.532358 0.513131 0.547607
0.574128 0.560867 0.579763 0.592029 0.537662 0.532358 0.513131 0.547607 0.536668 0.538657
0.579763 0.592029 0.537662 0.532358 0.513131 0.547607 0.536668 0.538657 0.547276 0.510147
0.537662 0.532358 0.513131 0.547607 0.536668 0.538657 0.547276 0.510147 0.468709 0.486942
0.513131 0.547607 0.536668 0.538657 0.547276 0.510147 0.468709 0.486942 0.493904 0.492909
0.536668 0.538657 0.547276 0.510147 0.468709 0.486942 0.493904 0.492909 0.518103 0.482632
0.547276 0.510147 0.468709 0.486942 0.493904 0.492909 0.518103 0.482632 0.444178 0.455781
0.468709 0.486942 0.493904 0.492909 0.518103 0.482632 0.444178 0.455781 0.474013 0.478654
0.493904 0.492909 0.518103 0.482632 0.444178 0.455781 0.474013 0.478654 0.542966 0.581753
0.518103 0.482632 0.444178 0.455781 0.474013 0.478654 0.542966 0.581753 0.561862 0.567166
0.444178 0.455781 0.474013 0.478654 0.542966 0.581753 0.561862 0.567166 0.597996 0.579763
0.474013 0.478654 0.542966 0.581753 0.561862 0.567166 0.597996 0.579763 0.532026 0.567829
0.542966 0.581753 0.561862 0.567166 0.597996 0.579763 0.532026 0.567829 0.546944 0.556890
0.561862 0.567166 0.597996 0.579763 0.532026 0.567829 0.546944 0.556890 0.574459 0.595344
0.597996 0.579763 0.532026 0.567829 0.546944 0.556890 0.574459 0.595344 0.638771 0.598659
0.532026 0.567829 0.546944 0.556890 0.574459 0.595344 0.638771 0.598659 0.586394 0.638108
0.546944 0.556890 0.574459 0.595344 0.638771 0.598659 0.586394 0.638108 0.626174 0.605289
0.574459 0.595344 0.638771 0.598659 0.586394 0.638108 0.626174 0.605289 0.576117 0.598659
0.638771 0.598659 0.586394 0.638108 0.626174 0.605289 0.576117 0.598659 0.602969 0.575786
0.586394 0.638108 0.626174 0.605289 0.576117 0.598659 0.602969 0.575786 0.590371 0.608936
0.626174 0.605289 0.576117 0.598659 0.602969 0.575786 0.590371 0.608936 0.602969 0.551917
0.576117 0.598659 0.602969 0.575786 0.590371 0.608936 0.602969 0.551917 0.631810 0.656673
0.602969 0.575786 0.590371 0.608936 0.602969 0.551917 0.631810 0.656673 0.637114 0.623854
0.590371 0.608936 0.602969 0.551917 0.631810 0.656673 0.637114 0.623854 0.647390 0.664960
0.602969 0.551917 0.631810 0.656673 0.637114 0.623854 0.647390 0.664960 0.672916 0.630152
0.631810 0.656673 0.637114 0.623854 0.647390 0.664960 0.672916 0.630152 0.629158 0.656010
0.637114 0.623854 0.647390 0.664960 0.672916 0.630152 0.629158 0.656010 0.645733 0.637114
0.647390 0.664960 0.672916 0.630152 0.629158 0.656010 0.645733 0.637114 0.529375 0.555894
0.672916 0.630152 0.629158 0.656010 0.645733 0.637114 0.529375 0.555894 0.527054 0.542303
0.629158 0.656010 0.645733 0.637114 0.529375 0.555894 0.527054 0.542303 0.540314 0.522081
0.645733 0.637114 0.529375 0.555894 0.527054 0.542303 0.540314 0.522081 0.548933 0.546944
0.529375 0.555894 0.527054 0.542303 0.540314 0.522081 0.548933 0.546944 0.577308 0.567414
0.527054 0.542303 0.540314 0.522081 0.548933 0.546944 0.577308 0.567414 0.551720 0.528522
0.540314 0.522081 0.548933 0.546944 0.577308 0.567414 0.551720 0.528522 0.537050 0.521698
0.548933 0.546944 0.577308 0.567414 0.551720 0.528522 0.537050 0.521698 0.499182 0.504981
0.577308 0.567414 0.551720 0.528522 0.537050 0.521698 0.499182 0.504981 0.469500 0.437090
0.551720 0.528522 0.537050 0.521698 0.499182 0.504981 0.469500 0.437090 0.424808 0.439478
0.537050 0.521698 0.499182 0.504981 0.469500 0.437090 0.424808 0.439478 0.428561 0.392056
0.499182 0.504981 0.469500 0.437090 0.424808 0.439478 0.428561 0.392056 0.398197 0.367834
0.469500 0.437090 0.424808 0.439478 0.428561 0.392056 0.398197 0.367834 0.377387 0.352140
0.424808 0.439478 0.428561 0.392056 0.398197 0.367834 0.377387 0.352140 0.386939 0.443572
0.428561 0.392056 0.398197 0.367834 0.377387 0.352140 0.386939 0.443572 0.465065 0.471888
0.398197 0.367834 0.377387 0.352140 0.386939 0.443572 0.465065 0.471888 0.455854 0.469842
0.377387 0.352140 0.386939 0.443572 0.465065 0.471888 0.455854 0.469842 0.455854 0.456195
0.386939 0.443572 0.465065 0.471888 0.455854 0.469842 0.455854 0.456195 0.448690 0.467454
0.465065 0.471888 0.455854 0.469842 0.455854 0.456195 0.448690 0.467454 0.439819 0.415596
0.455854 0.469842 0.455854 0.456195 0.448690 0.467454 0.439819 0.415596 0.407067 0.416279
0.455854 0.456195 0.448690 0.467454 0.439819 0.415596 0.407067 0.416279 0.420714 0.457901
0.448690 0.467454 0.439819 0.415596 0.407067 0.416279 0.420714 0.457901 0.417644 0.425831
0.439819 0.415596 0.407067 0.416279 0.420714 0.457901 0.417644 0.425831 0.423102 0.456536
0.407067 0.416279 0.420714 0.457901 0.417644 0.425831 0.423102 0.456536 0.470524 0.458242
0.420714 0.457901 0.417644 0.425831 0.423102 0.456536 0.470524 0.458242 0.458242 0.460289
0.417644 0.425831 0.423102 0.456536 0.470524 0.458242 0.458242 0.460289 0.468818 0.487241
0.423102 0.456536 0.470524 0.458242 0.458242 0.460289 0.468818 0.487241 0.523063 0.527157
0.470524 0.458242 0.458242 0.460289 0.468818 0.487241 0.523063 0.527157 0.539779 0.547627
0.458242 0.460289 0.468818 0.487241 0.523063 0.527157 0.539779 0.547627 0.538074 0.537050
0.468818 0.487241 0.523063 0.527157 0.539779 0.547627 0.538074 0.537050 0.536027 0.548309
0.523063 0.527157 0.539779 0.547627 0.538074 0.537050 0.536027 0.548309 0.522722 0.518628
0.539779 0.547627 0.538074 0.537050 0.536027 0.548309 0.522722 0.518628 0.501911 0.503275
0.538074 0.537050 0.536027 0.548309 0.522722 0.518628 0.501911 0.503275 0.494406 0.507370
0.536027 0.548309 0.522722 0.518628 0.501911 0.503275 0.494406 0.507370 0.494064 0.521357
0.522722 0.518628 0.501911 0.503275 0.494406 0.507370 0.494064 0.521357 0.591978 0.614835
0.501911 0.503275 0.494406 0.507370 0.494064 0.521357 0.591978 0.614835 0.611765 0.634623
0.494406 0.507370 0.494064 0.521357 0.591978 0.614835 0.611765 0.634623 0.610742 0.602554
0.494064 0.521357 0.591978 0.614835 0.611765 0.634623 0.610742 0.602554 0.610742 0.614153
0.591978 0.614835 0.611765 0.634623 0.610742 0.602554 0.610742 0.614153 0.603577 0.602554
0.611765 0.634623 0.610742 0.602554 0.610742 0.614153 0.603577 0.602554 0.618589 0.612788
0.610742 0.602554 0.610742 0.614153 0.603577 0.602554 0.618589 0.612788 0.602212 0.599824
0.610742 0.614153 0.603577 0.602554 0.618589 0.612788 0.602212 0.599824 0.595390 0.616200
0.603577 0.602554 0.618589 0.612788 0.602212 0.599824 0.595390 0.616200 0.563320 0.554450
0.618589 0.612788 0.602212 0.599824 0.595390 0.616200 0.563320 0.554450 0.545921 0.539779
0.602212 0.599824 0.595390 0.616200 0.563320 0.554450 0.545921 0.539779 0.535003 0.547627
0.595390 0.616200 0.563320 0.554450 0.545921 0.539779 0.535003 0.547627 0.569802 0.582766
0.563320 0.554450 0.545921 0.539779 0.535003 0.547627 0.569802 0.582766 0.595048 0.593342
0.545921 0.539779 0.535003 0.547627 0.569802 0.582766 0.595048 0.593342 0.597778 0.580719
0.535003 0.547627 0.569802 0.582766 0.595048 0.593342 0.597778 0.580719 0.583107 0.593001
0.569802 0.582766 0.595048 0.593342 0.597778 0.580719 0.583107 0.593001 0.602212 0.576284
0.595048 0.593342 0.597778 0.580719 0.583107 0.593001 0.602212 0.576284 0.596071 0.588225
0.597778 0.580719 0.583107 0.593001 0.602212 0.576284 0.596071 0.588225 0.599483 0.594366
0.583107 0.593001 0.602212 0.576284 0.596071 0.588225 0.599483 0.594366 0.590272 0.587543
0.602212 0.576284 0.596071 0.588225 0.599483 0.594366 0.590272 0.587543 0.581743 0.622342
0.596071 0.588225 0.599483 0.594366 0.590272 0.587543 0.581743 0.622342 0.638035 0.657481
0.599483 0.594366 0.590272 0.587543 0.581743 0.622342 0.638035 0.657481 0.637693 0.627118
0.590272 0.587543 0.581743 0.622342 0.638035 0.657481 0.637693 0.627118 0.612788 0.622682
0.581743 0.622342 0.638035 0.657481 0.637693 0.627118 0.612788 0.622682 0.602554 0.586519
0.638035 0.657481 0.637693 0.627118 0.612788 0.622682 0.602554 0.586519 0.579355 0.576967
0.637693 0.627118 0.612788 0.622682 0.602554 0.586519 0.579355 0.576967 0.543532 0.557179
0.612788 0.622682 0.602554 0.586519 0.579355 0.576967 0.543532 0.557179 0.536709 0.536709
0.602554 0.586519 0.579355 0.576967 0.543532 0.557179 0.536709 0.536709 0.555133 0.551720
0.579355 0.576967 0.543532 0.557179 0.536709 0.536709 0.555133 0.551720 0.544215 0.583107
0.543532 0.557179 0.536709 0.536709 0.555133 0.551720 0.544215 0.583107 0.609718 0.575943
0.536709 0.536709 0.555133 0.551720 0.544215 0.583107 0.609718 0.575943 0.494064 0.473253
0.555133 0.551720 0.544215 0.583107 0.609718 0.575943 0.494064 0.473253 0.463701 0.454830
0.544215 0.583107 0.609718 0.575943 0.494064 0.473253 0.463701 0.454830 0.442207 0.456536
0.609718 0.575943 0.494064 0.473253 0.463701 0.454830 0.442207 0.456536 0.445325 0.441121
0.494064 0.473253 0.463701 0.454830 0.442207 0.456536 0.445325 0.441121 0.446726 0.460040
0.463701 0.454830 0.442207 0.456536 0.445325 0.441121 0.446726 0.460040 0.455135 0.457587
0.442207 0.456536 0.445325 0.441121 0.446726 0.460040 0.455135 0.457587 0.468798 0.497176
0.445325 0.441121 0.446726 0.460040 0.455135 0.457587 0.468798 0.497176 0.537116 0.542722
0.446726 0.460040 0.455135 0.457587 0.468798 0.497176 0.537116 0.542722 0.529758 0.518197
0.455135 0.457587 0.468798 0.497176 0.537116 0.542722 0.529758 0.518197 0.506636 0.482111
0.468798 0.497176 0.537116 0.542722 0.529758 0.518197 0.506636 0.482111 0.505235 0.485966
0.537116 0.542722 0.529758 0.518197 0.506636 0.482111 0.505235 0.485966 0.522051 0.546575
0.529758 0.518197 0.506636 0.482111 0.505235 0.485966 0.522051 0.546575 0.563742 0.552881
0.506636 0.482111 0.505235 0.485966 0.522051 0.546575 0.563742 0.552881 0.535364 0.508387
0.505235 0.485966 0.522051 0.546575 0.563742 0.552881 0.535364 0.508387 0.492972 0.477206
0.522051 0.546575 0.563742 0.552881 0.535364 0.508387 0.492972 0.477206 0.487717 0.508387
0.563742 0.552881 0.535364 0.508387 0.492972 0.477206 0.487717 0.508387 0.476506 0.404335
0.535364 0.508387 0.492972 0.477206 0.487717 0.508387 0.476506 0.404335 0.376657 0.391021
0.492972 0.477206 0.487717 0.508387 0.476506 0.404335 0.376657 0.391021 0.371052 0.386817
0.487717 0.508387 0.476506 0.404335 0.376657 0.391021 0.371052 0.386817 0.385066 0.403984
0.476506 0.404335 0.376657 0.391021 0.371052 0.386817 0.385066 0.403984 0.439019 0.428158
0.376657 0.391021 0.371052 0.386817 0.385066 0.403984 0.439019 0.428158 0.430260 0.458638
0.371052 0.386817 0.385066 0.403984 0.439019 0.428158 0.430260 0.458638 0.433413 0.414144
0.385066 0.403984 0.439019 0.428158 0.430260 0.458638 0.433413 0.414144 0.416597 0.397678
0.439019 0.428158 0.430260 0.458638 0.433413 0.414144 0.416597 0.397678 0.402583 0.390321
0.430260 0.458638 0.433413 0.414144 0.416597 0.397678 0.402583 0.390321 0.389970 0.378059
0.433413 0.414144 0.416597 0.397678 0.402583 0.390321 0.389970 0.378059 0.399430 0.427107
0.416597 0.397678 0.402583 0.390321 0.389970 0.378059 0.399430 0.427107 0.384715 0.359841
0.402583 0.390321 0.389970 0.378059 0.399430 0.427107 0.384715 0.359841 0.369650 0.416947
0.389970 0.378059 0.399430 0.427107 0.384715 0.359841 0.369650 0.416947 0.427107 0.442873
0.399430 0.427107 0.384715 0.359841 0.369650 0.416947 0.427107 0.442873 0.402583 0.400831
0.384715 0.359841 0.369650 0.416947 0.427107 0.442873 0.402583 0.400831 0.428509 0.355286
0.369650 0.416947 0.427107 0.442873 0.402583 0.400831 0.428509 0.355286 0.340221 0.324456
0.427107 0.442873 0.402583 0.400831 0.428509 0.355286 0.340221 0.324456 0.333915 0.338119
0.402583 0.400831 0.428509 0.355286 0.340221 0.324456 0.333915 0.338119 0.333565 0.346528
0.428509 0.355286 0.340221 0.324456 0.333915 0.338119 0.333565 0.346528 0.323405 0.309041
0.340221 0.324456 0.333915 0.338119 0.333565 0.346528 0.323405 0.309041 0.314646 0.299231
0.333915 0.338119 0.333565 0.346528 0.323405 0.309041 0.314646 0.299231 0.291523 0.301333
0.333565 0.346528 0.323405 0.309041 0.314646 0.299231 0.291523 0.301333 0.292224 0.318149
0.323405 0.309041 0.314646 0.299231 0.291523 0.301333 0.292224 0.318149 0.291874 0.281363
0.314646 0.299231 0.291523 0.301333 0.292224 0.318149 0.291874 0.281363 0.260342 0.295027
0.291523 0.301333 0.292224 0.318149 0.291874 0.281363 0.260342 0.295027 0.319551 0.278911
0.292224 0.318149 0.291874 0.281363 0.260342 0.295027 0.319551 0.278911 0.279962 0.283816
0.291874 0.281363 0.260342 0.295027 0.319551 0.278911 0.279962 0.283816 0.265598 0.242124
0.260342 0.295027 0.319551 0.278911 0.279962 0.283816 0.265598 0.242124 0.216549 0.270152
0.319551 0.278911 0.279962 0.283816 0.265598 0.242124 0.216549 0.270152 0.295377 0.301683
0.279962 0.283816 0.265598 0.242124 0.216549 0.270152 0.295377 0.301683 0.372804 0.407488
0.265598 0.242124 0.216549 0.270152 0.295377 0.301683 0.372804 0.407488 0.441121 0.381562
0.216549 0.270152 0.295377 0.301683 0.372804 0.407488 0.441121 0.381562 0.404335 0.397327
0.295377 0.301683 0.372804 0.407488 0.441121 0.381562 0.404335 0.397327 0.419049 0.406437
0.372804 0.407488 0.441121 0.381562 0.404335 0.397327 0.419049 0.406437 0.400481 0.444975
0.441121 0.381562 0.404335 0.397327 0.419049 0.406437 0.400481 0.444975 0.431661 0.462142
0.404335 0.397327 0.419049 0.406437 0.400481 0.444975 0.431661 0.462142 0.504533 0.519598
0.419049 0.406437 0.400481 0.444975 0.431661 0.462142 0.504533 0.519598 0.461091 0.447778
0.400481 0.444975 0.431661 0.462142 0.504533 0.519598 0.461091 0.447778 0.488418 0.475805
0.431661 0.462142 0.504533 0.519598 0.461091 0.447778 0.488418 0.475805 0.454434 0.463193
0.504533 0.519598 0.461091 0.447778 0.488418 0.475805 0.454434 0.463193 0.481761 0.494724
0.461091 0.447778 0.488418 0.475805 0.454434 0.463193 0.481761 0.494724 0.512592 0.489469
0.488418 0.475805 0.454434 0.463193 0.481761 0.494724 0.512592 0.489469 0.487016 0.472652
0.454434 0.463193 0.481761 0.494724 0.512592 0.489469 0.487016 0.472652 0.475105 0.493673
0.481761 0.494724 0.512592 0.489469 0.487016 0.472652 0.475105 0.493673 0.477557 0.473703
0.512592 0.489469 0.487016 0.472652 0.475105 0.493673 0.477557 0.473703 0.435866 0.434814
0.487016 0.472652 0.475105 0.493673 0.477557 0.473703 0.435866 0.434814 0.405035 0.430610
0.475105 0.493673 0.477557 0.473703 0.435866 0.434814 0.405035 0.430610 0.407137 0.474404
0.477557 0.473703 0.435866 0.434814 0.405035 0.430610 0.407137 0.474404 0.494023 0.494724
0.435866 0.434814 0.405035 0.430610 0.407137 0.474404 0.494023 0.494724 0.478958 0.511190
0.405035 0.430610 0.407137 0.474404 0.494023 0.494724 0.478958 0.511190 0.527089 0.531787
0.407137 0.474404 0.494023 0.494724 0.478958 0.511190 0.527089 0.531787 0.537930 0.513358
0.494023 0.494724 0.478958 0.511190 0.527089 0.531787 0.537930 0.513358 0.489509 0.450845
0.478958 0.511190 0.527089 0.531787 0.537930 0.513358 0.489509 0.450845 0.410012 0.415071
0.527089 0.531787 0.537930 0.513358 0.489509 0.450845 0.410012 0.415071 0.425912 0.445424
0.537930 0.513358 0.489509 0.450845 0.410012 0.415071 0.425912 0.445424 0.499627 0.460601
0.489509 0.450845 0.410012 0.415071 0.425912 0.445424 0.499627 0.460601 0.427718 0.426634
0.410012 0.415071 0.425912 0.445424 0.499627 0.460601 0.427718 0.426634 0.409290 0.386886
0.425912 0.445424 0.499627 0.460601 0.427718 0.426634 0.409290 0.386886 0.387970 0.401340
0.499627 0.460601 0.427718 0.426634 0.409290 0.386886 0.387970 0.401340 0.410012 0.450484
0.427718 0.426634 0.409290 0.386886 0.387970 0.401340 0.410012 0.450484 0.452651 0.425550
0.409290 0.386886 0.387970 0.401340 0.410012 0.450484 0.452651 0.425550 0.437114 0.446147
0.387970 0.401340 0.410012 0.450484 0.452651 0.425550 0.437114 0.446147 0.452290 0.458433
0.410012 0.450484 0.452651 0.425550 0.437114 0.446147 0.452290 0.458433 0.450845 0.453013
0.452651 0.425550 0.437114 0.446147 0.452290 0.458433 0.450845 0.453013 0.439643 0.411819
0.437114 0.446147 0.452290 0.458433 0.450845 0.453013 0.439643 0.411819 0.389415 0.385802
0.452290 0.458433 0.450845 0.453013 0.439643 0.411819 0.389415 0.385802 0.433862 0.398087
0.450845 0.453013 0.439643 0.411819 0.389415 0.385802 0.433862 0.398087 0.367373 0.368819
0.439643 0.411819 0.389415 0.385802 0.433862 0.398087 0.367373 0.368819 0.380020 0.382911
0.389415 0.385802 0.433862 0.398087 0.367373 0.368819 0.380020 0.382911 0.359423 0.337742
0.433862 0.398087 0.367373 0.368819 0.380020 0.382911 0.359423 0.337742 0.345692 0.274506
0.367373 0.368819 0.380020 0.382911 0.359423 0.337742 0.345692 0.274506 0.275590 0.225001
0.380020 0.382911 0.359423 0.337742 0.345692 0.274506 0.275590 0.225001 0.230060 0.270893
0.359423 0.337742 0.345692 0.274506 0.275590 0.225001 0.230060 0.270893 0.282456 0.307750
0.345692 0.274506 0.275590 0.225001 0.230060 0.270893 0.282456 0.307750 0.286792 0.260414
0.275590 0.225001 0.230060 0.270893 0.282456 0.307750 0.286792 0.260414 0.269447 0.211993
0.230060 0.270893 0.282456 0.307750 0.286792 0.260414 0.269447 0.211993 0.231506 0.261498
0.282456 0.307750 0.286792 0.260414 0.269447 0.211993 0.231506 0.261498 0.316423 0.355087
0.286792 0.260414 0.269447 0.211993 0.231506 0.261498 0.316423 0.355087 0.344608 0.323288
0.269447 0.211993 0.231506 0.261498 0.316423 0.355087 0.344608 0.323288 0.309919 0.344969
0.231506 0.261498 0.316423 0.355087 0.344608 0.323288 0.309919 0.344969 0.359423 0.405315
0.316423 0.355087 0.344608 0.323288 0.309919 0.344969 0.359423 0.405315 0.417239 0.446870
0.344608 0.323288 0.309919 0.344969 0.359423 0.405315 0.417239 0.446870 0.415433 0.354364
0.309919 0.344969 0.359423 0.405315 0.417239 0.446870 0.415433 0.354364 0.341717 0.343163
0.359423 0.405315 0.417239 0.446870 0.415433 0.354364 0.341717 0.343163 0.328709 0.354003
0.417239 0.446870 0.415433 0.354364 0.341717 0.343163 0.328709 0.354003 0.385079 0.405676
0.415433 0.354364 0.341717 0.343163 0.328709 0.354003 0.385079 0.405676 0.429887 0.432055
0.341717 0.343163 0.328709 0.354003 0.385079 0.405676 0.429887 0.432055 0.462769 0.458433
0.328709 0.354003 0.385079 0.405676 0.429887 0.432055 0.462769 0.458433 0.470719 0.427357
0.385079 0.405676 0.429887 0.432055 0.462769 0.458433 0.470719 0.427357 0.438920 0.411819
0.429887 0.432055 0.462769 0.458433 0.470719 0.427357 0.438920 0.411819 0.382911 0.370987
0.462769 0.458433 0.470719 0.427357 0.438920 0.411819 0.382911 0.370987 0.396281 0.320398
0.470719 0.427357 0.438920 0.411819 0.382911 0.370987 0.396281 0.320398 0.326179 0.385802
0.438920 0.411819 0.382911 0.370987 0.396281 0.320398 0.326179 0.385802 0.389415 0.339911
0.382911 0.370987 0.396281 0.320398 0.326179 0.385802 0.389415 0.339911 0.356171 0.332322
0.396281 0.320398 0.326179 0.385802 0.389415 0.339911 0.356171 0.332322 0.361230 0.343885
0.326179 0.385802 0.389415 0.339911 0.356171 0.332322 0.361230 0.343885 0.327986 0.334129
0.389415 0.339911 0.356171 0.332322 0.361230 0.343885 0.327986 0.334129 0.394836 0.451929
0.356171 0.332322 0.361230 0.343885 0.327986 0.334129 0.394836 0.451929 0.469274 0.417962
0.361230 0.343885 0.327986 0.334129 0.394836 0.451929 0.469274 0.417962 0.449399 0.451206
0.327986 0.334129 0.394836 0.451929 0.469274 0.417962 0.449399 0.451206 0.475778 0.472164
0.394836 0.451929 0.469274 0.417962 0.449399 0.451206 0.475778 0.472164 0.467105 0.471441
