38.154682 70.451347
0.384231 0.325478 0.335497 0.347339 0.414290 0.399488 0.435469 0.464390 0.442301 0.479420
0.335497 0.347339 0.414290 0.399488 0.435469 0.464390 0.442301 0.479420 0.512440 0.520410
0.414290 0.399488 0.435469 0.464390 0.442301 0.479420 0.512440 0.520410 0.524965 0.524737
0.435469 0.464390 0.442301 0.479420 0.512440 0.520410 0.524965 0.524737 0.578253 0.632679
0.442301 0.479420 0.512440 0.520410 0.524965 0.524737 0.578253 0.632679 0.664333 0.609223
0.512440 0.520410 0.524965 0.524737 0.578253 0.632679 0.664333 0.609223 0.638372 0.647026
0.524965 0.524737 0.578253 0.632679 0.664333 0.609223 0.638372 0.647026 0.651353 0.667977
0.578253 0.632679 0.664333 0.609223 0.638372 0.647026 0.651353 0.667977 0.689383 0.700313
0.664333 0.609223 0.638372 0.647026 0.651353 0.667977 0.689383 0.700313 0.703730 0.693937
0.638372 0.647026 0.651353 0.667977 0.689383 0.700313 0.703730 0.693937 0.654996 0.689610
0.651353 0.667977 0.689383 0.700313 0.703730 0.693937 0.654996 0.689610 0.695987 0.711927
0.689383 0.700313 0.703730 0.693937 0.654996 0.689610 0.695987 0.711927 0.713066 0.704868
0.703730 0.693937 0.654996 0.689610 0.695987 0.711927 0.713066 0.704868 0.695987 0.723086
0.654996 0.689610 0.695987 0.711927 0.713066 0.704868 0.695987 0.723086 0.733334 0.749274
0.695987 0.711927 0.713066 0.704868 0.695987 0.723086 0.733334 0.749274 0.753601 0.759294
0.713066 0.704868 0.695987 0.723086 0.733334 0.749274 0.753601 0.759294 0.754740 0.766810
0.695987 0.723086 0.733334 0.749274 0.753601 0.759294 0.754740 0.766810 0.788671 0.792315
0.733334 0.749274 0.753601 0.759294 0.754740 0.766810 0.788671 0.792315 0.767948 0.822375
0.753601 0.759294 0.754740 0.766810 0.788671 0.792315 0.767948 0.822375 0.848791 0.866325
0.754740 0.766810 0.788671 0.792315 0.767948 0.822375 0.848791 0.866325 0.871335 0.838543
0.788671 0.792315 0.767948 0.822375 0.848791 0.866325 0.871335 0.838543 0.915286 0.928494
0.767948 0.822375 0.848791 0.866325 0.871335 0.838543 0.915286 0.928494 0.938742 1.000000
0.848791 0.866325 0.871335 0.838543 0.915286 0.928494 0.938742 1.000000 0.907088 0.866098
0.871335 0.838543 0.915286 0.928494 0.938742 1.000000 0.907088 0.866098 0.873840 0.902534
0.915286 0.928494 0.938742 1.000000 0.907088 0.866098 0.873840 0.902534 0.838543 0.832394
0.938742 1.000000 0.907088 0.866098 0.873840 0.902534 0.838543 0.832394 0.813493 0.838998
0.907088 0.866098 0.873840 0.902534 0.838543 0.832394 0.813493 0.838998 0.833305 0.887732
0.873840 0.902534 0.838543 0.832394 0.813493 0.838998 0.833305 0.887732 0.861999 0.871563
0.838543 0.832394 0.813493 0.838998 0.833305 0.887732 0.861999 0.871563 0.871563 0.857284
0.813493 0.838998 0.833305 0.887732 0.861999 0.871563 0.871563 0.857284 0.830129 0.861966
0.833305 0.887732 0.861999 0.871563 0.871563 0.857284 0.830129 0.861966 0.893801 0.882565
0.861999 0.871563 0.871563 0.857284 0.830129 0.861966 0.893801 0.882565 0.853539 0.863370
0.871563 0.857284 0.830129 0.861966 0.893801 0.882565 0.853539 0.863370 0.851665 0.803911
0.830129 0.861966 0.893801 0.882565 0.853539 0.863370 0.851665 0.803911 0.846282 0.861731
0.893801 0.882565 0.853539 0.863370 0.851665 0.803911 0.846282 0.861731 0.866647 0.836216
0.853539 0.863370 0.851665 0.803911 0.846282 0.861731 0.866647 0.836216 0.858922 0.914869
0.851665 0.803911 0.846282 0.861731 0.866647 0.836216 0.858922 0.914869 0.900356 0.835045
0.846282 0.861731 0.866647 0.836216 0.858922 0.914869 0.900356 0.835045 0.839493 0.868052
0.866647 0.836216 0.858922 0.914869 0.900356 0.835045 0.839493 0.868052 0.814212 0.800634
0.858922 0.914869 0.900356 0.835045 0.839493 0.868052 0.814212 0.800634 0.814212 0.880224
0.900356 0.835045 0.839493 0.868052 0.814212 0.800634 0.814212 0.880224 0.879990 0.824278
0.839493 0.868052 0.814212 0.800634 0.814212 0.880224 0.879990 0.824278 0.793378 0.845111
0.814212 0.800634 0.814212 0.880224 0.879990 0.824278 0.793378 0.845111 0.809062 0.842770
0.814212 0.880224 0.879990 0.824278 0.793378 0.845111 0.809062 0.842770 0.910656 0.918615
0.879990 0.824278 0.793378 0.845111 0.809062 0.842770 0.910656 0.918615 0.924701 0.918380
0.793378 0.845111 0.809062 0.842770 0.910656 0.918615 0.924701 0.918380 0.889354 0.906911
0.809062 0.842770 0.910656 0.918615 0.924701 0.918380 0.889354 0.906911 0.868754 0.814914
0.910656 0.918615 0.924701 0.918380 0.889354 0.906911 0.868754 0.814914 0.825682 0.776992
0.924701 0.918380 0.889354 0.906911 0.868754 0.814914 0.825682 0.776992 0.780269 0.760138
0.889354 0.906911 0.868754 0.814914 0.825682 0.776992 0.780269 0.760138 0.734622 0.697870
0.868754 0.814914 0.825682 0.776992 0.780269 0.760138 0.734622 0.697870 0.711214 0.773480
0.825682 0.776992 0.780269 0.760138 0.734622 0.697870 0.711214 0.773480 0.799464 0.788462
0.780269 0.760138 0.734622 0.697870 0.711214 0.773480 0.799464 0.788462 0.743986 0.756860
0.734622 0.697870 0.711214 0.773480 0.799464 0.788462 0.743986 0.756860 0.728068 0.730175
0.711214 0.773480 0.799464 0.788462 0.743986 0.756860 0.728068 0.730175 0.728770 0.819596
0.799464 0.788462 0.743986 0.756860 0.728068 0.730175 0.728770 0.819596 0.849091 0.828257
0.743986 0.756860 0.728068 0.730175 0.728770 0.819596 0.849091 0.828257 0.839025 0.846048
0.728068 0.730175 0.728770 0.819596 0.849091 0.828257 0.839025 0.846048 0.757094 0.729706
0.728770 0.819596 0.849091 0.828257 0.839025 0.846048 0.757094 0.729706 0.787292 0.761074
0.849091 0.828257 0.839025 0.846048 0.757094 0.729706 0.787292 0.761074 0.755690 0.738836
0.839025 0.846048 0.757094 0.729706 0.787292 0.761074 0.755690 0.738836 0.683591 0.670951
0.757094 0.729706 0.787292 0.761074 0.755690 0.738836 0.683591 0.670951 0.714491 0.759669
0.787292 0.761074 0.755690 0.738836 0.683591 0.670951 0.714491 0.759669 0.773949 0.769267
0.755690 0.738836 0.683591 0.670951 0.714491 0.759669 0.773949 0.769267 0.768331 0.810232
0.683591 0.670951 0.714491 0.759669 0.773949 0.769267 0.768331 0.810232 0.795251 0.809296
0.714491 0.759669 0.773949 0.769267 0.768331 0.810232 0.795251 0.809296 0.809998 0.791037
0.773949 0.769267 0.768331 0.810232 0.795251 0.809296 0.809998 0.791037 0.778397 0.735558
0.768331 0.810232 0.795251 0.809296 0.809998 0.791037 0.778397 0.735558 0.686166 0.711214
0.795251 0.809296 0.809998 0.791037 0.778397 0.735558 0.686166 0.711214 0.716597 0.707000
0.809998 0.791037 0.778397 0.735558 0.686166 0.711214 0.716597 0.707000 0.723854 0.740942
0.778397 0.735558 0.686166 0.711214 0.716597 0.707000 0.723854 0.740942 0.747497 0.798762
0.686166 0.711214 0.716597 0.707000 0.723854 0.740942 0.747497 0.798762 0.784015 0.780269
0.716597 0.707000 0.723854 0.740942 0.747497 0.798762 0.784015 0.780269 0.791271 0.689677
0.723854 0.740942 0.747497 0.798762 0.784015 0.780269 0.791271 0.689677 0.598617 0.621090
0.747497 0.798762 0.784015 0.780269 0.791271 0.689677 0.598617 0.621090 0.620153 0.605640
0.784015 0.780269 0.791271 0.689677 0.598617 0.621090 0.620153 0.605640 0.592999 0.546884
0.791271 0.689677 0.598617 0.621090 0.620153 0.605640 0.592999 0.546884 0.514346 0.465890
0.598617 0.621090 0.620153 0.605640 0.592999 0.546884 0.514346 0.465890 0.388875 0.479701
0.620153 0.605640 0.592999 0.546884 0.514346 0.465890 0.388875 0.479701 0.460506 0.520666
0.592999 0.546884 0.514346 0.465890 0.388875 0.479701 0.460506 0.520666 0.514580 0.496087
0.514346 0.465890 0.388875 0.479701 0.460506 0.520666 0.514580 0.496087 0.455122 0.449738
0.388875 0.479701 0.460506 0.520666 0.514580 0.496087 0.455122 0.449738 0.505919 0.470572
0.460506 0.520666 0.514580 0.496087 0.455122 0.449738 0.505919 0.470572 0.491405 0.533775
0.514580 0.496087 0.455122 0.449738 0.505919 0.470572 0.491405 0.533775 0.555545 0.548523
0.455122 0.449738 0.505919 0.470572 0.491405 0.533775 0.555545 0.548523 0.540564 0.554141
0.505919 0.470572 0.491405 0.533775 0.555545 0.548523 0.540564 0.554141 0.577315 0.581295
0.491405 0.533775 0.555545 0.548523 0.540564 0.554141 0.577315 0.581295 0.585977 0.510600
0.555545 0.548523 0.540564 0.554141 0.577315 0.581295 0.585977 0.510600 0.486490 0.369446
0.540564 0.554141 0.577315 0.581295 0.585977 0.510600 0.486490 0.369446 0.373425 0.304604
0.577315 0.581295 0.585977 0.510600 0.486490 0.369446 0.373425 0.304604 0.357039 0.307179
0.585977 0.510600 0.486490 0.369446 0.373425 0.304604 0.357039 0.307179 0.299454 0.336674
0.486490 0.369446 0.373425 0.304604 0.357039 0.307179 0.299454 0.336674 0.327310 0.330353
0.373425 0.304604 0.357039 0.307179 0.299454 0.336674 0.327310 0.330353 0.373659 0.412518
0.357039 0.307179 0.299454 0.336674 0.327310 0.330353 0.373659 0.412518 0.449972 0.470104
0.299454 0.336674 0.327310 0.330353 0.373659 0.412518 0.449972 0.470104 0.508962 0.538691
0.327310 0.330353 0.373659 0.412518 0.449972 0.470104 0.508962 0.538691 0.516921 0.492810
0.373659 0.412518 0.449972 0.470104 0.508962 0.538691 0.516921 0.492810 0.525114 0.512942
0.449972 0.470104 0.508962 0.538691 0.516921 0.492810 0.525114 0.512942 0.523242 0.511771
0.508962 0.538691 0.516921 0.492810 0.525114 0.512942 0.523242 0.511771 0.544309 0.598852
0.516921 0.492810 0.525114 0.512942 0.523242 0.511771 0.544309 0.598852 0.661119 0.653394
0.525114 0.512942 0.523242 0.511771 0.544309 0.598852 0.661119 0.653394 0.646840 0.665332
0.523242 0.511771 0.544309 0.598852 0.661119 0.653394 0.646840 0.665332 0.657374 0.667205
0.544309 0.598852 0.661119 0.653394 0.646840 0.665332 0.657374 0.667205 0.685698 0.674930
0.661119 0.653394 0.646840 0.665332 0.657374 0.667205 0.685698 0.674930 0.636305 0.646605
0.646840 0.665332 0.657374 0.667205 0.685698 0.674930 0.636305 0.646605 0.686400 0.644498
0.657374 0.667205 0.685698 0.674930 0.636305 0.646605 0.686400 0.644498 0.669780 0.652223
0.685698 0.674930 0.636305 0.646605 0.686400 0.644498 0.669780 0.652223 0.620856 0.607279
0.636305 0.646605 0.686400 0.644498 0.669780 0.652223 0.620856 0.607279 0.597915 0.638646
0.686400 0.644498 0.669780 0.652223 0.620856 0.607279 0.597915 0.638646 0.645435 0.658309
0.669780 0.652223 0.620856 0.607279 0.597915 0.638646 0.645435 0.658309 0.673759 0.666737
0.620856 0.607279 0.597915 0.638646 0.645435 0.658309 0.673759 0.666737 0.655032 0.679144
0.597915 0.638646 0.645435 0.658309 0.673759 0.666737 0.655032 0.679144 0.738133 0.748667
0.645435 0.658309 0.673759 0.666737 0.655032 0.679144 0.738133 0.748667 0.802039 0.766458
0.673759 0.666737 0.655032 0.679144 0.738133 0.748667 0.802039 0.766458 0.757797 0.654330
0.655032 0.679144 0.738133 0.748667 0.802039 0.766458 0.757797 0.654330 0.658778 0.684996
0.738133 0.748667 0.802039 0.766458 0.757797 0.654330 0.658778 0.684996 0.633496 0.623197
0.802039 0.766458 0.757797 0.654330 0.658778 0.684996 0.633496 0.623197 0.626708 0.565611
0.757797 0.654330 0.658778 0.684996 0.633496 0.623197 0.626708 0.565611 0.526284 0.585977
0.658778 0.684996 0.633496 0.623197 0.626708 0.565611 0.526284 0.585977 0.599788 0.657607
0.633496 0.623197 0.626708 0.565611 0.526284 0.585977 0.599788 0.657607 0.616174 0.585977
0.626708 0.565611 0.526284 0.585977 0.599788 0.657607 0.616174 0.585977 0.606342 0.640753
0.526284 0.585977 0.599788 0.657607 0.616174 0.585977 0.606342 0.640753 0.640753 0.628113
0.599788 0.657607 0.616174 0.585977 0.606342 0.640753 0.640753 0.628113 0.653394 0.634667
0.616174 0.585977 0.606342 0.640753 0.640753 0.628113 0.653394 0.634667 0.542437 0.542202
0.606342 0.640753 0.640753 0.628113 0.653394 0.634667 0.542437 0.542202 0.498428 0.433820
0.640753 0.628113 0.653394 0.634667 0.542437 0.542202 0.498428 0.433820 0.414859 0.413455
0.653394 0.634667 0.542437 0.542202 0.498428 0.433820 0.414859 0.413455 0.437097 0.416029
0.542437 0.542202 0.498428 0.433820 0.414859 0.413455 0.437097 0.416029 0.359146 0.329183
0.498428 0.433820 0.414859 0.413455 0.437097 0.416029 0.359146 0.329183 0.338312 0.352592
0.414859 0.413455 0.437097 0.416029 0.359146 0.329183 0.338312 0.352592 0.312329 0.354699
0.437097 0.416029 0.359146 0.329183 0.338312 0.352592 0.312329 0.354699 0.368978 0.342526
0.359146 0.329183 0.338312 0.352592 0.312329 0.354699 0.368978 0.342526 0.342292 0.361955
0.338312 0.352592 0.312329 0.354699 0.368978 0.342526 0.342292 0.361955 0.314202 0.320522
0.312329 0.354699 0.368978 0.342526 0.342292 0.361955 0.314202 0.320522 0.310690 0.289388
0.368978 0.342526 0.342292 0.361955 0.314202 0.320522 0.310690 0.289388 0.292665 0.245146
0.342292 0.361955 0.314202 0.320522 0.310690 0.289388 0.292665 0.245146 0.253339 0.208160
0.314202 0.320522 0.310690 0.289388 0.292665 0.245146 0.253339 0.208160 0.203244 0.206755
0.310690 0.289388 0.292665 0.245146 0.253339 0.208160 0.203244 0.206755 0.195753 0.244444
0.292665 0.245146 0.253339 0.208160 0.203244 0.206755 0.195753 0.244444 0.288686 0.277684
0.253339 0.208160 0.203244 0.206755 0.195753 0.244444 0.288686 0.277684 0.336908 0.333631
0.203244 0.206755 0.195753 0.244444 0.288686 0.277684 0.336908 0.333631 0.302029 0.325906
0.195753 0.244444 0.288686 0.277684 0.336908 0.333631 0.302029 0.325906 0.289856 0.229696
0.288686 0.277684 0.336908 0.333631 0.302029 0.325906 0.289856 0.229696 0.241166 0.285175
0.336908 0.333631 0.302029 0.325906 0.289856 0.229696 0.241166 0.285175 0.295709 0.332929
0.302029 0.325906 0.289856 0.229696 0.241166 0.285175 0.295709 0.332929 0.372723 0.378810
0.289856 0.229696 0.241166 0.285175 0.295709 0.332929 0.372723 0.378810 0.394025 0.386534
0.241166 0.285175 0.295709 0.332929 0.372723 0.378810 0.394025 0.386534 0.341356 0.346740
0.295709 0.332929 0.372723 0.378810 0.394025 0.386534 0.341356 0.346740 0.283068 0.342292
0.372723 0.378810 0.394025 0.386534 0.341356 0.346740 0.283068 0.342292 0.370148 0.373659
0.394025 0.386534 0.341356 0.346740 0.283068 0.342292 0.370148 0.373659 0.402218 0.378341
0.341356 0.346740 0.283068 0.342292 0.370148 0.373659 0.402218 0.378341 0.393323 0.379512
0.283068 0.342292 0.370148 0.373659 0.402218 0.378341 0.393323 0.379512 0.385832 0.393557
0.370148 0.373659 0.402218 0.378341 0.393323 0.379512 0.385832 0.393557 0.360317 0.371787
0.402218 0.378341 0.393323 0.379512 0.385832 0.393557 0.360317 0.371787 0.408773 0.395664
0.393323 0.379512 0.385832 0.393557 0.360317 0.371787 0.408773 0.395664 0.360785 0.349549
0.385832 0.393557 0.360317 0.371787 0.408773 0.395664 0.360785 0.349549 0.295709 0.281663
0.360317 0.371787 0.408773 0.395664 0.360785 0.349549 0.295709 0.281663 0.288330 0.290800
0.408773 0.395664 0.360785 0.349549 0.295709 0.281663 0.288330 0.290800 0.312529 0.332283
0.360785 0.349549 0.295709 0.281663 0.288330 0.290800 0.312529 0.332283 0.386608 0.395497
0.295709 0.281663 0.288330 0.290800 0.312529 0.332283 0.386608 0.395497 0.362162 0.386854
0.288330 0.290800 0.312529 0.332283 0.386608 0.395497 0.362162 0.386854 0.439450 0.451549
0.312529 0.332283 0.386608 0.395497 0.362162 0.386854 0.439450 0.451549 0.464637 0.380434
0.386608 0.395497 0.362162 0.386854 0.439450 0.451549 0.464637 0.380434 0.369570 0.372533
0.362162 0.386854 0.439450 0.451549 0.464637 0.380434 0.369570 0.372533 0.368582 0.373767
0.439450 0.451549 0.464637 0.380434 0.369570 0.372533 0.368582 0.373767 0.317221 0.327098
0.464637 0.380434 0.369570 0.372533 0.368582 0.373767 0.317221 0.327098 0.289565 0.267588
0.369570 0.372533 0.368582 0.373767 0.317221 0.327098 0.289565 0.267588 0.277218 0.285367
0.368582 0.373767 0.317221 0.327098 0.289565 0.267588 0.277218 0.285367 0.293516 0.302652
0.317221 0.327098 0.289565 0.267588 0.277218 0.285367 0.293516 0.302652 0.284873 0.269564
0.289565 0.267588 0.277218 0.285367 0.293516 0.302652 0.284873 0.269564 0.271293 0.244624
0.277218 0.285367 0.293516 0.302652 0.284873 0.269564 0.271293 0.244624 0.240920 0.235982
0.293516 0.302652 0.284873 0.269564 0.271293 0.244624 0.240920 0.235982 0.246600 0.224129
0.284873 0.269564 0.271293 0.244624 0.240920 0.235982 0.246600 0.224129 0.254995 0.302899
0.271293 0.244624 0.240920 0.235982 0.246600 0.224129 0.254995 0.302899 0.322160 0.316974
0.240920 0.235982 0.246600 0.224129 0.254995 0.302899 0.322160 0.316974 0.339691 0.334506
0.246600 0.224129 0.254995 0.302899 0.322160 0.316974 0.339691 0.334506 0.308825 0.315245
0.254995 0.302899 0.322160 0.316974 0.339691 0.334506 0.308825 0.315245 0.282404 0.284380
0.322160 0.316974 0.339691 0.334506 0.308825 0.315245 0.282404 0.284380 0.303146 0.290553
0.339691 0.334506 0.308825 0.315245 0.282404 0.284380 0.303146 0.290553 0.270058 0.238698
0.308825 0.315245 0.282404 0.284380 0.303146 0.290553 0.270058 0.238698 0.210548 0.177954
0.282404 0.284380 0.303146 0.290553 0.270058 0.238698 0.210548 0.177954 0.189313 0.184374
0.303146 0.290553 0.270058 0.238698 0.210548 0.177954 0.189313 0.184374 0.198202 0.259440
0.270058 0.238698 0.210548 0.177954 0.189313 0.184374 0.198202 0.259440 0.267095 0.275490
0.210548 0.177954 0.189313 0.184374 0.198202 0.259440 0.267095 0.275490 0.299936 0.178201
0.189313 0.184374 0.198202 0.259440 0.267095 0.275490 0.299936 0.178201 0.136470 0.144125
0.198202 0.259440 0.267095 0.275490 0.299936 0.178201 0.136470 0.144125 0.145359 0.140174
0.267095 0.275490 0.299936 0.178201 0.136470 0.144125 0.145359 0.140174 0.170299 0.157953
0.299936 0.178201 0.136470 0.144125 0.145359 0.140174 0.170299 0.157953 0.109308 0.101900
0.136470 0.144125 0.145359 0.140174 0.170299 0.157953 0.109308 0.101900 0.109555 0.155730
0.145359 0.140174 0.170299 0.157953 0.109308 0.101900 0.109555 0.155730 0.182152 0.242155
0.170299 0.157953 0.109308 0.101900 0.109555 0.155730 0.182152 0.242155 0.232525 0.262897
0.109308 0.101900 0.109555 0.155730 0.182152 0.242155 0.232525 0.262897 0.260428 0.258452
0.109555 0.155730 0.182152 0.242155 0.232525 0.262897 0.260428 0.258452 0.242402 0.267588
0.182152 0.242155 0.232525 0.262897 0.260428 0.258452 0.242402 0.267588 0.286602 0.288083
0.232525 0.262897 0.260428 0.258452 0.242402 0.267588 0.286602 0.288083 0.298948 0.318949
0.260428 0.258452 0.242402 0.267588 0.286602 0.288083 0.298948 0.318949 0.347593 0.307838
0.242402 0.267588 0.286602 0.288083 0.298948 0.318949 0.347593 0.307838 0.320431 0.317715
0.286602 0.288083 0.298948 0.318949 0.347593 0.307838 0.320431 0.317715 0.273268 0.284133
0.298948 0.318949 0.347593 0.307838 0.320431 0.317715 0.273268 0.284133 0.283886 0.325616
0.347593 0.307838 0.320431 0.317715 0.273268 0.284133 0.283886 0.325616 0.329073 0.371051
0.320431 0.317715 0.273268 0.284133 0.283886 0.325616 0.329073 0.371051 0.366360 0.376237
0.273268 0.284133 0.283886 0.325616 0.329073 0.371051 0.366360 0.376237 0.371545 0.381669
0.283886 0.325616 0.329073 0.371051 0.366360 0.376237 0.371545 0.381669 0.362409 0.343889
0.329073 0.371051 0.366360 0.376237 0.371545 0.381669 0.362409 0.343889 0.349815 0.335000
0.366360 0.376237 0.371545 0.381669 0.362409 0.343889 0.349815 0.335000 0.335000 0.346111
0.371545 0.381669 0.362409 0.343889 0.349815 0.335000 0.335000 0.346111 0.352532 0.329073
0.362409 0.343889 0.349815 0.335000 0.335000 0.346111 0.352532 0.329073 0.342161 0.330555
0.349815 0.335000 0.335000 0.346111 0.352532 0.329073 0.342161 0.330555 0.357223 0.351544
0.335000 0.346111 0.352532 0.329073 0.342161 0.330555 0.357223 0.351544 0.342161 0.370804
0.352532 0.329073 0.342161 0.330555 0.357223 0.351544 0.342161 0.370804 0.368829 0.381422
0.342161 0.330555 0.357223 0.351544 0.342161 0.370804 0.368829 0.381422 0.403152 0.392781
0.357223 0.351544 0.342161 0.370804 0.368829 0.381422 0.403152 0.392781 0.385620 0.359446
0.342161 0.370804 0.368829 0.381422 0.403152 0.392781 0.385620 0.359446 0.346852 0.337963
0.368829 0.381422 0.403152 0.392781 0.385620 0.359446 0.346852 0.337963 0.345371 0.310307
0.403152 0.392781 0.385620 0.359446 0.346852 0.337963 0.345371 0.310307 0.333024 0.327345
0.385620 0.359446 0.346852 0.337963 0.345371 0.310307 0.333024 0.327345 0.339938 0.384632
0.346852 0.337963 0.345371 0.310307 0.333024 0.327345 0.339938 0.384632 0.387101 0.346605
0.345371 0.310307 0.333024 0.327345 0.339938 0.384632 0.387101 0.346605 0.337222 0.351050
0.333024 0.327345 0.339938 0.384632 0.387101 0.346605 0.337222 0.351050 0.352038 0.367100
0.339938 0.384632 0.387101 0.346605 0.337222 0.351050 0.352038 0.367100 0.408090 0.415745
0.387101 0.346605 0.337222 0.351050 0.352038 0.367100 0.408090 0.415745 0.407596 0.395744
0.337222 0.351050 0.352038 0.367100 0.408090 0.415745 0.407596 0.395744 0.414264 0.409078
0.352038 0.367100 0.408090 0.415745 0.407596 0.395744 0.414264 0.409078 0.401917 0.379200
0.408090 0.415745 0.407596 0.395744 0.414264 0.409078 0.401917 0.379200 0.402905 0.395744
0.407596 0.395744 0.414264 0.409078 0.401917 0.379200 0.402905 0.395744 0.407349 0.428585
0.414264 0.409078 0.401917 0.379200 0.402905 0.395744 0.407349 0.428585 0.448339 0.414264
0.401917 0.379200 0.402905 0.395744 0.407349 0.428585 0.448339 0.414264 0.420930 0.420683
0.402905 0.395744 0.407349 0.428585 0.448339 0.414264 0.420930 0.420683 0.429079 0.434758
0.407349 0.428585 0.448339 0.414264 0.420930 0.420683 0.429079 0.434758 0.432042 0.421424
0.448339 0.414264 0.420930 0.420683 0.429079 0.434758 0.432042 0.421424 0.401917 0.360433
0.420930 0.420683 0.429079 0.434758 0.432042 0.421424 0.401917 0.360433 0.354260 0.345864
0.429079 0.434758 0.432042 0.421424 0.401917 0.360433 0.354260 0.345864 0.382163 0.392534
0.432042 0.421424 0.401917 0.360433 0.354260 0.345864 0.382163 0.392534 0.396238 0.391299
0.401917 0.360433 0.354260 0.345864 0.382163 0.392534 0.396238 0.391299 0.417967 0.420683
0.354260 0.345864 0.382163 0.392534 0.396238 0.391299 0.417967 0.420683 0.427350 0.418708
0.382163 0.392534 0.396238 0.391299 0.417967 0.420683 0.427350 0.418708 0.433030 0.430067
0.396238 0.391299 0.417967 0.420683 0.427350 0.418708 0.433030 0.430067 0.436981 0.436487
0.417967 0.420683 0.427350 0.418708 0.433030 0.430067 0.436981 0.436487 0.411300 0.413523
0.427350 0.418708 0.433030 0.430067 0.436981 0.436487 0.411300 0.413523 0.416733 0.398707
0.433030 0.430067 0.436981 0.436487 0.411300 0.413523 0.416733 0.398707 0.387595 0.368335
0.436981 0.436487 0.411300 0.413523 0.416733 0.398707 0.387595 0.368335 0.359199 0.361174
0.411300 0.413523 0.416733 0.398707 0.387595 0.368335 0.359199 0.361174 0.400682 0.411053
0.416733 0.398707 0.387595 0.368335 0.359199 0.361174 0.400682 0.411053 0.463155 0.503651
0.387595 0.368335 0.359199 0.361174 0.400682 0.411053 0.463155 0.503651 0.505133 0.502169
0.359199 0.361174 0.400682 0.411053 0.463155 0.503651 0.505133 0.502169 0.521430 0.523652
0.400682 0.411053 0.463155 0.503651 0.505133 0.502169 0.521430 0.523652 0.549827 0.562420
0.463155 0.503651 0.505133 0.502169 0.521430 0.523652 0.549827 0.562420 0.571309 0.574519
0.505133 0.502169 0.521430 0.523652 0.549827 0.562420 0.571309 0.574519 0.577976 0.569581
0.521430 0.523652 0.549827 0.562420 0.571309 0.574519 0.577976 0.569581 0.572544 0.570815
0.549827 0.562420 0.571309 0.574519 0.577976 0.569581 0.572544 0.570815 0.568593 0.556987
0.571309 0.574519 0.577976 0.569581 0.572544 0.570815 0.568593 0.556987 0.564889 0.576248
0.577976 0.569581 0.572544 0.570815 0.568593 0.556987 0.564889 0.576248 0.598965 0.598224
0.572544 0.570815 0.568593 0.556987 0.564889 0.576248 0.598965 0.598224 0.597731 0.597483
0.568593 0.556987 0.564889 0.576248 0.598965 0.598224 0.597731 0.597483 0.596002 0.602175
0.564889 0.576248 0.598965 0.598224 0.597731 0.597483 0.596002 0.602175 0.616991 0.566618
0.598965 0.598224 0.597731 0.597483 0.596002 0.602175 0.616991 0.566618 0.579952 0.553283
0.597731 0.597483 0.596002 0.602175 0.616991 0.566618 0.579952 0.553283 0.555753 0.563654
0.596002 0.602175 0.616991 0.566618 0.579952 0.553283 0.555753 0.563654 0.563901 0.562914
0.616991 0.566618 0.579952 0.553283 0.555753 0.563654 0.563901 0.562914 0.551308 0.576248
0.579952 0.553283 0.555753 0.563654 0.563901 0.562914 0.551308 0.576248 0.605138 0.585631
0.555753 0.563654 0.563901 0.562914 0.551308 0.576248 0.605138 0.585631 0.564889 0.558222
0.563901 0.562914 0.551308 0.576248 0.605138 0.585631 0.564889 0.558222 0.531060 0.547604
0.551308 0.576248 0.605138 0.585631 0.564889 0.558222 0.531060 0.547604 0.500194 0.489082
0.605138 0.585631 0.564889 0.558222 0.531060 0.547604 0.500194 0.489082 0.478217 0.467106
0.564889 0.558222 0.531060 0.547604 0.500194 0.489082 0.478217 0.467106 0.464637 0.480193
0.531060 0.547604 0.500194 0.489082 0.478217 0.467106 0.464637 0.480193 0.475995 0.495009
0.500194 0.489082 0.478217 0.467106 0.464637 0.480193 0.475995 0.495009 0.500441 0.499206
0.478217 0.467106 0.464637 0.480193 0.475995 0.495009 0.500441 0.499206 0.492539 0.488095
0.464637 0.480193 0.475995 0.495009 0.500441 0.499206 0.492539 0.488095 0.492539 0.515504
0.475995 0.495009 0.500441 0.499206 0.492539 0.488095 0.492539 0.515504 0.532048 0.529331
0.500441 0.499206 0.492539 0.488095 0.492539 0.515504 0.532048 0.529331 0.516491 0.515997
0.492539 0.488095 0.492539 0.515504 0.532048 0.529331 0.516491 0.515997 0.513528 0.542913
0.492539 0.515504 0.532048 0.529331 0.516491 0.515997 0.513528 0.542913 0.544147 0.546370
0.532048 0.529331 0.516491 0.515997 0.513528 0.542913 0.544147 0.546370 0.535751 0.549580
0.516491 0.515997 0.513528 0.542913 0.544147 0.546370 0.535751 0.549580 0.547110 0.546370
0.513528 0.542913 0.544147 0.546370 0.535751 0.549580 0.547110 0.546370 0.547110 0.567358
0.544147 0.546370 0.535751 0.549580 0.547110 0.546370 0.547110 0.567358 0.565877 0.571309
0.535751 0.549580 0.547110 0.546370 0.547110 0.567358 0.565877 0.571309 0.578964 0.575754
0.547110 0.546370 0.547110 0.567358 0.565877 0.571309 0.578964 0.575754 0.571062 0.560691
0.547110 0.567358 0.565877 0.571309 0.578964 0.575754 0.571062 0.560691 0.544641 0.561432
0.565877 0.571309 0.578964 0.575754 0.571062 0.560691 0.544641 0.561432 0.560938 0.558963
0.578964 0.575754 0.571062 0.560691 0.544641 0.561432 0.560938 0.558963 0.587359 0.605385
0.571062 0.560691 0.544641 0.561432 0.560938 0.558963 0.587359 0.605385 0.611073 0.607712
0.544641 0.561432 0.560938 0.558963 0.587359 0.605385 0.611073 0.607712 0.588322 0.569965
0.560938 0.558963 0.587359 0.605385 0.611073 0.607712 0.588322 0.569965 0.552385 0.553936
0.587359 0.605385 0.611073 0.607712 0.588322 0.569965 0.552385 0.553936 0.550833 0.549024
0.611073 0.607712 0.588322 0.569965 0.552385 0.553936 0.550833 0.549024 0.541526 0.546180
0.588322 0.569965 0.552385 0.553936 0.550833 0.549024 0.541526 0.546180 0.535838 0.513345
0.552385 0.553936 0.550833 0.549024 0.541526 0.546180 0.535838 0.513345 0.521877 0.532477
0.550833 0.549024 0.541526 0.546180 0.535838 0.513345 0.521877 0.532477 0.529375 0.570999
0.541526 0.546180 0.535838 0.513345 0.521877 0.532477 0.529375 0.570999 0.594785 0.598404
0.535838 0.513345 0.521877 0.532477 0.529375 0.570999 0.594785 0.598404 0.584185 0.587029
0.521877 0.532477 0.529375 0.570999 0.594785 0.598404 0.584185 0.587029 0.575653 0.571775
0.529375 0.570999 0.594785 0.598404 0.584185 0.587029 0.575653 0.571775 0.576946 0.590131
0.594785 0.598404 0.584185 0.587029 0.575653 0.571775 0.576946 0.590131 0.596078 0.591941
0.584185 0.587029 0.575653 0.571775 0.576946 0.590131 0.596078 0.591941 0.598663 0.595819
0.575653 0.571775 0.576946 0.590131 0.596078 0.591941 0.598663 0.595819 0.604351 0.606419
0.576946 0.590131 0.596078 0.591941 0.598663 0.595819 0.604351 0.606419 0.596853 0.583151
0.596078 0.591941 0.598663 0.595819 0.604351 0.606419 0.596853 0.583151 0.569448 0.573843
0.598663 0.595819 0.604351 0.606419 0.596853 0.583151 0.569448 0.573843 0.569965 0.555746
0.604351 0.606419 0.596853 0.583151 0.569448 0.573843 0.569965 0.555746 0.527565 0.519550
0.596853 0.583151 0.569448 0.573843 0.569965 0.555746 0.527565 0.519550 0.508950 0.510501
0.569448 0.573843 0.569965 0.555746 0.527565 0.519550 0.508950 0.510501 0.504296 0.489042
0.569965 0.555746 0.527565 0.519550 0.508950 0.510501 0.504296 0.489042 0.500935 0.520843
0.527565 0.519550 0.508950 0.510501 0.504296 0.489042 0.500935 0.520843 0.520843 0.512828
0.508950 0.510501 0.504296 0.489042 0.500935 0.520843 0.520843 0.512828 0.503521 0.503262
0.504296 0.489042 0.500935 0.520843 0.520843 0.512828 0.503521 0.503262 0.511018 0.515672
0.500935 0.520843 0.520843 0.512828 0.503521 0.503262 0.511018 0.515672 0.522394 0.517482
0.520843 0.512828 0.503521 0.503262 0.511018 0.515672 0.522394 0.517482 0.505589 0.504296
0.503521 0.503262 0.511018 0.515672 0.522394 0.517482 0.505589 0.504296 0.517482 0.513862
0.511018 0.515672 0.522394 0.517482 0.505589 0.504296 0.517482 0.513862 0.510760 0.511794
0.522394 0.517482 0.505589 0.504296 0.517482 0.513862 0.510760 0.511794 0.507916 0.508691
0.505589 0.504296 0.517482 0.513862 0.510760 0.511794 0.507916 0.508691 0.501194 0.496540
0.517482 0.513862 0.510760 0.511794 0.507916 0.508691 0.501194 0.496540 0.481286 0.456983
0.510760 0.511794 0.507916 0.508691 0.501194 0.496540 0.481286 0.456983 0.475340 0.475857
0.507916 0.508691 0.501194 0.496540 0.481286 0.456983 0.475340 0.475857 0.466549 0.456725
0.501194 0.496540 0.481286 0.456983 0.475340 0.475857 0.466549 0.456725 0.459827 0.456725
0.481286 0.456983 0.475340 0.475857 0.466549 0.456725 0.459827 0.456725 0.477150 0.511018
0.475340 0.475857 0.466549 0.456725 0.459827 0.456725 0.477150 0.511018 0.503003 0.495764
0.466549 0.456725 0.459827 0.456725 0.477150 0.511018 0.503003 0.495764 0.490852 0.477667
0.459827 0.456725 0.477150 0.511018 0.503003 0.495764 0.490852 0.477667 0.476891 0.470686
0.477150 0.511018 0.503003 0.495764 0.490852 0.477667 0.476891 0.470686 0.436559 0.393641
0.503003 0.495764 0.490852 0.477667 0.476891 0.470686 0.436559 0.393641 0.397261 0.385368
0.490852 0.477667 0.476891 0.470686 0.436559 0.393641 0.397261 0.385368 0.377353 0.365978
0.476891 0.470686 0.436559 0.393641 0.397261 0.385368 0.377353 0.365978 0.351499 0.365978
0.436559 0.393641 0.397261 0.385368 0.377353 0.365978 0.351499 0.365978 0.364685 0.363909
0.397261 0.385368 0.377353 0.365978 0.351499 0.365978 0.364685 0.363909 0.383558 0.380456
0.377353 0.365978 0.351499 0.365978 0.364685 0.363909 0.383558 0.380456 0.382783 0.370373
0.351499 0.365978 0.364685 0.363909 0.383558 0.380456 0.382783 0.370373 0.366495 0.364685
0.364685 0.363909 0.383558 0.380456 0.382783 0.370373 0.366495 0.364685 0.373734 0.376319
0.383558 0.380456 0.382783 0.370373 0.366495 0.364685 0.373734 0.376319 0.383300 0.380714
0.382783 0.370373 0.366495 0.364685 0.373734 0.376319 0.383300 0.380714 0.377871 0.372700
0.366495 0.364685 0.373734 0.376319 0.383300 0.380714 0.377871 0.372700 0.391314 0.389763
0.373734 0.376319 0.383300 0.380714 0.377871 0.372700 0.391314 0.389763 0.412515 0.425959
0.383300 0.380714 0.377871 0.372700 0.391314 0.389763 0.412515 0.425959 0.418978 0.409154
0.377871 0.372700 0.391314 0.389763 0.412515 0.425959 0.418978 0.409154 0.410963 0.401656
0.391314 0.389763 0.412515 0.425959 0.418978 0.409154 0.410963 0.401656 0.416393 0.417427
0.412515 0.425959 0.418978 0.409154 0.410963 0.401656 0.416393 0.417427 0.432422 0.483613
0.418978 0.409154 0.410963 0.401656 0.416393 0.417427 0.432422 0.483613 0.496799 0.494730
0.410963 0.401656 0.416393 0.417427 0.432422 0.483613 0.496799 0.494730 0.490077 0.505848
0.416393 0.417427 0.432422 0.483613 0.496799 0.494730 0.490077 0.505848 0.516448 0.520584
0.432422 0.483613 0.496799 0.494730 0.490077 0.505848 0.516448 0.520584 0.531443 0.537906
0.496799 0.494730 0.490077 0.505848 0.516448 0.520584 0.531443 0.537906 0.538165 0.539975
0.490077 0.505848 0.516448 0.520584 0.531443 0.537906 0.538165 0.539975 0.547473 0.540492
0.516448 0.520584 0.531443 0.537906 0.538165 0.539975 0.547473 0.540492 0.543077 0.544111
0.531443 0.537906 0.538165 0.539975 0.547473 0.540492 0.543077 0.544111 0.546438 0.541784
0.538165 0.539975 0.547473 0.540492 0.543077 0.544111 0.546438 0.541784 0.562985 0.566863
0.547473 0.540492 0.543077 0.544111 0.546438 0.541784 0.562985 0.566863 0.566863 0.588063
0.543077 0.544111 0.546438 0.541784 0.562985 0.566863 0.566863 0.588063 0.588063 0.594785
0.546438 0.541784 0.562985 0.566863 0.566863 0.588063 0.588063 0.594785 0.592717 0.576170
0.562985 0.566863 0.566863 0.588063 0.588063 0.594785 0.592717 0.576170 0.579014 0.576946
0.566863 0.588063 0.588063 0.594785 0.592717 0.576170 0.579014 0.576946 0.574360 0.586512
0.588063 0.594785 0.592717 0.576170 0.579014 0.576946 0.574360 0.586512 0.595302 0.610815
0.592717 0.576170 0.579014 0.576946 0.574360 0.586512 0.595302 0.610815 0.600990 0.585995
0.579014 0.576946 0.574360 0.586512 0.595302 0.610815 0.600990 0.585995 0.596336 0.612883
0.574360 0.586512 0.595302 0.610815 0.600990 0.585995 0.596336 0.612883 0.609005 0.627102
0.595302 0.610815 0.600990 0.585995 0.596336 0.612883 0.609005 0.627102 0.657093 0.661747
0.600990 0.585995 0.596336 0.612883 0.609005 0.627102 0.657093 0.661747 0.661747 0.705957
0.596336 0.612883 0.609005 0.627102 0.657093 0.661747 0.661747 0.705957 0.708284 0.712420
0.609005 0.627102 0.657093 0.661747 0.661747 0.705957 0.708284 0.712420 0.700528 0.685791
0.657093 0.661747 0.661747 0.705957 0.708284 0.712420 0.700528 0.685791 0.670279 0.652698
0.661747 0.705957 0.708284 0.712420 0.700528 0.685791 0.670279 0.652698 0.643132 0.635634
0.708284 0.712420 0.700528 0.685791 0.670279 0.652698 0.643132 0.635634 0.620639 0.610556
0.700528 0.685791 0.670279 0.652698 0.643132 0.635634 0.620639 0.610556 0.611331 0.601766
0.670279 0.652698 0.643132 0.635634 0.620639 0.610556 0.611331 0.601766 0.614434 0.643907
0.643132 0.635634 0.620639 0.610556 0.611331 0.601766 0.614434 0.643907 0.627878 0.625810
0.620639 0.610556 0.611331 0.601766 0.614434 0.643907 0.627878 0.625810 0.628395 0.625551
0.611331 0.601766 0.614434 0.643907 0.627878 0.625810 0.628395 0.625551 0.627102 0.631756
0.614434 0.643907 0.627878 0.625810 0.628395 0.625551 0.627102 0.631756 0.615985 0.584185
0.627878 0.625810 0.628395 0.625551 0.627102 0.631756 0.615985 0.584185 0.617019 0.628912
0.628395 0.625551 0.627102 0.631756 0.615985 0.584185 0.617019 0.628912 0.618829 0.618054
0.627102 0.631756 0.615985 0.584185 0.617019 0.628912 0.618829 0.618054 0.636151 0.633824
0.615985 0.584185 0.617019 0.628912 0.618829 0.618054 0.636151 0.633824 0.647527 0.654249
0.617019 0.628912 0.618829 0.618054 0.636151 0.633824 0.647527 0.654249 0.651405 0.654508
0.618829 0.618054 0.636151 0.633824 0.647527 0.654249 0.651405 0.654508 0.667176 0.658644
0.636151 0.633824 0.647527 0.654249 0.651405 0.654508 0.667176 0.658644 0.655542 0.665366
0.647527 0.654249 0.651405 0.654508 0.667176 0.658644 0.655542 0.665366 0.662264 0.660454
0.651405 0.654508 0.667176 0.658644 0.655542 0.665366 0.662264 0.660454 0.651664 0.649078
0.667176 0.658644 0.655542 0.665366 0.662264 0.660454 0.651664 0.649078 0.644425 0.659162
0.655542 0.665366 0.662264 0.660454 0.651664 0.649078 0.644425 0.659162 0.680620 0.705440
0.662264 0.660454 0.651664 0.649078 0.644425 0.659162 0.680620 0.705440 0.725347 0.735948
0.651664 0.649078 0.644425 0.659162 0.680620 0.705440 0.725347 0.735948 0.735689 0.721728
0.644425 0.659162 0.680620 0.705440 0.725347 0.735948 0.735689 0.721728 0.736465 0.732070
0.680620 0.705440 0.725347 0.735948 0.735689 0.721728 0.736465 0.732070 0.740860 0.730001
0.725347 0.735948 0.735689 0.721728 0.736465 0.732070 0.740860 0.730001 0.745255 0.757923
0.735689 0.721728 0.736465 0.732070 0.740860 0.730001 0.745255 0.757923 0.771626 0.775504
0.736465 0.732070 0.740860 0.730001 0.745255 0.757923 0.771626 0.775504 0.768524 0.741894
0.740860 0.730001 0.745255 0.757923 0.771626 0.775504 0.768524 0.741894 0.752753 0.754821
0.745255 0.757923 0.771626 0.775504 0.768524 0.741894 0.752753 0.754821 0.733104 0.724831
0.771626 0.775504 0.768524 0.741894 0.752753 0.754821 0.733104 0.724831 0.683723 0.658644
0.768524 0.741894 0.752753 0.754821 0.733104 0.724831 0.683723 0.658644 0.646493 0.614175
0.752753 0.754821 0.733104 0.724831 0.683723 0.658644 0.646493 0.614175 0.645200 0.636927
0.733104 0.724831 0.683723 0.658644 0.646493 0.614175 0.645200 0.636927 0.631756 0.653474
0.683723 0.658644 0.646493 0.614175 0.645200 0.636927 0.631756 0.653474 0.644425 0.670020
0.646493 0.614175 0.645200 0.636927 0.631756 0.653474 0.644425 0.670020 0.678293 0.693030
0.645200 0.636927 0.631756 0.653474 0.644425 0.670020 0.678293 0.693030 0.654508 0.644425
0.631756 0.653474 0.644425 0.670020 0.678293 0.693030 0.654508 0.644425 0.637186 0.629429
0.644425 0.670020 0.678293 0.693030 0.654508 0.644425 0.637186 0.629429 0.638995 0.634342
0.678293 0.693030 0.654508 0.644425 0.637186 0.629429 0.638995 0.634342 0.637961 0.640547
0.654508 0.644425 0.637186 0.629429 0.638995 0.634342 0.637961 0.640547 0.603058 0.559882
0.637186 0.629429 0.638995 0.634342 0.637961 0.640547 0.603058 0.559882 0.558848 0.565570
0.638995 0.634342 0.637961 0.640547 0.603058 0.559882 0.558848 0.565570 0.572809 0.573585
0.637961 0.640547 0.603058 0.559882 0.558848 0.565570 0.572809 0.573585 0.574619 0.584960
0.603058 0.559882 0.558848 0.565570 0.572809 0.573585 0.574619 0.584960 0.569190 0.563760
0.558848 0.565570 0.572809 0.573585 0.574619 0.584960 0.569190 0.563760 0.582892 0.606936
0.572809 0.573585 0.574619 0.584960 0.569190 0.563760 0.582892 0.606936 0.590390 0.594268
0.574619 0.584960 0.569190 0.563760 0.582892 0.606936 0.590390 0.594268 0.592975 0.551609
0.569190 0.563760 0.582892 0.606936 0.590390 0.594268 0.592975 0.551609 0.519033 0.512828
0.582892 0.606936 0.590390 0.594268 0.592975 0.551609 0.519033 0.512828 0.537131 0.532736
0.590390 0.594268 0.592975 0.551609 0.519033 0.512828 0.537131 0.532736 0.601766 0.591165
0.592975 0.551609 0.519033 0.512828 0.537131 0.532736 0.601766 0.591165 0.579531 0.618312
0.519033 0.512828 0.537131 0.532736 0.601766 0.591165 0.579531 0.618312 0.601123 0.590755
0.537131 0.532736 0.601766 0.591165 0.579531 0.618312 0.601123 0.590755 0.612309 0.598940
0.601766 0.591165 0.579531 0.618312 0.601123 0.590755 0.612309 0.598940 0.604943 0.609854
0.579531 0.618312 0.601123 0.590755 0.612309 0.598940 0.604943 0.609854 0.600577 0.619403
0.601123 0.590755 0.612309 0.598940 0.604943 0.609854 0.600577 0.619403 0.598394 0.597576
0.612309 0.598940 0.604943 0.609854 0.600577 0.619403 0.598394 0.597576 0.595393 0.601668
0.604943 0.609854 0.600577 0.619403 0.598394 0.597576 0.595393 0.601668 0.596485 0.592392
0.600577 0.619403 0.598394 0.597576 0.595393 0.601668 0.596485 0.592392 0.592937 0.609581
0.598394 0.597576 0.595393 0.601668 0.596485 0.592392 0.592937 0.609581 0.605761 0.634410
0.595393 0.601668 0.596485 0.592392 0.592937 0.609581 0.605761 0.634410 0.628408 0.632500
0.596485 0.592392 0.592937 0.609581 0.605761 0.634410 0.628408 0.632500 0.642050 0.647234
0.592937 0.609581 0.605761 0.634410 0.628408 0.632500 0.642050 0.647234 0.649417 0.651872
0.605761 0.634410 0.628408 0.632500 0.642050 0.647234 0.649417 0.651872 0.648052 0.642322
0.628408 0.632500 0.642050 0.647234 0.649417 0.651872 0.648052 0.642322 0.643960 0.643141
0.642050 0.647234 0.649417 0.651872 0.648052 0.642322 0.643960 0.643141 0.668516 0.657602
0.649417 0.651872 0.648052 0.642322 0.643960 0.643141 0.668516 0.657602 0.657602 0.684341
0.648052 0.642322 0.643960 0.643141 0.668516 0.657602 0.657602 0.684341 0.648871 0.598122
0.643960 0.643141 0.668516 0.657602 0.657602 0.684341 0.648871 0.598122 0.594029 0.570837
0.668516 0.657602 0.657602 0.684341 0.648871 0.598122 0.594029 0.570837 0.542734 0.534003
0.657602 0.684341 0.648871 0.598122 0.594029 0.570837 0.542734 0.534003 0.501534 0.511084
0.648871 0.598122 0.594029 0.570837 0.542734 0.534003 0.501534 0.511084 0.514630 0.515722
0.594029 0.570837 0.542734 0.534003 0.501534 0.511084 0.514630 0.515722 0.519815 0.520360
0.542734 0.534003 0.501534 0.511084 0.514630 0.515722 0.519815 0.520360 0.509174 0.494440
0.501534 0.511084 0.514630 0.515722 0.519815 0.520360 0.509174 0.494440 0.518723 0.502898
0.514630 0.515722 0.519815 0.520360 0.509174 0.494440 0.518723 0.502898 0.542734 0.518996
0.519815 0.520360 0.509174 0.494440 0.518723 0.502898 0.542734 0.518996 0.502898 0.480252
0.509174 0.494440 0.518723 0.502898 0.542734 0.518996 0.502898 0.480252 0.467974 0.396761
0.518723 0.502898 0.542734 0.518996 0.502898 0.480252 0.467974 0.396761 0.391850 0.348467
0.542734 0.518996 0.502898 0.480252 0.467974 0.396761 0.391850 0.348467 0.336462 0.336462
0.502898 0.480252 0.467974 0.396761 0.391850 0.348467 0.336462 0.336462 0.325548 0.322820
0.467974 0.396761 0.391850 0.348467 0.336462 0.336462 0.325548 0.322820 0.335098 0.348467
0.391850 0.348467 0.336462 0.336462 0.325548 0.322820 0.335098 0.348467 0.356925 0.414769
0.336462 0.336462 0.325548 0.322820 0.335098 0.348467 0.356925 0.414769 0.402218 0.403855
0.325548 0.322820 0.335098 0.348467 0.356925 0.414769 0.402218 0.403855 0.410676 0.378753
0.335098 0.348467 0.356925 0.414769 0.402218 0.403855 0.410676 0.378753 0.378207 0.380663
0.356925 0.414769 0.402218 0.403855 0.410676 0.378753 0.378207 0.380663 0.376025 0.386939
0.402218 0.403855 0.410676 0.378753 0.378207 0.380663 0.376025 0.386939 0.408220 0.418589
0.410676 0.378753 0.378207 0.380663 0.376025 0.386939 0.408220 0.418589 0.380936 0.394033
0.378207 0.380663 0.376025 0.386939 0.408220 0.418589 0.380936 0.394033 0.433049 0.397852
0.376025 0.386939 0.408220 0.418589 0.380936 0.394033 0.433049 0.397852 0.442326 0.436324
0.408220 0.418589 0.380936 0.394033 0.433049 0.397852 0.442326 0.436324 0.437961 0.432504
0.380936 0.394033 0.433049 0.397852 0.442326 0.436324 0.437961 0.432504 0.407675 0.385029
0.433049 0.397852 0.442326 0.436324 0.437961 0.432504 0.407675 0.385029 0.405492 0.407948
0.442326 0.436324 0.437961 0.432504 0.407675 0.385029 0.405492 0.407948 0.425410 0.430048
0.437961 0.432504 0.407675 0.385029 0.405492 0.407948 0.425410 0.430048 0.429502 0.379299
0.407675 0.385029 0.405492 0.407948 0.425410 0.430048 0.429502 0.379299 0.380117 0.358835
0.405492 0.407948 0.425410 0.430048 0.429502 0.379299 0.380117 0.358835 0.320637 0.327185
0.425410 0.430048 0.429502 0.379299 0.380117 0.358835 0.320637 0.327185 0.317090 0.327185
0.429502 0.379299 0.380117 0.358835 0.320637 0.327185 0.317090 0.327185 0.343010 0.327458
0.380117 0.358835 0.320637 0.327185 0.317090 0.327185 0.343010 0.327458 0.303175 0.312451
0.320637 0.327185 0.317090 0.327185 0.343010 0.327458 0.303175 0.312451 0.349559 0.354743
0.317090 0.327185 0.343010 0.327458 0.303175 0.312451 0.349559 0.354743 0.364838 0.364292
0.343010 0.327458 0.303175 0.312451 0.349559 0.354743 0.364838 0.364292 0.338372 0.319273
0.303175 0.312451 0.349559 0.354743 0.364838 0.364292 0.338372 0.319273 0.297445 0.299628
0.349559 0.354743 0.364838 0.364292 0.338372 0.319273 0.297445 0.299628 0.300719 0.305085
0.364838 0.364292 0.338372 0.319273 0.297445 0.299628 0.300719 0.305085 0.305630 0.293352
0.338372 0.319273 0.297445 0.299628 0.300719 0.305085 0.305630 0.293352 0.306449 0.321728
0.297445 0.299628 0.300719 0.305085 0.305630 0.293352 0.306449 0.321728 0.334006 0.330459
0.300719 0.305085 0.305630 0.293352 0.306449 0.321728 0.334006 0.330459 0.340282 0.355288
0.305630 0.293352 0.306449 0.321728 0.334006 0.330459 0.340282 0.355288 0.379572 0.390486
0.306449 0.321728 0.334006 0.330459 0.340282 0.355288 0.379572 0.390486 0.350104 0.312179
0.334006 0.330459 0.340282 0.355288 0.379572 0.390486 0.350104 0.312179 0.314634 0.335371
0.340282 0.355288 0.379572 0.390486 0.350104 0.312179 0.314634 0.335371 0.301538 0.315999
0.379572 0.390486 0.350104 0.312179 0.314634 0.335371 0.301538 0.315999 0.346557 0.358563
0.350104 0.312179 0.314634 0.335371 0.301538 0.315999 0.346557 0.358563 0.335916 0.308359
0.314634 0.335371 0.301538 0.315999 0.346557 0.358563 0.335916 0.308359 0.303448 0.281074
0.301538 0.315999 0.346557 0.358563 0.335916 0.308359 0.303448 0.281074 0.256518 0.261702
0.346557 0.358563 0.335916 0.308359 0.303448 0.281074 0.256518 0.261702 0.262520 0.270979
0.335916 0.308359 0.303448 0.281074 0.256518 0.261702 0.262520 0.270979 0.258155 0.248605
0.303448 0.281074 0.256518 0.261702 0.262520 0.270979 0.258155 0.248605 0.220775 0.204950
0.256518 0.261702 0.262520 0.270979 0.258155 0.248605 0.220775 0.204950 0.195946 0.182850
0.262520 0.270979 0.258155 0.248605 0.220775 0.204950 0.195946 0.182850 0.219684 0.220229
0.258155 0.248605 0.220775 0.204950 0.195946 0.182850 0.219684 0.220229 0.249151 0.240693
0.220775 0.204950 0.195946 0.182850 0.219684 0.220229 0.249151 0.240693 0.247241 0.252971
0.195946 0.182850 0.219684 0.220229 0.249151 0.240693 0.247241 0.252971 0.268523 0.256245
0.219684 0.220229 0.249151 0.240693 0.247241 0.252971 0.268523 0.256245 0.244786 0.245604
0.249151 0.240693 0.247241 0.252971 0.268523 0.256245 0.244786 0.245604 0.218319 0.203586
0.247241 0.252971 0.268523 0.256245 0.244786 0.245604 0.218319 0.203586 0.194036 0.234418
0.268523 0.256245 0.244786 0.245604 0.218319 0.203586 0.194036 0.234418 0.245331 0.211771
0.244786 0.245604 0.218319 0.203586 0.194036 0.234418 0.245331 0.211771 0.196219 0.195128
0.218319 0.203586 0.194036 0.234418 0.245331 0.211771 0.196219 0.195128 0.176847 0.205769
0.194036 0.234418 0.245331 0.211771 0.196219 0.195128 0.176847 0.205769 0.194309 0.201130
0.245331 0.211771 0.196219 0.195128 0.176847 0.205769 0.194309 0.201130 0.235782 0.201676
0.196219 0.195128 0.176847 0.205769 0.194309 0.201130 0.235782 0.201676 0.199766 0.201130
0.176847 0.205769 0.194309 0.201130 0.235782 0.201676 0.199766 0.201130 0.174528 0.236054
0.194309 0.201130 0.235782 0.201676 0.199766 0.201130 0.174528 0.236054 0.195128 0.182850
0.235782 0.201676 0.199766 0.201130 0.174528 0.236054 0.195128 0.182850 0.098540 0.093765
0.199766 0.201130 0.174528 0.236054 0.195128 0.182850 0.098540 0.093765 0.059250 0.092674
0.174528 0.236054 0.195128 0.182850 0.098540 0.093765 0.059250 0.092674 0.112455 0.115729
0.195128 0.182850 0.098540 0.093765 0.059250 0.092674 0.112455 0.115729 0.111091 0.112455
0.098540 0.093765 0.059250 0.092674 0.112455 0.115729 0.111091 0.112455 0.103724 0.107135
0.059250 0.092674 0.112455 0.115729 0.111091 0.112455 0.103724 0.107135 0.087763 0.095948
0.112455 0.115729 0.111091 0.112455 0.103724 0.107135 0.087763 0.095948 0.053793 0.071255
0.111091 0.112455 0.103724 0.107135 0.087763 0.095948 0.053793 0.071255 0.053248 0.040287
0.103724 0.107135 0.087763 0.095948 0.053793 0.071255 0.053248 0.040287 0.102906 0.105361
