
0.003167 0.020659 0.016571 0.023608 0.017979 0.021464 0.041972 0.041369 0.040766 0.038085
0.016571 0.023608 0.017979 0.021464 0.041972 0.041369 0.040766 0.038085 0.056516 0.076622
0.017979 0.021464 0.041972 0.041369 0.040766 0.038085 0.056516 0.076622 0.083592 0.084597
0.041972 0.041369 0.040766 0.038085 0.056516 0.076622 0.083592 0.084597 0.091500 0.087881
0.040766 0.038085 0.056516 0.076622 0.083592 0.084597 0.091500 0.087881 0.083927 0.091702
0.056516 0.076622 0.083592 0.084597 0.091500 0.087881 0.083927 0.091702 0.110601 0.101487
0.083592 0.084597 0.091500 0.087881 0.083927 0.091702 0.110601 0.101487 0.096728 0.095388
0.091500 0.087881 0.083927 0.091702 0.110601 0.101487 0.096728 0.095388 0.116901 0.120185
0.083927 0.091702 0.110601 0.101487 0.096728 0.095388 0.116901 0.120185 0.138415 0.138616
0.110601 0.101487 0.096728 0.095388 0.116901 0.120185 0.138415 0.138616 0.127424 0.127223
0.096728 0.095388 0.116901 0.120185 0.138415 0.138616 0.127424 0.127223 0.154835 0.150479
0.116901 0.120185 0.138415 0.138616 0.127424 0.127223 0.154835 0.150479 0.159795 0.158588
0.138415 0.138616 0.127424 0.127223 0.154835 0.150479 0.159795 0.158588 0.153763 0.150077
0.127424 0.127223 0.154835 0.150479 0.159795 0.158588 0.153763 0.150077 0.169647 0.177890
0.154835 0.150479 0.159795 0.158588 0.153763 0.150077 0.169647 0.177890 0.172193 0.170518
0.159795 0.158588 0.153763 0.150077 0.169647 0.177890 0.172193 0.170518 0.158186 0.165089
0.153763 0.150077 0.169647 0.177890 0.172193 0.170518 0.158186 0.165089 0.146860 0.146525
0.169647 0.177890 0.172193 0.170518 0.158186 0.165089 0.146860 0.146525 0.137611 0.145519
0.172193 0.170518 0.158186 0.165089 0.146860 0.146525 0.137611 0.145519 0.148937 0.145720
0.158186 0.165089 0.146860 0.146525 0.137611 0.145519 0.148937 0.145720 0.113215 0.119381
0.146860 0.146525 0.137611 0.145519 0.148937 0.145720 0.113215 0.119381 0.148066 0.158320
0.137611 0.145519 0.148937 0.145720 0.113215 0.119381 0.148066 0.158320 0.168105 0.168776
0.148937 0.145720 0.113215 0.119381 0.148066 0.158320 0.168105 0.168776 0.176014 0.178494
0.113215 0.119381 0.148066 0.158320 0.168105 0.168776 0.176014 0.178494 0.162207 0.160666
0.148066 0.158320 0.168105 0.168776 0.176014 0.178494 0.162207 0.160666 0.132919 0.135265
0.168105 0.168776 0.176014 0.178494 0.162207 0.160666 0.132919 0.135265 0.129568 0.138884
0.176014 0.178494 0.162207 0.160666 0.132919 0.135265 0.129568 0.138884 0.154433 0.156243
0.162207 0.160666 0.132919 0.135265 0.129568 0.138884 0.154433 0.156243 0.142771 0.122464
0.132919 0.135265 0.129568 0.138884 0.154433 0.156243 0.142771 0.122464 0.135131 0.147664
0.129568 0.138884 0.154433 0.156243 0.142771 0.122464 0.135131 0.147664 0.142570 0.128362
0.154433 0.156243 0.142771 0.122464 0.135131 0.147664 0.142570 0.128362 0.133296 0.104536
0.142771 0.122464 0.135131 0.147664 0.142570 0.128362 0.133296 0.104536 0.111444 0.118000
0.135131 0.147664 0.142570 0.128362 0.133296 0.104536 0.111444 0.118000 0.097205 0.104959
0.142570 0.128362 0.133296 0.104536 0.111444 0.118000 0.097205 0.104959 0.127657 0.121665
0.133296 0.104536 0.111444 0.118000 0.097205 0.104959 0.127657 0.121665 0.105030 0.110387
0.111444 0.118000 0.097205 0.104959 0.127657 0.121665 0.105030 0.110387 0.085998 0.096923
0.097205 0.104959 0.127657 0.121665 0.105030 0.110387 0.085998 0.096923 0.111656 0.130547
0.127657 0.121665 0.105030 0.110387 0.085998 0.096923 0.111656 0.130547 0.122300 0.117929
0.105030 0.110387 0.085998 0.096923 0.111656 0.130547 0.122300 0.117929 0.112361 0.103056
0.085998 0.096923 0.111656 0.130547 0.122300 0.117929 0.112361 0.103056 0.082966 0.084024
0.111656 0.130547 0.122300 0.117929 0.112361 0.103056 0.082966 0.084024 0.068375 0.069785
0.122300 0.117929 0.112361 0.103056 0.082966 0.084024 0.068375 0.069785 0.069996 0.082191
0.112361 0.103056 0.082966 0.084024 0.068375 0.069785 0.069996 0.082191 0.072111 0.063864
0.082966 0.084024 0.068375 0.069785 0.069996 0.082191 0.072111 0.063864 0.066895 0.059564
0.068375 0.069785 0.069996 0.082191 0.072111 0.063864 0.066895 0.059564 0.051317 0.053431
0.069996 0.082191 0.072111 0.063864 0.066895 0.059564 0.051317 0.053431 0.069926 0.063582
0.072111 0.063864 0.066895 0.059564 0.051317 0.053431 0.069926 0.063582 0.066190 0.065555
0.066895 0.059564 0.051317 0.053431 0.069926 0.063582 0.066190 0.065555 0.062736 0.078032
0.051317 0.053431 0.069926 0.063582 0.066190 0.065555 0.062736 0.078032 0.064075 0.056815
0.069926 0.063582 0.066190 0.065555 0.062736 0.078032 0.064075 0.056815 0.029888 0.020442
0.066190 0.065555 0.062736 0.078032 0.064075 0.056815 0.029888 0.020442 0.018891 0.027491
0.062736 0.078032 0.064075 0.056815 0.029888 0.020442 0.018891 0.027491 0.029112 0.027068
0.064075 0.056815 0.029888 0.020442 0.018891 0.027491 0.029112 0.027068 0.025729 0.022557
0.029888 0.020442 0.018891 0.027491 0.029112 0.027068 0.025729 0.022557 0.012195 0.002749
0.018891 0.027491 0.029112 0.027068 0.025729 0.022557 0.012195 0.002749 0.008882 0.018891
0.029112 0.027068 0.025729 0.022557 0.012195 0.002749 0.008882 0.018891 0.028125 0.030170
0.025729 0.022557 0.012195 0.002749 0.008882 0.018891 0.028125 0.030170 0.023544 0.020513
0.012195 0.002749 0.008882 0.018891 0.028125 0.030170 0.023544 0.020513 0.006697 0.000000
0.008882 0.018891 0.028125 0.030170 0.023544 0.020513 0.006697 0.000000 0.006415 0.005851
0.028125 0.030170 0.023544 0.020513 0.006697 0.000000 0.006415 0.005851 0.027420 0.040038
0.023544 0.020513 0.006697 0.000000 0.006415 0.005851 0.027420 0.040038 0.051598 0.050964
0.006697 0.000000 0.006415 0.005851 0.027420 0.040038 0.051598 0.050964 0.044338 0.027280
0.006415 0.005851 0.027420 0.040038 0.051598 0.050964 0.044338 0.027280 0.026786 0.031156
0.027420 0.040038 0.051598 0.050964 0.044338 0.027280 0.026786 0.031156 0.027068 0.025799
0.051598 0.050964 0.044338 0.027280 0.026786 0.031156 0.027068 0.025799 0.042223 0.044620
0.044338 0.027280 0.026786 0.031156 0.027068 0.025799 0.042223 0.044620 0.044690 0.057802
0.026786 0.031156 0.027068 0.025799 0.042223 0.044620 0.044690 0.057802 0.065626 0.058154
0.027068 0.025799 0.042223 0.044620 0.044690 0.057802 0.065626 0.058154 0.042858 0.038487
0.042223 0.044620 0.044690 0.057802 0.065626 0.058154 0.042858 0.038487 0.059423 0.068305
0.044690 0.057802 0.065626 0.058154 0.042858 0.038487 0.059423 0.068305 0.083530 0.094315
0.065626 0.058154 0.042858 0.038487 0.059423 0.068305 0.083530 0.094315 0.103056 0.095302
0.042858 0.038487 0.059423 0.068305 0.083530 0.094315 0.103056 0.095302 0.079160 0.099179
0.059423 0.068305 0.083530 0.094315 0.103056 0.095302 0.079160 0.099179 0.108836 0.118493
0.083530 0.094315 0.103056 0.095302 0.079160 0.099179 0.108836 0.118493 0.115039 0.112008
0.103056 0.095302 0.079160 0.099179 0.108836 0.118493 0.115039 0.112008 0.112290 0.104748
0.079160 0.099179 0.108836 0.118493 0.115039 0.112008 0.112290 0.104748 0.109189 0.103549
0.108836 0.118493 0.115039 0.112008 0.112290 0.104748 0.109189 0.103549 0.103620 0.118634
0.115039 0.112008 0.112290 0.104748 0.109189 0.103549 0.103620 0.118634 0.119833 0.123710
0.112290 0.104748 0.109189 0.103549 0.103620 0.118634 0.119833 0.123710 0.117154 0.109823
0.109189 0.103549 0.103620 0.118634 0.119833 0.123710 0.117154 0.109823 0.106863 0.115039
0.103620 0.118634 0.119833 0.123710 0.117154 0.109823 0.106863 0.115039 0.113277 0.111938
0.119833 0.123710 0.117154 0.109823 0.106863 0.115039 0.113277 0.111938 0.079724 0.078948
0.117154 0.109823 0.106863 0.115039 0.113277 0.111938 0.079724 0.078948 0.073380 0.061608
0.106863 0.115039 0.113277 0.111938 0.079724 0.078948 0.073380 0.061608 0.060903 0.083037
0.113277 0.111938 0.079724 0.078948 0.073380 0.061608 0.060903 0.083037 0.080358 0.075706
0.079724 0.078948 0.073380 0.061608 0.060903 0.083037 0.080358 0.075706 0.083953 0.081557
0.073380 0.061608 0.060903 0.083037 0.080358 0.075706 0.083953 0.081557 0.078385 0.094738
0.060903 0.083037 0.080358 0.075706 0.083953 0.081557 0.078385 0.094738 0.090227 0.081627
0.080358 0.075706 0.083953 0.081557 0.078385 0.094738 0.090227 0.081627 0.093540 0.082121
0.083953 0.081557 0.078385 0.094738 0.090227 0.081627 0.093540 0.082121 0.095937 0.094456
0.078385 0.094738 0.090227 0.081627 0.093540 0.082121 0.095937 0.094456 0.085434 0.067036
0.090227 0.081627 0.093540 0.082121 0.095937 0.094456 0.085434 0.067036 0.064992 0.060128
0.093540 0.082121 0.095937 0.094456 0.085434 0.067036 0.064992 0.060128 0.064075 0.059775
0.095937 0.094456 0.085434 0.067036 0.064992 0.060128 0.064075 0.059775 0.071970 0.082826
0.085434 0.067036 0.064992 0.060128 0.064075 0.059775 0.071970 0.082826 0.068728 0.061749
0.064992 0.060128 0.064075 0.059775 0.071970 0.082826 0.068728 0.061749 0.062877 0.066965
0.064075 0.059775 0.071970 0.082826 0.068728 0.061749 0.062877 0.066965 0.065414 0.067177
0.071970 0.082826 0.068728 0.061749 0.062877 0.066965 0.065414 0.067177 0.069573 0.073873
0.068728 0.061749 0.062877 0.066965 0.065414 0.067177 0.069573 0.073873 0.086843 0.080499
0.062877 0.066965 0.065414 0.067177 0.069573 0.073873 0.086843 0.080499 0.073239 0.062031
0.065414 0.067177 0.069573 0.073873 0.086843 0.080499 0.073239 0.062031 0.062313 0.047792
0.069573 0.073873 0.086843 0.080499 0.073239 0.062031 0.062313 0.047792 0.046382 0.037007
0.086843 0.080499 0.073239 0.062031 0.062313 0.047792 0.046382 0.037007 0.041730 0.037007
0.073239 0.062031 0.062313 0.047792 0.046382 0.037007 0.041730 0.037007 0.043774 0.051951
0.062313 0.047792 0.046382 0.037007 0.041730 0.037007 0.043774 0.051951 0.049695 0.056110
0.046382 0.037007 0.041730 0.037007 0.043774 0.051951 0.049695 0.056110 0.045254 0.036655
0.041730 0.037007 0.043774 0.051951 0.049695 0.056110 0.045254 0.036655 0.038981 0.036796
0.043774 0.051951 0.049695 0.056110 0.045254 0.036655 0.038981 0.036796 0.038628 0.032989
0.049695 0.056110 0.045254 0.036655 0.038981 0.036796 0.038628 0.032989 0.031368 0.027984
0.045254 0.036655 0.038981 0.036796 0.038628 0.032989 0.031368 0.027984 0.040884 0.041025
0.038981 0.036796 0.038628 0.032989 0.031368 0.027984 0.040884 0.041025 0.044831 0.046382
0.038628 0.032989 0.031368 0.027984 0.040884 0.041025 0.044831 0.046382 0.051176 0.050682
0.031368 0.027984 0.040884 0.041025 0.044831 0.046382 0.051176 0.050682 0.051035 0.052938
0.040884 0.041025 0.044831 0.046382 0.051176 0.050682 0.051035 0.052938 0.060198 0.064569
0.044831 0.046382 0.051176 0.050682 0.051035 0.052938 0.060198 0.064569 0.065485 0.067388
0.051176 0.050682 0.051035 0.052938 0.060198 0.064569 0.065485 0.067388 0.067670 0.074014
0.051035 0.052938 0.060198 0.064569 0.065485 0.067388 0.067670 0.074014 0.076129 0.077257
0.060198 0.064569 0.065485 0.067388 0.067670 0.074014 0.076129 0.077257 0.085222 0.091002
0.065485 0.067388 0.067670 0.074014 0.076129 0.077257 0.085222 0.091002 0.088394 0.102492
0.067670 0.074014 0.076129 0.077257 0.085222 0.091002 0.088394 0.102492 0.111867 0.117647
0.076129 0.077257 0.085222 0.091002 0.088394 0.102492 0.111867 0.117647 0.110528 0.110951
0.085222 0.091002 0.088394 0.102492 0.111867 0.117647 0.110528 0.110951 0.115039 0.117859
0.088394 0.102492 0.111867 0.117647 0.110528 0.110951 0.115039 0.117859 0.111656 0.129701
0.111867 0.117647 0.110528 0.110951 0.115039 0.117859 0.111656 0.129701 0.127657 0.130124
0.110528 0.110951 0.115039 0.117859 0.111656 0.129701 0.127657 0.130124 0.136186 0.128291
0.115039 0.117859 0.111656 0.129701 0.127657 0.130124 0.136186 0.128291 0.131181 0.133790
0.111656 0.129701 0.127657 0.130124 0.136186 0.128291 0.131181 0.133790 0.136609 0.144574
0.127657 0.130124 0.136186 0.128291 0.131181 0.133790 0.136609 0.144574 0.146407 0.145420
0.136186 0.128291 0.131181 0.133790 0.136609 0.144574 0.146407 0.145420 0.147817 0.140204
0.131181 0.133790 0.136609 0.144574 0.146407 0.145420 0.147817 0.140204 0.138090 0.135481
0.136609 0.144574 0.146407 0.145420 0.147817 0.140204 0.138090 0.135481 0.137526 0.138935
0.146407 0.145420 0.147817 0.140204 0.138090 0.135481 0.137526 0.138935 0.146689 0.148733
0.147817 0.140204 0.138090 0.135481 0.137526 0.138935 0.146689 0.148733 0.150143 0.143024
0.138090 0.135481 0.137526 0.138935 0.146689 0.148733 0.150143 0.143024 0.133578 0.141684
0.137526 0.138935 0.146689 0.148733 0.150143 0.143024 0.133578 0.141684 0.126036 0.124133
0.146689 0.148733 0.150143 0.143024 0.133578 0.141684 0.126036 0.124133 0.135481 0.152328
0.150143 0.143024 0.133578 0.141684 0.126036 0.124133 0.135481 0.152328 0.171431 0.163325
0.133578 0.141684 0.126036 0.124133 0.135481 0.152328 0.171431 0.163325 0.154796 0.166356
0.126036 0.124133 0.135481 0.152328 0.171431 0.163325 0.154796 0.166356 0.152751 0.148804
0.135481 0.152328 0.171431 0.163325 0.154796 0.166356 0.152751 0.148804 0.155782 0.166779
0.171431 0.163325 0.154796 0.166356 0.152751 0.148804 0.155782 0.166779 0.165369 0.150707
0.154796 0.166356 0.152751 0.148804 0.155782 0.166779 0.165369 0.150707 0.157756 0.168753
0.152751 0.148804 0.155782 0.166779 0.165369 0.150707 0.157756 0.168753 0.151765 0.169105
0.155782 0.166779 0.165369 0.150707 0.157756 0.168753 0.151765 0.169105 0.172912 0.173052
0.165369 0.150707 0.157756 0.168753 0.151765 0.169105 0.172912 0.173052 0.163325 0.186939
0.157756 0.168753 0.151765 0.169105 0.172912 0.173052 0.163325 0.186939 0.184824 0.172348
0.151765 0.169105 0.172912 0.173052 0.163325 0.186939 0.184824 0.172348 0.171008 0.176365
0.172912 0.173052 0.163325 0.186939 0.184824 0.172348 0.171008 0.176365 0.173475 0.171925
0.163325 0.186939 0.184824 0.172348 0.171008 0.176365 0.173475 0.171925 0.177141 0.177634
0.184824 0.172348 0.171008 0.176365 0.173475 0.171925 0.177141 0.177634 0.174744 0.159307
0.171008 0.176365 0.173475 0.171925 0.177141 0.177634 0.174744 0.159307 0.162831 0.148804
0.173475 0.171925 0.177141 0.177634 0.174744 0.159307 0.162831 0.148804 0.149720 0.150073
0.177141 0.177634 0.174744 0.159307 0.162831 0.148804 0.149720 0.150073 0.150707 0.139852
0.174744 0.159307 0.162831 0.148804 0.149720 0.150073 0.150707 0.139852 0.127516 0.137173
0.162831 0.148804 0.149720 0.150073 0.150707 0.139852 0.127516 0.137173 0.130054 0.120749
0.149720 0.150073 0.150707 0.139852 0.127516 0.137173 0.130054 0.120749 0.107144 0.107849
0.150707 0.139852 0.127516 0.137173 0.130054 0.120749 0.107144 0.107849 0.105241 0.130477
0.127516 0.137173 0.130054 0.120749 0.107144 0.107849 0.105241 0.130477 0.142368 0.125497
0.130054 0.120749 0.107144 0.107849 0.105241 0.130477 0.142368 0.125497 0.115315 0.116132
0.107144 0.107849 0.105241 0.130477 0.142368 0.125497 0.115315 0.116132 0.104761 0.103572
0.105241 0.130477 0.142368 0.125497 0.115315 0.116132 0.104761 0.103572 0.106470 0.116652
0.142368 0.125497 0.115315 0.116132 0.104761 0.103572 0.106470 0.116652 0.137091 0.132335
0.115315 0.116132 0.104761 0.103572 0.106470 0.116652 0.137091 0.132335 0.143483 0.146976
0.104761 0.103572 0.106470 0.116652 0.137091 0.132335 0.143483 0.146976 0.150841 0.153665
0.106470 0.116652 0.137091 0.132335 0.143483 0.146976 0.150841 0.153665 0.160875 0.177597
0.137091 0.132335 0.143483 0.146976 0.150841 0.153665 0.160875 0.177597 0.173435 0.170462
0.143483 0.146976 0.150841 0.153665 0.160875 0.177597 0.173435 0.170462 0.176557 0.182354
0.150841 0.153665 0.160875 0.177597 0.173435 0.170462 0.176557 0.182354 0.182131 0.192090
0.160875 0.177597 0.173435 0.170462 0.176557 0.182354 0.182131 0.192090 0.212455 0.220631
0.173435 0.170462 0.176557 0.182354 0.182131 0.192090 0.212455 0.220631 0.230516 0.257495
0.176557 0.182354 0.182131 0.192090 0.212455 0.220631 0.230516 0.257495 0.277859 0.267157
0.182131 0.192090 0.212455 0.220631 0.230516 0.257495 0.277859 0.267157 0.267826 0.243373
0.212455 0.220631 0.230516 0.257495 0.277859 0.267157 0.267826 0.243373 0.233786 0.247907
0.230516 0.257495 0.277859 0.267157 0.267826 0.243373 0.233786 0.247907 0.257346 0.242630
0.277859 0.267157 0.267826 0.243373 0.233786 0.247907 0.257346 0.242630 0.252515 0.263589
0.267826 0.243373 0.233786 0.247907 0.257346 0.242630 0.252515 0.263589 0.258610 0.251400
0.233786 0.247907 0.257346 0.242630 0.252515 0.263589 0.258610 0.251400 0.241813 0.232151
0.257346 0.242630 0.252515 0.263589 0.258610 0.251400 0.241813 0.232151 0.251772 0.255414
0.252515 0.263589 0.258610 0.251400 0.241813 0.232151 0.251772 0.255414 0.245306 0.230218
0.258610 0.251400 0.241813 0.232151 0.251772 0.255414 0.245306 0.230218 0.223009 0.231556
0.241813 0.232151 0.251772 0.255414 0.245306 0.230218 0.223009 0.231556 0.236907 0.230441
0.251772 0.255414 0.245306 0.230218 0.223009 0.231556 0.236907 0.230441 0.223604 0.191793
0.245306 0.230218 0.223009 0.231556 0.236907 0.230441 0.223604 0.191793 0.170685 0.175814
0.223009 0.231556 0.236907 0.230441 0.223604 0.191793 0.170685 0.175814 0.207327 0.209556
0.236907 0.230441 0.223604 0.191793 0.170685 0.175814 0.207327 0.209556 0.220928 0.220110
0.223604 0.191793 0.170685 0.175814 0.207327 0.209556 0.220928 0.220110 0.224495 0.224941
0.170685 0.175814 0.207327 0.209556 0.220928 0.220110 0.224495 0.224941 0.227097 0.258684
0.207327 0.209556 0.220928 0.220110 0.224495 0.224941 0.227097 0.258684 0.235495 0.249691
0.220928 0.220110 0.224495 0.224941 0.227097 0.258684 0.235495 0.249691 0.256306 0.253853
0.224495 0.224941 0.227097 0.258684 0.235495 0.249691 0.256306 0.253853 0.262103 0.307291
0.227097 0.258684 0.235495 0.249691 0.256306 0.253853 0.262103 0.307291 0.293170 0.306102
0.235495 0.249691 0.256306 0.253853 0.262103 0.307291 0.293170 0.306102 0.308926 0.321859
0.256306 0.253853 0.262103 0.307291 0.293170 0.306102 0.308926 0.321859 0.321264 0.314575
0.262103 0.307291 0.293170 0.306102 0.308926 0.321859 0.321264 0.314575 0.311899 0.323196
0.293170 0.306102 0.308926 0.321859 0.321264 0.314575 0.311899 0.323196 0.324534 0.306548
0.308926 0.321859 0.321264 0.314575 0.311899 0.323196 0.324534 0.306548 0.311751 0.316953
0.321264 0.314575 0.311899 0.323196 0.324534 0.306548 0.311751 0.316953 0.305359 0.322305
0.311899 0.323196 0.324534 0.306548 0.311751 0.316953 0.305359 0.322305 0.324980 0.328696
0.324534 0.306548 0.311751 0.316953 0.305359 0.322305 0.324980 0.328696 0.332264 0.328102
0.311751 0.316953 0.305359 0.322305 0.324980 0.328696 0.332264 0.328102 0.334940 0.335683
0.305359 0.322305 0.324980 0.328696 0.332264 0.328102 0.334940 0.335683 0.333453 0.342223
0.324980 0.328696 0.332264 0.328102 0.334940 0.335683 0.333453 0.342223 0.353818 0.345345
0.332264 0.328102 0.334940 0.335683 0.333453 0.342223 0.353818 0.345345 0.352034 0.349061
0.334940 0.335683 0.333453 0.342223 0.353818 0.345345 0.352034 0.349061 0.340588 0.342223
0.333453 0.342223 0.353818 0.345345 0.352034 0.349061 0.340588 0.342223 0.356196 0.357831
0.353818 0.345345 0.352034 0.349061 0.340588 0.342223 0.356196 0.357831 0.354709 0.315318
0.352034 0.349061 0.340588 0.342223 0.356196 0.357831 0.354709 0.315318 0.298967 0.313386
0.340588 0.342223 0.356196 0.357831 0.354709 0.315318 0.298967 0.313386 0.300900 0.318142
0.356196 0.357831 0.354709 0.315318 0.298967 0.313386 0.300900 0.318142 0.312940 0.321413
0.354709 0.315318 0.298967 0.313386 0.300900 0.318142 0.312940 0.321413 0.332858 0.340142
0.298967 0.313386 0.300900 0.318142 0.312940 0.321413 0.332858 0.340142 0.342818 0.364074
0.300900 0.318142 0.312940 0.321413 0.332858 0.340142 0.342818 0.364074 0.373588 0.369871
0.312940 0.321413 0.332858 0.340142 0.342818 0.364074 0.373588 0.369871 0.379236 0.385777
0.332858 0.340142 0.342818 0.364074 0.373588 0.369871 0.379236 0.385777 0.375966 0.380128
0.342818 0.364074 0.373588 0.369871 0.379236 0.385777 0.375966 0.380128 0.397668 0.388601
0.373588 0.369871 0.379236 0.385777 0.375966 0.380128 0.397668 0.388601 0.382952 0.391276
0.379236 0.385777 0.375966 0.380128 0.397668 0.388601 0.382952 0.391276 0.388749 0.387263
0.375966 0.380128 0.397668 0.388601 0.382952 0.391276 0.388749 0.387263 0.391276 0.385628
0.397668 0.388601 0.382952 0.391276 0.388749 0.387263 0.391276 0.385628 0.391276 0.382804
0.382952 0.391276 0.388749 0.387263 0.391276 0.385628 0.391276 0.382804 0.391276 0.385182
0.388749 0.387263 0.391276 0.385628 0.391276 0.382804 0.391276 0.385182 0.387412 0.381466
0.391276 0.385628 0.391276 0.382804 0.391276 0.385182 0.387412 0.381466 0.394249 0.396033
0.391276 0.382804 0.391276 0.385182 0.387412 0.381466 0.394249 0.396033 0.394249 0.412830
0.391276 0.385182 0.387412 0.381466 0.394249 0.396033 0.394249 0.412830 0.408371 0.398114
0.387412 0.381466 0.394249 0.396033 0.394249 0.412830 0.408371 0.398114 0.395736 0.394101
0.394249 0.396033 0.394249 0.412830 0.408371 0.398114 0.395736 0.394101 0.393060 0.396776
0.394249 0.412830 0.408371 0.398114 0.395736 0.394101 0.393060 0.396776 0.425762 0.420857
0.408371 0.398114 0.395736 0.394101 0.393060 0.396776 0.425762 0.420857 0.407479 0.417587
0.395736 0.394101 0.393060 0.396776 0.425762 0.420857 0.407479 0.417587 0.412087 0.427546
0.393060 0.396776 0.425762 0.420857 0.407479 0.417587 0.412087 0.427546 0.421749 0.418479
0.425762 0.420857 0.407479 0.417587 0.412087 0.427546 0.421749 0.418479 0.411344 0.413871
0.407479 0.417587 0.412087 0.427546 0.421749 0.418479 0.411344 0.413871 0.425317 0.413127
0.412087 0.427546 0.421749 0.418479 0.411344 0.413871 0.425317 0.413127 0.406884 0.405844
0.421749 0.418479 0.411344 0.413871 0.425317 0.413127 0.406884 0.405844 0.392317 0.405844
0.411344 0.413871 0.425317 0.413127 0.406884 0.405844 0.392317 0.405844 0.401236 0.417438
0.425317 0.413127 0.406884 0.405844 0.392317 0.405844 0.401236 0.417438 0.414614 0.415654
0.406884 0.405844 0.392317 0.405844 0.401236 0.417438 0.414614 0.415654 0.415506 0.422938
0.392317 0.405844 0.401236 0.417438 0.414614 0.415654 0.415506 0.422938 0.430222 0.429181
0.401236 0.417438 0.414614 0.415654 0.415506 0.422938 0.430222 0.429181 0.437505 0.436465
0.414614 0.415654 0.415506 0.422938 0.430222 0.429181 0.437505 0.436465 0.435870 0.439141
0.415506 0.422938 0.430222 0.429181 0.437505 0.436465 0.435870 0.439141 0.419817 0.411195
0.430222 0.429181 0.437505 0.436465 0.435870 0.439141 0.419817 0.411195 0.395736 0.410600
0.437505 0.436465 0.435870 0.439141 0.419817 0.411195 0.395736 0.410600 0.415654 0.405844
0.435870 0.439141 0.419817 0.411195 0.395736 0.410600 0.415654 0.405844 0.408371 0.404357
0.419817 0.411195 0.395736 0.410600 0.415654 0.405844 0.408371 0.404357 0.401830 0.414911
0.395736 0.410600 0.415654 0.405844 0.408371 0.404357 0.401830 0.414911 0.408371 0.415209
0.415654 0.405844 0.408371 0.404357 0.401830 0.414911 0.408371 0.415209 0.433789 0.446722
0.408371 0.404357 0.401830 0.414911 0.408371 0.415209 0.433789 0.446722 0.455194 0.467829
0.401830 0.414911 0.408371 0.415209 0.433789 0.446722 0.455194 0.467829 0.464113 0.445532
0.408371 0.415209 0.433789 0.446722 0.455194 0.467829 0.464113 0.445532 0.446722 0.443897
0.433789 0.446722 0.455194 0.467829 0.464113 0.445532 0.446722 0.443897 0.456681 0.453856
0.455194 0.467829 0.464113 0.445532 0.446722 0.443897 0.456681 0.453856 0.452965 0.452370
0.464113 0.445532 0.446722 0.443897 0.456681 0.453856 0.452965 0.452370 0.463667 0.474964
0.446722 0.443897 0.456681 0.453856 0.452965 0.452370 0.463667 0.474964 0.502761 0.503356
0.456681 0.453856 0.452965 0.452370 0.463667 0.474964 0.502761 0.503356 0.511531 0.509748
0.452965 0.452370 0.463667 0.474964 0.502761 0.503356 0.511531 0.509748 0.503802 0.510045
0.463667 0.474964 0.502761 0.503356 0.511531 0.509748 0.503802 0.510045 0.499194 0.463073
0.502761 0.503356 0.511531 0.509748 0.503802 0.510045 0.499194 0.463073 0.455640 0.463073
0.511531 0.509748 0.503802 0.510045 0.499194 0.463073 0.455640 0.463073 0.447613 0.458167
0.503802 0.510045 0.499194 0.463073 0.455640 0.463073 0.447613 0.458167 0.452667 0.431262
0.499194 0.463073 0.455640 0.463073 0.447613 0.458167 0.452667 0.431262 0.431262 0.434087
0.455640 0.463073 0.447613 0.458167 0.452667 0.431262 0.431262 0.434087 0.457870 0.473626
0.447613 0.458167 0.452667 0.431262 0.431262 0.434087 0.457870 0.473626 0.468573 0.503207
0.452667 0.431262 0.431262 0.434087 0.457870 0.473626 0.468573 0.503207 0.516883 0.519856
0.431262 0.434087 0.457870 0.473626 0.468573 0.503207 0.516883 0.519856 0.525207 0.521342
0.457870 0.473626 0.468573 0.503207 0.516883 0.519856 0.525207 0.521342 0.520004 0.513166
0.468573 0.503207 0.516883 0.519856 0.525207 0.521342 0.520004 0.513166 0.514207 0.526990
0.516883 0.519856 0.525207 0.521342 0.520004 0.513166 0.514207 0.526990 0.535315 0.527585
0.525207 0.521342 0.520004 0.513166 0.514207 0.526990 0.535315 0.527585 0.530261 0.525653
0.520004 0.513166 0.514207 0.526990 0.535315 0.527585 0.530261 0.525653 0.532788 0.500829
0.514207 0.526990 0.535315 0.527585 0.530261 0.525653 0.532788 0.500829 0.540517 0.553747
0.535315 0.527585 0.530261 0.525653 0.532788 0.500829 0.540517 0.553747 0.556720 0.531598
0.530261 0.525653 0.532788 0.500829 0.540517 0.553747 0.556720 0.531598 0.518220 0.532044
0.532788 0.500829 0.540517 0.553747 0.556720 0.531598 0.518220 0.532044 0.512572 0.491167
0.540517 0.553747 0.556720 0.531598 0.518220 0.532044 0.512572 0.491167 0.486559 0.502612
0.556720 0.531598 0.518220 0.532044 0.512572 0.491167 0.486559 0.502612 0.509748 0.509302
0.518220 0.532044 0.512572 0.491167 0.486559 0.502612 0.509748 0.509302 0.508112 0.508856
0.512572 0.491167 0.486559 0.502612 0.509748 0.509302 0.508112 0.508856 0.488937 0.502018
0.486559 0.502612 0.509748 0.509302 0.508112 0.508856 0.488937 0.502018 0.529666 0.526693
0.509748 0.509302 0.508112 0.508856 0.488937 0.502018 0.529666 0.526693 0.552260 0.548693
0.508112 0.508856 0.488937 0.502018 0.529666 0.526693 0.552260 0.548693 0.565936 0.562071
0.488937 0.502018 0.529666 0.526693 0.552260 0.548693 0.565936 0.562071 0.566679 0.586598
0.529666 0.526693 0.552260 0.548693 0.565936 0.562071 0.566679 0.586598 0.568760 0.568166
0.552260 0.548693 0.565936 0.562071 0.566679 0.586598 0.568760 0.568166 0.576044 0.562378
0.565936 0.562071 0.566679 0.586598 0.568760 0.568166 0.576044 0.562378 0.544873 0.545948
0.566679 0.586598 0.568760 0.568166 0.576044 0.562378 0.544873 0.545948 0.511705 0.532128
0.568760 0.568166 0.576044 0.562378 0.544873 0.545948 0.511705 0.532128 0.562378 0.584336
0.576044 0.562378 0.544873 0.545948 0.511705 0.532128 0.562378 0.584336 0.570977 0.569441
0.544873 0.545948 0.511705 0.532128 0.562378 0.584336 0.570977 0.569441 0.547023 0.557771
0.511705 0.532128 0.562378 0.584336 0.570977 0.569441 0.547023 0.557771 0.570055 0.553779
0.562378 0.584336 0.570977 0.569441 0.547023 0.557771 0.570055 0.553779 0.546255 0.541034
0.570977 0.569441 0.547023 0.557771 0.570055 0.553779 0.546255 0.541034 0.529671 0.524143
0.547023 0.557771 0.570055 0.553779 0.546255 0.541034 0.529671 0.524143 0.527214 0.519844
0.570055 0.553779 0.546255 0.541034 0.529671 0.524143 0.527214 0.519844 0.531514 0.549940
0.546255 0.541034 0.529671 0.524143 0.527214 0.519844 0.531514 0.549940 0.553932 0.542569
0.529671 0.524143 0.527214 0.519844 0.531514 0.549940 0.553932 0.542569 0.530439 0.542876
0.527214 0.519844 0.531514 0.549940 0.553932 0.542569 0.530439 0.542876 0.549633 0.560228
0.531514 0.549940 0.553932 0.542569 0.530439 0.542876 0.549633 0.560228 0.565909 0.575430
0.553932 0.542569 0.530439 0.542876 0.549633 0.560228 0.565909 0.575430 0.598002 0.597234
0.530439 0.542876 0.549633 0.560228 0.565909 0.575430 0.598002 0.597234 0.593088 0.598616
0.549633 0.560228 0.565909 0.575430 0.598002 0.597234 0.593088 0.598616 0.599384 0.593549
0.565909 0.575430 0.598002 0.597234 0.593088 0.598616 0.599384 0.593549 0.599076 0.593395
0.598002 0.597234 0.593088 0.598616 0.599384 0.593549 0.599076 0.593395 0.608750 0.607675
0.593088 0.598616 0.599384 0.593549 0.599076 0.593395 0.608750 0.607675 0.605372 0.605219
0.599384 0.593549 0.599076 0.593395 0.608750 0.607675 0.605372 0.605219 0.598770 0.596159
0.599076 0.593395 0.608750 0.607675 0.605372 0.605219 0.598770 0.596159 0.590478 0.589403
0.608750 0.607675 0.605372 0.605219 0.598770 0.596159 0.590478 0.589403 0.598616 0.598155
0.605372 0.605219 0.598770 0.596159 0.590478 0.589403 0.598616 0.598155 0.605526 0.605219
0.598770 0.596159 0.590478 0.589403 0.598616 0.598155 0.605526 0.605219 0.595698 0.589249
0.590478 0.589403 0.598616 0.598155 0.605526 0.605219 0.595698 0.589249 0.584182 0.575430
0.598616 0.598155 0.605526 0.605219 0.595698 0.589249 0.584182 0.575430 0.578347 0.579422
0.605526 0.605219 0.595698 0.589249 0.584182 0.575430 0.578347 0.579422 0.591553 0.599691
0.595698 0.589249 0.584182 0.575430 0.578347 0.579422 0.591553 0.599691 0.610746 0.610746
0.584182 0.575430 0.578347 0.579422 0.591553 0.599691 0.610746 0.610746 0.592934 0.575583
0.578347 0.579422 0.591553 0.599691 0.610746 0.610746 0.592934 0.575583 0.575737 0.558693
0.591553 0.599691 0.610746 0.610746 0.592934 0.575583 0.575737 0.558693 0.553011 0.567291
0.610746 0.610746 0.592934 0.575583 0.575737 0.558693 0.553011 0.567291 0.562224 0.569748
0.592934 0.575583 0.575737 0.558693 0.553011 0.567291 0.562224 0.569748 0.551168 0.533356
0.575737 0.558693 0.553011 0.567291 0.562224 0.569748 0.551168 0.533356 0.524757 0.543951
0.553011 0.567291 0.562224 0.569748 0.551168 0.533356 0.524757 0.543951 0.536120 0.547176
0.562224 0.569748 0.551168 0.533356 0.524757 0.543951 0.536120 0.547176 0.529518 0.497732
0.551168 0.533356 0.524757 0.543951 0.536120 0.547176 0.529518 0.497732 0.510170 0.497579
0.524757 0.543951 0.536120 0.547176 0.529518 0.497732 0.510170 0.497579 0.479306 0.463490
0.536120 0.547176 0.529518 0.497732 0.510170 0.497579 0.479306 0.463490 0.468404 0.457041
0.529518 0.497732 0.510170 0.497579 0.479306 0.463490 0.468404 0.457041 0.447674 0.434316
0.510170 0.497579 0.479306 0.463490 0.468404 0.457041 0.447674 0.434316 0.439229 0.461341
0.479306 0.463490 0.468404 0.457041 0.447674 0.434316 0.439229 0.461341 0.448135 0.460573
0.468404 0.457041 0.447674 0.434316 0.439229 0.461341 0.448135 0.460573 0.466869 0.445985
0.447674 0.434316 0.439229 0.461341 0.448135 0.460573 0.466869 0.445985 0.465640 0.475007
0.439229 0.461341 0.448135 0.460573 0.466869 0.445985 0.465640 0.475007 0.470861 0.484220
0.448135 0.460573 0.466869 0.445985 0.465640 0.475007 0.470861 0.484220 0.475775 0.494661
0.466869 0.445985 0.465640 0.475007 0.470861 0.484220 0.475775 0.494661 0.504028 0.498807
0.465640 0.475007 0.470861 0.484220 0.475775 0.494661 0.504028 0.498807 0.483606 0.484834
0.470861 0.484220 0.475775 0.494661 0.504028 0.498807 0.483606 0.484834 0.479306 0.478385
0.475775 0.494661 0.504028 0.498807 0.483606 0.484834 0.479306 0.478385 0.494968 0.514009
0.504028 0.498807 0.483606 0.484834 0.479306 0.478385 0.494968 0.514009 0.529825 0.526293
0.483606 0.484834 0.479306 0.478385 0.494968 0.514009 0.529825 0.526293 0.518922 0.507099
0.479306 0.478385 0.494968 0.514009 0.529825 0.526293 0.518922 0.507099 0.499729 0.495736
0.494968 0.514009 0.529825 0.526293 0.518922 0.507099 0.499729 0.495736 0.497425 0.496811
0.529825 0.526293 0.518922 0.507099 0.499729 0.495736 0.497425 0.496811 0.499729 0.509863
0.518922 0.507099 0.499729 0.495736 0.497425 0.496811 0.499729 0.509863 0.508020 0.492358
0.499729 0.495736 0.497425 0.496811 0.499729 0.509863 0.508020 0.492358 0.468097 0.473932
0.497425 0.496811 0.499729 0.509863 0.508020 0.492358 0.468097 0.473932 0.463030 0.466254
0.499729 0.509863 0.508020 0.492358 0.468097 0.473932 0.463030 0.466254 0.458730 0.461648
0.508020 0.492358 0.468097 0.473932 0.463030 0.466254 0.458730 0.461648 0.454277 0.438308
0.468097 0.473932 0.463030 0.466254 0.458730 0.461648 0.454277 0.438308 0.435083 0.425870
0.463030 0.466254 0.458730 0.461648 0.454277 0.438308 0.435083 0.425870 0.417271 0.415275
0.458730 0.461648 0.454277 0.438308 0.435083 0.425870 0.417271 0.415275 0.389171 0.399766
0.454277 0.438308 0.435083 0.425870 0.417271 0.415275 0.389171 0.399766 0.431859 0.405448
0.435083 0.425870 0.417271 0.415275 0.389171 0.399766 0.431859 0.405448 0.419421 0.440458
0.417271 0.415275 0.389171 0.399766 0.431859 0.405448 0.419421 0.440458 0.425410 0.440458
0.389171 0.399766 0.431859 0.405448 0.419421 0.440458 0.425410 0.440458 0.447060 0.456273
0.431859 0.405448 0.419421 0.440458 0.425410 0.440458 0.447060 0.456273 0.453202 0.442607
0.419421 0.440458 0.425410 0.440458 0.447060 0.456273 0.453202 0.442607 0.456581 0.458116
0.425410 0.440458 0.447060 0.456273 0.453202 0.442607 0.456581 0.458116 0.459805 0.481609
0.447060 0.456273 0.453202 0.442607 0.456581 0.458116 0.459805 0.481609 0.477464 0.468250
0.453202 0.442607 0.456581 0.458116 0.459805 0.481609 0.477464 0.468250 0.488826 0.496043
0.456581 0.458116 0.459805 0.481609 0.477464 0.468250 0.488826 0.496043 0.486677 0.494508
0.459805 0.481609 0.477464 0.468250 0.488826 0.496043 0.486677 0.494508 0.487444 0.465794
0.477464 0.468250 0.488826 0.496043 0.486677 0.494508 0.487444 0.465794 0.468250 0.467636
0.488826 0.496043 0.486677 0.494508 0.487444 0.465794 0.468250 0.467636 0.471322 0.489594
0.486677 0.494508 0.487444 0.465794 0.468250 0.467636 0.471322 0.489594 0.492512 0.495122
0.487444 0.465794 0.468250 0.467636 0.471322 0.489594 0.492512 0.495122 0.520458 0.533203
0.468250 0.467636 0.471322 0.489594 0.492512 0.495122 0.520458 0.533203 0.545794 0.548558
0.471322 0.489594 0.492512 0.495122 0.520458 0.533203 0.545794 0.548558 0.559614 0.570209
0.492512 0.495122 0.520458 0.533203 0.545794 0.548558 0.559614 0.570209 0.572973 0.570823
0.520458 0.533203 0.545794 0.548558 0.559614 0.570209 0.572973 0.570823 0.576504 0.566677
0.545794 0.548558 0.559614 0.570209 0.572973 0.570823 0.576504 0.566677 0.603990 0.589556
0.559614 0.570209 0.572973 0.570823 0.576504 0.566677 0.603990 0.589556 0.572819 0.573894
0.572973 0.570823 0.576504 0.566677 0.603990 0.589556 0.572819 0.573894 0.578040 0.551475
0.576504 0.566677 0.603990 0.589556 0.572819 0.573894 0.578040 0.551475 0.520765 0.560074
0.603990 0.589556 0.572819 0.573894 0.578040 0.551475 0.520765 0.560074 0.560535 0.588021
0.572819 0.573894 0.578040 0.551475 0.520765 0.560074 0.560535 0.588021 0.589249 0.594931
0.578040 0.551475 0.520765 0.560074 0.560535 0.588021 0.589249 0.594931 0.604911 0.604604
0.520765 0.560074 0.560535 0.588021 0.589249 0.594931 0.604911 0.604604 0.588174 0.584796
0.560535 0.588021 0.589249 0.594931 0.604911 0.604604 0.588174 0.584796 0.545180 0.551936
0.589249 0.594931 0.604911 0.604604 0.588174 0.584796 0.545180 0.551936 0.559921 0.605065
0.604911 0.604604 0.588174 0.584796 0.545180 0.551936 0.559921 0.605065 0.595084 0.619345
0.588174 0.584796 0.545180 0.551936 0.559921 0.605065 0.595084 0.619345 0.638846 0.623952
0.545180 0.551936 0.559921 0.605065 0.595084 0.619345 0.638846 0.623952 0.648981 0.671246
0.559921 0.605065 0.595084 0.619345 0.638846 0.623952 0.648981 0.671246 0.676620 0.679691
0.595084 0.619345 0.638846 0.623952 0.648981 0.671246 0.676620 0.679691 0.679537 0.715622
0.638846 0.623952 0.648981 0.671246 0.676620 0.679691 0.679537 0.715622 0.752321 0.773665
0.648981 0.671246 0.676620 0.679691 0.679537 0.715622 0.752321 0.773665 0.736505 0.756160
0.676620 0.679691 0.679537 0.715622 0.752321 0.773665 0.736505 0.756160 0.761995 0.764912
0.679537 0.715622 0.752321 0.773665 0.736505 0.756160 0.761995 0.764912 0.776122 0.790556
0.752321 0.773665 0.736505 0.756160 0.761995 0.764912 0.776122 0.790556 0.797926 0.800229
0.736505 0.756160 0.761995 0.764912 0.776122 0.790556 0.797926 0.800229 0.793626 0.767369
0.761995 0.764912 0.776122 0.790556 0.797926 0.800229 0.793626 0.767369 0.790709 0.795008
0.776122 0.790556 0.797926 0.800229 0.793626 0.767369 0.790709 0.795008 0.805757 0.806525
0.797926 0.800229 0.793626 0.767369 0.790709 0.795008 0.805757 0.806525 0.800997 0.795008
0.793626 0.767369 0.790709 0.795008 0.805757 0.806525 0.800997 0.795008 0.813281 0.820191
0.790709 0.795008 0.805757 0.806525 0.800997 0.795008 0.813281 0.820191 0.830940 0.833857
0.805757 0.806525 0.800997 0.795008 0.813281 0.820191 0.830940 0.833857 0.837696 0.834625
0.800997 0.795008 0.813281 0.820191 0.830940 0.833857 0.837696 0.834625 0.842763 0.857504
0.813281 0.820191 0.830940 0.833857 0.837696 0.834625 0.842763 0.857504 0.859961 0.843531
0.830940 0.833857 0.837696 0.834625 0.842763 0.857504 0.859961 0.843531 0.880230 0.898042
0.837696 0.834625 0.842763 0.857504 0.859961 0.843531 0.880230 0.898042 0.909865 0.913243
0.842763 0.857504 0.859961 0.843531 0.880230 0.898042 0.909865 0.913243 0.891132 0.942879
0.859961 0.843531 0.880230 0.898042 0.909865 0.913243 0.891132 0.942879 0.951785 0.958694
0.880230 0.898042 0.909865 0.913243 0.891132 0.942879 0.951785 0.958694 1.000000 0.937351
0.909865 0.913243 0.891132 0.942879 0.951785 0.958694 1.000000 0.937351 0.909712 0.914932
0.891132 0.942879 0.951785 0.958694 1.000000 0.937351 0.909712 0.914932 0.934280 0.891132
0.951785 0.958694 1.000000 0.937351 0.909712 0.914932 0.934280 0.891132 0.886986 0.874241
1.000000 0.937351 0.909712 0.914932 0.934280 0.891132 0.886986 0.874241 0.891439 0.887600
0.909712 0.914932 0.934280 0.891132 0.886986 0.874241 0.891439 0.887600 0.924299 0.906948
0.934280 0.891132 0.886986 0.874241 0.891439 0.887600 0.924299 0.906948 0.913397 0.913397
0.886986 0.874241 0.891439 0.887600 0.924299 0.906948 0.913397 0.913397 0.903768 0.885459
0.891439 0.887600 0.924299 0.906948 0.913397 0.913397 0.903768 0.885459 0.906925 0.928392
0.924299 0.906948 0.913397 0.913397 0.903768 0.885459 0.906925 0.928392 0.920815 0.901243
0.913397 0.913397 0.903768 0.885459 0.906925 0.928392 0.920815 0.901243 0.907872 0.899980
0.903768 0.885459 0.906925 0.928392 0.920815 0.901243 0.907872 0.899980 0.867781 0.896350
0.906925 0.928392 0.920815 0.901243 0.907872 0.899980 0.867781 0.896350 0.906767 0.910082
0.920815 0.901243 0.907872 0.899980 0.867781 0.896350 0.906767 0.910082 0.889563 0.904874
0.907872 0.899980 0.867781 0.896350 0.906767 0.910082 0.889563 0.904874 0.942597 0.932812
0.867781 0.896350 0.906767 0.910082 0.889563 0.904874 0.942597 0.932812 0.888774 0.891773
0.906767 0.910082 0.889563 0.904874 0.942597 0.932812 0.888774 0.891773 0.911029 0.874726
0.889563 0.904874 0.942597 0.932812 0.888774 0.891773 0.911029 0.874726 0.865571 0.874726
0.942597 0.932812 0.888774 0.891773 0.911029 0.874726 0.865571 0.874726 0.919237 0.919079
0.888774 0.891773 0.911029 0.874726 0.865571 0.874726 0.919237 0.919079 0.881513 0.860678
0.911029 0.874726 0.865571 0.874726 0.919237 0.919079 0.881513 0.860678 0.895561 0.871253
0.865571 0.874726 0.919237 0.919079 0.881513 0.860678 0.895561 0.871253 0.893982 0.939757
0.919237 0.919079 0.881513 0.860678 0.895561 0.871253 0.893982 0.939757 0.945123 0.949227
0.881513 0.860678 0.895561 0.871253 0.893982 0.939757 0.945123 0.949227 0.944965 0.925393
0.895561 0.871253 0.893982 0.939757 0.945123 0.949227 0.944965 0.925393 0.937231 0.911503
0.893982 0.939757 0.945123 0.949227 0.944965 0.925393 0.937231 0.911503 0.875199 0.882460
0.945123 0.949227 0.944965 0.925393 0.937231 0.911503 0.875199 0.882460 0.849629 0.851839
0.944965 0.925393 0.937231 0.911503 0.875199 0.882460 0.849629 0.851839 0.838265 0.821060
0.937231 0.911503 0.875199 0.882460 0.849629 0.851839 0.838265 0.821060 0.796279 0.805276
0.875199 0.882460 0.849629 0.851839 0.838265 0.821060 0.796279 0.805276 0.847261 0.864782
0.849629 0.851839 0.838265 0.821060 0.796279 0.805276 0.847261 0.864782 0.857363 0.827373
0.838265 0.821060 0.796279 0.805276 0.847261 0.864782 0.857363 0.827373 0.836055 0.816640
0.796279 0.805276 0.847261 0.864782 0.857363 0.827373 0.836055 0.816640 0.818061 0.817114
0.847261 0.864782 0.857363 0.827373 0.836055 0.816640 0.818061 0.817114 0.878356 0.898244
0.857363 0.827373 0.836055 0.816640 0.818061 0.817114 0.878356 0.898244 0.884196 0.891457
0.836055 0.816640 0.818061 0.817114 0.878356 0.898244 0.884196 0.891457 0.896192 0.836212
0.818061 0.817114 0.878356 0.898244 0.884196 0.891457 0.896192 0.836212 0.817745 0.856574
0.878356 0.898244 0.884196 0.891457 0.896192 0.836212 0.817745 0.856574 0.838896 0.835265
0.884196 0.891457 0.896192 0.836212 0.817745 0.856574 0.838896 0.835265 0.823901 0.786650
0.896192 0.836212 0.817745 0.856574 0.838896 0.835265 0.823901 0.786650 0.778127 0.807485
0.817745 0.856574 0.838896 0.835265 0.823901 0.786650 0.778127 0.807485 0.837949 0.847577
0.838896 0.835265 0.823901 0.786650 0.778127 0.807485 0.837949 0.847577 0.844420 0.843789
0.823901 0.786650 0.778127 0.807485 0.837949 0.847577 0.844420 0.843789 0.872042 0.861941
0.778127 0.807485 0.837949 0.847577 0.844420 0.843789 0.872042 0.861941 0.871411 0.871885
0.837949 0.847577 0.844420 0.843789 0.872042 0.861941 0.871411 0.871885 0.859100 0.850576
0.844420 0.843789 0.872042 0.861941 0.871411 0.871885 0.859100 0.850576 0.821691 0.788387
0.872042 0.861941 0.871411 0.871885 0.859100 0.850576 0.821691 0.788387 0.805276 0.808906
0.871411 0.871885 0.859100 0.850576 0.821691 0.788387 0.805276 0.808906 0.802434 0.813799
0.859100 0.850576 0.821691 0.788387 0.805276 0.808906 0.802434 0.813799 0.825321 0.829741
0.821691 0.788387 0.805276 0.808906 0.802434 0.813799 0.825321 0.829741 0.864308 0.854364
0.805276 0.808906 0.802434 0.813799 0.825321 0.829741 0.864308 0.854364 0.851839 0.859257
0.802434 0.813799 0.825321 0.829741 0.864308 0.854364 0.851839 0.859257 0.790754 0.729354
0.825321 0.829741 0.864308 0.854364 0.851839 0.859257 0.790754 0.729354 0.744507 0.743875
0.864308 0.854364 0.851839 0.859257 0.790754 0.729354 0.744507 0.743875 0.734089 0.725566
0.851839 0.859257 0.790754 0.729354 0.744507 0.743875 0.734089 0.725566 0.694471 0.672531
0.790754 0.729354 0.744507 0.743875 0.734089 0.725566 0.694471 0.672531 0.639858 0.587928
0.744507 0.743875 0.734089 0.725566 0.694471 0.672531 0.639858 0.587928 0.649170 0.636227
0.734089 0.725566 0.694471 0.672531 0.639858 0.587928 0.649170 0.636227 0.676793 0.672689
0.694471 0.672531 0.639858 0.587928 0.649170 0.636227 0.676793 0.672689 0.660219 0.632597
0.639858 0.587928 0.649170 0.636227 0.676793 0.672689 0.660219 0.632597 0.628967 0.666849
0.649170 0.636227 0.676793 0.672689 0.660219 0.632597 0.628967 0.666849 0.643015 0.657062
0.676793 0.672689 0.660219 0.632597 0.628967 0.666849 0.643015 0.657062 0.685632 0.700311
0.660219 0.632597 0.628967 0.666849 0.643015 0.657062 0.685632 0.700311 0.695576 0.690209
0.628967 0.666849 0.643015 0.657062 0.685632 0.700311 0.695576 0.690209 0.699364 0.714990
0.643015 0.657062 0.685632 0.700311 0.695576 0.690209 0.699364 0.714990 0.717674 0.720831
0.685632 0.700311 0.695576 0.690209 0.699364 0.714990 0.717674 0.720831 0.670005 0.653748
0.695576 0.690209 0.699364 0.714990 0.717674 0.720831 0.670005 0.653748 0.574827 0.577510
0.699364 0.714990 0.717674 0.720831 0.670005 0.653748 0.574827 0.577510 0.531105 0.566462
0.717674 0.720831 0.670005 0.653748 0.574827 0.577510 0.531105 0.566462 0.532841 0.527633
0.670005 0.653748 0.574827 0.577510 0.531105 0.566462 0.532841 0.527633 0.552729 0.546416
0.574827 0.577510 0.531105 0.566462 0.532841 0.527633 0.552729 0.546416 0.548468 0.577668
0.531105 0.566462 0.532841 0.527633 0.552729 0.546416 0.548468 0.577668 0.603870 0.629125
0.532841 0.527633 0.552729 0.546416 0.548468 0.577668 0.603870 0.629125 0.642699 0.668901
0.552729 0.546416 0.548468 0.577668 0.603870 0.629125 0.642699 0.668901 0.688946 0.674267
0.548468 0.577668 0.603870 0.629125 0.642699 0.668901 0.688946 0.674267 0.658010 0.679792
0.603870 0.629125 0.642699 0.668901 0.688946 0.674267 0.658010 0.679792 0.671584 0.678529
0.642699 0.668901 0.688946 0.674267 0.658010 0.679792 0.671584 0.678529 0.670795 0.692735
0.688946 0.674267 0.658010 0.679792 0.671584 0.678529 0.670795 0.692735 0.729512 0.771498
0.658010 0.679792 0.671584 0.678529 0.670795 0.692735 0.729512 0.771498 0.766289 0.761869
0.671584 0.678529 0.670795 0.692735 0.729512 0.771498 0.766289 0.761869 0.774339 0.768972
0.670795 0.692735 0.729512 0.771498 0.766289 0.761869 0.774339 0.768972 0.775602 0.788071
0.729512 0.771498 0.766289 0.761869 0.774339 0.768972 0.775602 0.788071 0.780810 0.754766
0.766289 0.761869 0.774339 0.768972 0.775602 0.788071 0.780810 0.754766 0.761711 0.788544
0.774339 0.768972 0.775602 0.788071 0.780810 0.754766 0.761711 0.788544 0.760291 0.777338
0.775602 0.788071 0.780810 0.754766 0.761711 0.788544 0.760291 0.777338 0.765499 0.744349
0.780810 0.754766 0.761711 0.788544 0.760291 0.777338 0.765499 0.744349 0.735194 0.728880
0.761711 0.788544 0.760291 0.777338 0.765499 0.744349 0.735194 0.728880 0.756345 0.760922
0.760291 0.777338 0.765499 0.744349 0.735194 0.728880 0.756345 0.760922 0.769603 0.780021
0.765499 0.744349 0.735194 0.728880 0.756345 0.760922 0.769603 0.780021 0.775286 0.767393
0.735194 0.728880 0.756345 0.760922 0.769603 0.780021 0.775286 0.767393 0.783651 0.823427
0.756345 0.760922 0.769603 0.780021 0.775286 0.767393 0.783651 0.823427 0.830530 0.866518
0.769603 0.780021 0.775286 0.767393 0.783651 0.823427 0.830530 0.866518 0.842526 0.836686
0.775286 0.767393 0.783651 0.823427 0.830530 0.866518 0.842526 0.836686 0.766920 0.769919
0.783651 0.823427 0.830530 0.866518 0.842526 0.836686 0.766920 0.769919 0.787597 0.752872
0.830530 0.866518 0.842526 0.836686 0.766920 0.769919 0.787597 0.752872 0.745927 0.748295
0.842526 0.836686 0.766920 0.769919 0.787597 0.752872 0.745927 0.748295 0.707098 0.680581
0.766920 0.769919 0.787597 0.752872 0.745927 0.748295 0.707098 0.680581 0.720831 0.730143
0.787597 0.752872 0.745927 0.748295 0.707098 0.680581 0.720831 0.730143 0.769130 0.741192
0.745927 0.748295 0.707098 0.680581 0.720831 0.730143 0.769130 0.741192 0.720831 0.734563
0.707098 0.680581 0.720831 0.730143 0.769130 0.741192 0.720831 0.734563 0.757765 0.757765
0.720831 0.730143 0.769130 0.741192 0.720831 0.734563 0.757765 0.757765 0.749242 0.766289
0.769130 0.741192 0.720831 0.734563 0.757765 0.757765 0.749242 0.766289 0.753662 0.691472
0.720831 0.734563 0.757765 0.757765 0.749242 0.766289 0.753662 0.691472 0.691314 0.661798
0.757765 0.757765 0.749242 0.766289 0.753662 0.691472 0.691314 0.661798 0.618234 0.605448
0.749242 0.766289 0.753662 0.691472 0.691314 0.661798 0.618234 0.605448 0.604501 0.620443
0.753662 0.691472 0.691314 0.661798 0.618234 0.605448 0.604501 0.620443 0.606237 0.567882
0.691314 0.661798 0.618234 0.605448 0.604501 0.620443 0.606237 0.567882 0.547678 0.553834
0.618234 0.605448 0.604501 0.620443 0.606237 0.567882 0.547678 0.553834 0.563463 0.536314
0.604501 0.620443 0.606237 0.567882 0.547678 0.553834 0.563463 0.536314 0.564883 0.574512
0.606237 0.567882 0.547678 0.553834 0.563463 0.536314 0.564883 0.574512 0.556675 0.556517
0.547678 0.553834 0.563463 0.536314 0.564883 0.574512 0.556675 0.556517 0.569776 0.537577
0.563463 0.536314 0.564883 0.574512 0.556675 0.556517 0.569776 0.537577 0.541838 0.535209
0.564883 0.574512 0.556675 0.556517 0.569776 0.537577 0.541838 0.535209 0.520845 0.523055
0.556675 0.556517 0.569776 0.537577 0.541838 0.535209 0.520845 0.523055 0.491013 0.496538
0.569776 0.537577 0.541838 0.535209 0.520845 0.523055 0.491013 0.496538 0.466074 0.462760
0.541838 0.535209 0.520845 0.523055 0.491013 0.496538 0.466074 0.462760 0.465127 0.457709
0.520845 0.523055 0.491013 0.496538 0.466074 0.462760 0.465127 0.457709 0.490540 0.520372
0.491013 0.496538 0.466074 0.462760 0.465127 0.457709 0.490540 0.520372 0.512953 0.552887
0.466074 0.462760 0.465127 0.457709 0.490540 0.520372 0.512953 0.552887 0.550677 0.529369
0.465127 0.457709 0.490540 0.520372 0.512953 0.552887 0.550677 0.529369 0.545469 0.521161
0.490540 0.520372 0.512953 0.552887 0.550677 0.529369 0.545469 0.521161 0.480596 0.488330
0.512953 0.552887 0.550677 0.529369 0.545469 0.521161 0.480596 0.488330 0.518004 0.525107
0.550677 0.529369 0.545469 0.521161 0.480596 0.488330 0.518004 0.525107 0.550204 0.577037
0.545469 0.521161 0.480596 0.488330 0.518004 0.525107 0.550204 0.577037 0.581141 0.591400
0.480596 0.488330 0.518004 0.525107 0.550204 0.577037 0.581141 0.591400 0.586350 0.555886
0.518004 0.525107 0.550204 0.577037 0.581141 0.591400 0.586350 0.555886 0.559517 0.516584
0.550204 0.577037 0.581141 0.591400 0.586350 0.555886 0.559517 0.516584 0.556517 0.575301
0.581141 0.591400 0.586350 0.555886 0.559517 0.516584 0.556517 0.575301 0.577668 0.596925
0.586350 0.555886 0.559517 0.516584 0.556517 0.575301 0.577668 0.596925 0.580825 0.590927
0.559517 0.516584 0.556517 0.575301 0.577668 0.596925 0.580825 0.590927 0.581614 0.585876
0.556517 0.575301 0.577668 0.596925 0.580825 0.590927 0.581614 0.585876 0.591085 0.568671
0.577668 0.596925 0.580825 0.590927 0.581614 0.585876 0.591085 0.568671 0.576406 0.601345
0.580825 0.590927 0.581614 0.585876 0.591085 0.568671 0.576406 0.601345 0.592505 0.568987
0.581614 0.585876 0.591085 0.568671 0.576406 0.601345 0.592505 0.568987 0.561411 0.525107
0.591085 0.568671 0.576406 0.601345 0.592505 0.568987 0.561411 0.525107 0.515637 0.520132
0.576406 0.601345 0.592505 0.568987 0.561411 0.525107 0.515637 0.520132 0.521797 0.536449
0.592505 0.568987 0.561411 0.525107 0.515637 0.520132 0.521797 0.536449 0.549769 0.586399
0.561411 0.525107 0.515637 0.520132 0.521797 0.536449 0.549769 0.586399 0.592393 0.569915
0.515637 0.520132 0.521797 0.536449 0.549769 0.586399 0.592393 0.569915 0.586565 0.622030
0.521797 0.536449 0.549769 0.586399 0.592393 0.569915 0.586565 0.622030 0.630188 0.639013
0.549769 0.586399 0.592393 0.569915 0.586565 0.622030 0.630188 0.639013 0.582236 0.574910
0.592393 0.569915 0.586565 0.622030 0.630188 0.639013 0.582236 0.574910 0.576908 0.574244
0.586565 0.622030 0.630188 0.639013 0.582236 0.574910 0.576908 0.574244 0.577741 0.539612
0.630188 0.639013 0.582236 0.574910 0.576908 0.574244 0.577741 0.539612 0.546272 0.520965
0.582236 0.574910 0.576908 0.574244 0.577741 0.539612 0.546272 0.520965 0.506146 0.512640
0.576908 0.574244 0.577741 0.539612 0.546272 0.520965 0.506146 0.512640 0.518134 0.523629
0.577741 0.539612 0.546272 0.520965 0.506146 0.512640 0.518134 0.523629 0.529789 0.517801
0.546272 0.520965 0.506146 0.512640 0.518134 0.523629 0.529789 0.517801 0.507478 0.508644
0.506146 0.512640 0.518134 0.523629 0.529789 0.517801 0.507478 0.508644 0.490662 0.488164
0.518134 0.523629 0.529789 0.517801 0.507478 0.508644 0.490662 0.488164 0.484834 0.491994
0.529789 0.517801 0.507478 0.508644 0.490662 0.488164 0.484834 0.491994 0.476842 0.497655
0.507478 0.508644 0.490662 0.488164 0.484834 0.491994 0.476842 0.497655 0.529956 0.542942
0.490662 0.488164 0.484834 0.491994 0.476842 0.497655 0.529956 0.542942 0.539446 0.554764
0.484834 0.491994 0.476842 0.497655 0.529956 0.542942 0.539446 0.554764 0.551267 0.533951
0.476842 0.497655 0.529956 0.542942 0.539446 0.554764 0.551267 0.533951 0.538281 0.516136
0.529956 0.542942 0.539446 0.554764 0.551267 0.533951 0.538281 0.516136 0.517468 0.530122
0.539446 0.554764 0.551267 0.533951 0.538281 0.516136 0.517468 0.530122 0.521631 0.507811
0.551267 0.533951 0.538281 0.516136 0.517468 0.530122 0.521631 0.507811 0.486666 0.467685
0.538281 0.516136 0.517468 0.530122 0.521631 0.507811 0.486666 0.467685 0.445707 0.453366
0.517468 0.530122 0.521631 0.507811 0.486666 0.467685 0.445707 0.453366 0.450036 0.459360
0.521631 0.507811 0.486666 0.467685 0.445707 0.453366 0.450036 0.459360 0.500652 0.505813
0.486666 0.467685 0.445707 0.453366 0.450036 0.459360 0.500652 0.505813 0.511474 0.527958
0.445707 0.453366 0.450036 0.459360 0.500652 0.505813 0.511474 0.527958 0.445873 0.417735
0.450036 0.459360 0.500652 0.505813 0.511474 0.527958 0.445873 0.417735 0.422897 0.423729
0.500652 0.505813 0.511474 0.527958 0.445873 0.417735 0.422897 0.423729 0.420233 0.440545
0.511474 0.527958 0.445873 0.417735 0.422897 0.423729 0.420233 0.440545 0.432220 0.399420
0.445873 0.417735 0.422897 0.423729 0.420233 0.440545 0.432220 0.399420 0.394425 0.399587
0.422897 0.423729 0.420233 0.440545 0.432220 0.399420 0.394425 0.399587 0.430722 0.448537
0.420233 0.440545 0.432220 0.399420 0.394425 0.399587 0.430722 0.448537 0.488997 0.482503
0.432220 0.399420 0.394425 0.399587 0.430722 0.448537 0.488997 0.482503 0.502983 0.501318
0.394425 0.399587 0.430722 0.448537 0.488997 0.482503 0.502983 0.501318 0.499986 0.489163
0.430722 0.448537 0.488997 0.482503 0.502983 0.501318 0.499986 0.489163 0.506146 0.518967
0.488997 0.482503 0.502983 0.501318 0.499986 0.489163 0.506146 0.518967 0.519966 0.527292
0.502983 0.501318 0.499986 0.489163 0.506146 0.518967 0.519966 0.527292 0.540778 0.560092
0.499986 0.489163 0.506146 0.518967 0.519966 0.527292 0.540778 0.560092 0.533286 0.541777
0.506146 0.518967 0.519966 0.527292 0.540778 0.560092 0.533286 0.541777 0.539945 0.509976
0.519966 0.527292 0.540778 0.560092 0.533286 0.541777 0.539945 0.509976 0.517302 0.517135
0.540778 0.560092 0.533286 0.541777 0.539945 0.509976 0.517302 0.517135 0.545273 0.547604
0.533286 0.541777 0.539945 0.509976 0.517302 0.517135 0.545273 0.547604 0.575909 0.572746
0.539945 0.509976 0.517302 0.517135 0.545273 0.547604 0.575909 0.572746 0.579406 0.576242
0.517302 0.517135 0.545273 0.547604 0.575909 0.572746 0.579406 0.576242 0.583069 0.570082
0.545273 0.547604 0.575909 0.572746 0.579406 0.576242 0.583069 0.570082 0.557594 0.561590
0.575909 0.572746 0.579406 0.576242 0.583069 0.570082 0.557594 0.561590 0.551600 0.551600
0.579406 0.576242 0.583069 0.570082 0.557594 0.561590 0.551600 0.551600 0.559093 0.563422
0.583069 0.570082 0.557594 0.561590 0.551600 0.551600 0.559093 0.563422 0.547604 0.556429
0.557594 0.561590 0.551600 0.551600 0.559093 0.563422 0.547604 0.556429 0.548603 0.566585
0.551600 0.551600 0.559093 0.563422 0.547604 0.556429 0.548603 0.566585 0.562756 0.556429
0.559093 0.563422 0.547604 0.556429 0.548603 0.566585 0.562756 0.556429 0.575743 0.574411
0.547604 0.556429 0.548603 0.566585 0.562756 0.556429 0.575743 0.574411 0.582902 0.597554
0.548603 0.566585 0.562756 0.556429 0.575743 0.574411 0.582902 0.597554 0.590561 0.585733
0.562756 0.556429 0.575743 0.574411 0.582902 0.597554 0.590561 0.585733 0.568084 0.559592
0.575743 0.574411 0.582902 0.597554 0.590561 0.585733 0.568084 0.559592 0.553598 0.558593
0.582902 0.597554 0.590561 0.585733 0.568084 0.559592 0.553598 0.558593 0.534951 0.550268
0.590561 0.585733 0.568084 0.559592 0.553598 0.558593 0.534951 0.550268 0.546439 0.554930
0.568084 0.559592 0.553598 0.558593 0.534951 0.550268 0.546439 0.554930 0.585067 0.586732
0.553598 0.558593 0.534951 0.550268 0.546439 0.554930 0.585067 0.586732 0.559426 0.553099
0.534951 0.550268 0.546439 0.554930 0.585067 0.586732 0.559426 0.553099 0.562423 0.563089
0.546439 0.554930 0.585067 0.586732 0.559426 0.553099 0.562423 0.563089 0.573245 0.600884
0.585067 0.586732 0.559426 0.553099 0.562423 0.563089 0.573245 0.600884 0.606046 0.600551
0.559426 0.553099 0.562423 0.563089 0.573245 0.600884 0.606046 0.600551 0.592559 0.605047
0.562423 0.563089 0.573245 0.600884 0.606046 0.600551 0.592559 0.605047 0.601550 0.596722
0.573245 0.600884 0.606046 0.600551 0.592559 0.605047 0.601550 0.596722 0.581404 0.597388
0.606046 0.600551 0.592559 0.605047 0.601550 0.596722 0.581404 0.597388 0.592559 0.600385
0.592559 0.605047 0.601550 0.596722 0.581404 0.597388 0.592559 0.600385 0.614704 0.628024
0.601550 0.596722 0.581404 0.597388 0.592559 0.600385 0.614704 0.628024 0.605047 0.609542
0.581404 0.597388 0.592559 0.600385 0.614704 0.628024 0.605047 0.609542 0.609376 0.615037
0.592559 0.600385 0.614704 0.628024 0.605047 0.609542 0.609376 0.615037 0.618866 0.617035
0.614704 0.628024 0.605047 0.609542 0.609376 0.615037 0.618866 0.617035 0.609875 0.596722
0.605047 0.609542 0.609376 0.615037 0.618866 0.617035 0.609875 0.596722 0.568750 0.564587
0.609376 0.615037 0.618866 0.617035 0.609875 0.596722 0.568750 0.564587 0.558926 0.583402
0.618866 0.617035 0.609875 0.596722 0.568750 0.564587 0.558926 0.583402 0.590395 0.592892
0.609875 0.596722 0.568750 0.564587 0.558926 0.583402 0.590395 0.592892 0.589562 0.607544
0.568750 0.564587 0.558926 0.583402 0.590395 0.592892 0.589562 0.607544 0.609376 0.613871
0.558926 0.583402 0.590395 0.592892 0.589562 0.607544 0.609376 0.613871 0.608044 0.617701
0.590395 0.592892 0.589562 0.607544 0.609376 0.613871 0.608044 0.617701 0.615703 0.620365
0.589562 0.607544 0.609376 0.613871 0.608044 0.617701 0.615703 0.620365 0.620032 0.603049
0.609376 0.613871 0.608044 0.617701 0.615703 0.620365 0.620032 0.603049 0.604547 0.606712
0.608044 0.617701 0.615703 0.620365 0.620032 0.603049 0.604547 0.606712 0.594557 0.587065
0.615703 0.620365 0.620032 0.603049 0.604547 0.606712 0.594557 0.587065 0.574078 0.567917
0.620032 0.603049 0.604547 0.606712 0.594557 0.587065 0.574078 0.567917 0.569249 0.595889
0.604547 0.606712 0.594557 0.587065 0.574078 0.567917 0.569249 0.595889 0.602882 0.638014
0.594557 0.587065 0.574078 0.567917 0.569249 0.595889 0.602882 0.638014 0.665319 0.666319
0.574078 0.567917 0.569249 0.595889 0.602882 0.638014 0.665319 0.666319 0.664320 0.677307
0.569249 0.595889 0.602882 0.638014 0.665319 0.666319 0.664320 0.677307 0.678806 0.696455
0.602882 0.638014 0.665319 0.666319 0.664320 0.677307 0.678806 0.696455 0.704946 0.710940
0.665319 0.666319 0.664320 0.677307 0.678806 0.696455 0.704946 0.710940 0.713105 0.715436
0.664320 0.677307 0.678806 0.696455 0.704946 0.710940 0.713105 0.715436 0.709775 0.711773
0.678806 0.696455 0.704946 0.710940 0.713105 0.715436 0.709775 0.711773 0.710607 0.709109
0.704946 0.710940 0.713105 0.715436 0.709775 0.711773 0.710607 0.709109 0.701283 0.706611
0.713105 0.715436 0.709775 0.711773 0.710607 0.709109 0.701283 0.706611 0.714270 0.729588
0.709775 0.711773 0.710607 0.709109 0.701283 0.706611 0.714270 0.729588 0.729089 0.728756
0.710607 0.709109 0.701283 0.706611 0.714270 0.729588 0.729089 0.728756 0.728589 0.727590
0.701283 0.706611 0.714270 0.729588 0.729089 0.728756 0.728589 0.727590 0.731753 0.741743
0.714270 0.729588 0.729089 0.728756 0.728589 0.727590 0.731753 0.741743 0.707777 0.716768
0.729089 0.728756 0.728589 0.727590 0.731753 0.741743 0.707777 0.716768 0.698786 0.700451
0.728589 0.727590 0.731753 0.741743 0.707777 0.716768 0.698786 0.700451 0.705779 0.705945
0.731753 0.741743 0.707777 0.716768 0.698786 0.700451 0.705779 0.705945 0.705279 0.697454
0.707777 0.716768 0.698786 0.700451 0.705779 0.705945 0.705279 0.697454 0.714270 0.733751
0.698786 0.700451 0.705779 0.705945 0.705279 0.697454 0.714270 0.733751 0.720597 0.706611
0.705779 0.705945 0.705279 0.697454 0.714270 0.733751 0.720597 0.706611 0.702116 0.683801
0.705279 0.697454 0.714270 0.733751 0.720597 0.706611 0.702116 0.683801 0.694956 0.662988
0.714270 0.733751 0.720597 0.706611 0.702116 0.683801 0.694956 0.662988 0.655496 0.648170
0.720597 0.706611 0.702116 0.683801 0.694956 0.662988 0.655496 0.648170 0.640678 0.639013
0.702116 0.683801 0.694956 0.662988 0.655496 0.648170 0.640678 0.639013 0.649502 0.646672
0.694956 0.662988 0.655496 0.648170 0.640678 0.639013 0.649502 0.646672 0.659492 0.663155
0.655496 0.648170 0.640678 0.639013 0.649502 0.646672 0.659492 0.663155 0.662322 0.657827
0.640678 0.639013 0.649502 0.646672 0.659492 0.663155 0.662322 0.657827 0.654830 0.657827
0.649502 0.646672 0.659492 0.663155 0.662322 0.657827 0.654830 0.657827 0.673312 0.684467
0.659492 0.663155 0.662322 0.657827 0.654830 0.657827 0.673312 0.684467 0.682635 0.673978
0.662322 0.657827 0.654830 0.657827 0.673312 0.684467 0.682635 0.673978 0.673644 0.671980
0.654830 0.657827 0.673312 0.684467 0.682635 0.673978 0.673644 0.671980 0.691793 0.692625
0.673312 0.684467 0.682635 0.673978 0.673644 0.671980 0.691793 0.692625 0.694124 0.686964
0.682635 0.673978 0.673644 0.671980 0.691793 0.692625 0.694124 0.686964 0.696288 0.694623
0.673644 0.671980 0.691793 0.692625 0.694124 0.686964 0.696288 0.694623 0.694124 0.694623
0.691793 0.692625 0.694124 0.686964 0.696288 0.694623 0.694124 0.694623 0.708276 0.707277
0.694124 0.686964 0.696288 0.694623 0.694124 0.694623 0.708276 0.707277 0.710940 0.716102
0.696288 0.694623 0.694124 0.694623 0.708276 0.707277 0.710940 0.716102 0.713937 0.710774
0.694124 0.694623 0.708276 0.707277 0.710940 0.716102 0.713937 0.710774 0.703781 0.692958
0.708276 0.707277 0.710940 0.716102 0.713937 0.710774 0.703781 0.692958 0.704280 0.703947
0.710940 0.716102 0.713937 0.710774 0.703781 0.692958 0.704280 0.703947 0.702615 0.721763
0.713937 0.710774 0.703781 0.692958 0.704280 0.703947 0.702615 0.721763 0.733917 0.737753
0.703781 0.692958 0.704280 0.703947 0.702615 0.721763 0.733917 0.737753 0.735486 0.722411
0.704280 0.703947 0.702615 0.721763 0.733917 0.737753 0.735486 0.722411 0.710034 0.698180
0.702615 0.721763 0.733917 0.737753 0.735486 0.722411 0.710034 0.698180 0.699226 0.697134
0.733917 0.737753 0.735486 0.722411 0.710034 0.698180 0.699226 0.697134 0.695913 0.690858
0.735486 0.722411 0.710034 0.698180 0.699226 0.697134 0.695913 0.690858 0.693996 0.687023
0.710034 0.698180 0.699226 0.697134 0.695913 0.690858 0.693996 0.687023 0.671856 0.677609
0.699226 0.697134 0.695913 0.690858 0.693996 0.687023 0.671856 0.677609 0.684756 0.682664
0.695913 0.690858 0.693996 0.687023 0.671856 0.677609 0.684756 0.682664 0.710731 0.726770
0.693996 0.687023 0.671856 0.677609 0.684756 0.682664 0.710731 0.726770 0.729210 0.719622
0.671856 0.677609 0.684756 0.682664 0.710731 0.726770 0.729210 0.719622 0.721540 0.713869
0.684756 0.682664 0.710731 0.726770 0.729210 0.719622 0.721540 0.713869 0.711254 0.714741
0.710731 0.726770 0.729210 0.719622 0.721540 0.713869 0.711254 0.714741 0.723632 0.727641
0.729210 0.719622 0.721540 0.713869 0.711254 0.714741 0.723632 0.727641 0.724852 0.729385
0.721540 0.713869 0.711254 0.714741 0.723632 0.727641 0.724852 0.729385 0.727467 0.733220
0.711254 0.714741 0.723632 0.727641 0.724852 0.729385 0.727467 0.733220 0.734615 0.728164
0.723632 0.727641 0.724852 0.729385 0.727467 0.733220 0.734615 0.728164 0.718925 0.709685
0.724852 0.729385 0.727467 0.733220 0.734615 0.728164 0.718925 0.709685 0.712649 0.710034
0.727467 0.733220 0.734615 0.728164 0.718925 0.709685 0.712649 0.710034 0.700446 0.681444
0.734615 0.728164 0.718925 0.709685 0.712649 0.710034 0.700446 0.681444 0.676040 0.668892
0.718925 0.709685 0.712649 0.710034 0.700446 0.681444 0.676040 0.668892 0.669939 0.665754
0.712649 0.710034 0.700446 0.681444 0.676040 0.668892 0.669939 0.665754 0.655469 0.663488
0.700446 0.681444 0.676040 0.668892 0.669939 0.665754 0.655469 0.663488 0.676911 0.676911
0.676040 0.668892 0.669939 0.665754 0.655469 0.663488 0.676911 0.676911 0.671507 0.665232
0.669939 0.665754 0.655469 0.663488 0.676911 0.676911 0.671507 0.665232 0.665057 0.670287
0.655469 0.663488 0.676911 0.676911 0.671507 0.665232 0.665057 0.670287 0.673425 0.677958
0.676911 0.676911 0.671507 0.665232 0.665057 0.670287 0.673425 0.677958 0.674645 0.666626
0.671507 0.665232 0.665057 0.670287 0.673425 0.677958 0.674645 0.666626 0.665754 0.674645
0.665057 0.670287 0.673425 0.677958 0.674645 0.666626 0.665754 0.674645 0.672205 0.670113
0.673425 0.677958 0.674645 0.666626 0.665754 0.674645 0.672205 0.670113 0.670810 0.668195
0.674645 0.666626 0.665754 0.674645 0.672205 0.670113 0.670810 0.668195 0.668718 0.663663
0.665754 0.674645 0.672205 0.670113 0.670810 0.668195 0.668718 0.663663 0.660525 0.650239
0.672205 0.670113 0.670810 0.668195 0.668718 0.663663 0.660525 0.650239 0.633852 0.646230
0.670810 0.668195 0.668718 0.663663 0.660525 0.650239 0.633852 0.646230 0.646578 0.640302
0.668718 0.663663 0.660525 0.650239 0.633852 0.646230 0.646578 0.640302 0.633678 0.635770
0.660525 0.650239 0.633852 0.646230 0.646578 0.640302 0.633678 0.635770 0.633678 0.647450
0.633852 0.646230 0.646578 0.640302 0.633678 0.635770 0.633678 0.647450 0.670287 0.664883
0.646578 0.640302 0.633678 0.635770 0.633678 0.647450 0.670287 0.664883 0.660002 0.656689
0.633678 0.635770 0.633678 0.647450 0.670287 0.664883 0.660002 0.656689 0.647799 0.647276
0.633678 0.647450 0.670287 0.664883 0.660002 0.656689 0.647799 0.647276 0.643092 0.620080
0.670287 0.664883 0.660002 0.656689 0.647799 0.647276 0.643092 0.620080 0.591142 0.593582
0.660002 0.656689 0.647799 0.647276 0.643092 0.620080 0.591142 0.593582 0.585563 0.580159
0.647799 0.647276 0.643092 0.620080 0.591142 0.593582 0.585563 0.580159 0.572488 0.562726
0.643092 0.620080 0.591142 0.593582 0.585563 0.580159 0.572488 0.562726 0.572488 0.571617
0.591142 0.593582 0.585563 0.580159 0.572488 0.562726 0.572488 0.571617 0.571094 0.584343
0.585563 0.580159 0.572488 0.562726 0.572488 0.571617 0.571094 0.584343 0.582251 0.583820
0.572488 0.562726 0.572488 0.571617 0.571094 0.584343 0.582251 0.583820 0.575452 0.572837
0.572488 0.571617 0.571094 0.584343 0.582251 0.583820 0.575452 0.572837 0.571617 0.577718
0.571094 0.584343 0.582251 0.583820 0.575452 0.572837 0.571617 0.577718 0.579462 0.584168
0.582251 0.583820 0.575452 0.572837 0.571617 0.577718 0.579462 0.584168 0.582425 0.580508
0.575452 0.572837 0.571617 0.577718 0.579462 0.584168 0.582425 0.580508 0.577021 0.589573
0.571617 0.577718 0.579462 0.584168 0.582425 0.580508 0.577021 0.589573 0.588527 0.603868
0.579462 0.584168 0.582425 0.580508 0.577021 0.589573 0.588527 0.603868 0.612933 0.608226
0.582425 0.580508 0.577021 0.589573 0.588527 0.603868 0.612933 0.608226 0.601601 0.602822
0.577021 0.589573 0.588527 0.603868 0.612933 0.608226 0.601601 0.602822 0.596546 0.606483
0.588527 0.603868 0.612933 0.608226 0.601601 0.602822 0.596546 0.606483 0.607180 0.617291
0.612933 0.608226 0.601601 0.602822 0.596546 0.606483 0.607180 0.617291 0.651808 0.660699
0.601601 0.602822 0.596546 0.606483 0.607180 0.617291 0.651808 0.660699 0.659304 0.656166
0.596546 0.606483 0.607180 0.617291 0.651808 0.660699 0.659304 0.656166 0.666801 0.673948
0.607180 0.617291 0.651808 0.660699 0.659304 0.656166 0.666801 0.673948 0.676737 0.684059
0.651808 0.660699 0.659304 0.656166 0.666801 0.673948 0.676737 0.684059 0.688417 0.688592
0.659304 0.656166 0.666801 0.673948 0.676737 0.684059 0.688417 0.688592 0.689812 0.694868
0.666801 0.673948 0.676737 0.684059 0.688417 0.688592 0.689812 0.694868 0.690161 0.691904
0.676737 0.684059 0.688417 0.688592 0.689812 0.694868 0.690161 0.691904 0.692601 0.694170
0.688417 0.688592 0.689812 0.694868 0.690161 0.691904 0.692601 0.694170 0.691032 0.705327
0.689812 0.694868 0.690161 0.691904 0.692601 0.694170 0.691032 0.705327 0.707942 0.707942
0.690161 0.691904 0.692601 0.694170 0.691032 0.705327 0.707942 0.707942 0.722237 0.722237
0.692601 0.694170 0.691032 0.705327 0.707942 0.707942 0.722237 0.722237 0.726770 0.725375
0.691032 0.705327 0.707942 0.707942 0.722237 0.722237 0.726770 0.725375 0.714218 0.716135
0.707942 0.707942 0.722237 0.722237 0.726770 0.725375 0.714218 0.716135 0.714741 0.712998
0.722237 0.722237 0.726770 0.725375 0.714218 0.716135 0.714741 0.712998 0.721191 0.727118
0.726770 0.725375 0.714218 0.716135 0.714741 0.712998 0.721191 0.727118 0.737578 0.730954
0.714218 0.716135 0.714741 0.712998 0.721191 0.727118 0.737578 0.730954 0.720843 0.727816
0.714741 0.712998 0.721191 0.727118 0.737578 0.730954 0.720843 0.727816 0.738973 0.736358
0.721191 0.727118 0.737578 0.730954 0.720843 0.727816 0.738973 0.736358 0.748561 0.768783
0.737578 0.730954 0.720843 0.727816 0.738973 0.736358 0.748561 0.768783 0.771921 0.771921
0.720843 0.727816 0.738973 0.736358 0.748561 0.768783 0.771921 0.771921 0.801731 0.803300
0.738973 0.736358 0.748561 0.768783 0.771921 0.771921 0.801731 0.803300 0.806089 0.798070
0.748561 0.768783 0.771921 0.771921 0.801731 0.803300 0.806089 0.798070 0.788134 0.777674
0.771921 0.771921 0.801731 0.803300 0.806089 0.798070 0.788134 0.777674 0.765819 0.759369
0.801731 0.803300 0.806089 0.798070 0.788134 0.777674 0.765819 0.759369 0.754314 0.744203
0.806089 0.798070 0.788134 0.777674 0.765819 0.759369 0.754314 0.744203 0.737404 0.737927
0.788134 0.777674 0.765819 0.759369 0.754314 0.744203 0.737404 0.737927 0.731477 0.740019
0.765819 0.759369 0.754314 0.744203 0.737404 0.737927 0.731477 0.740019 0.759892 0.749084
0.754314 0.744203 0.737404 0.737927 0.731477 0.740019 0.759892 0.749084 0.747689 0.749432
0.737404 0.737927 0.731477 0.740019 0.759892 0.749084 0.747689 0.749432 0.747515 0.748561
0.731477 0.740019 0.759892 0.749084 0.747689 0.749432 0.747515 0.748561 0.751699 0.741065
0.759892 0.749084 0.747689 0.749432 0.747515 0.748561 0.751699 0.741065 0.719622 0.741762
0.747689 0.749432 0.747515 0.748561 0.751699 0.741065 0.719622 0.741762 0.749781 0.742982
0.747515 0.748561 0.751699 0.741065 0.719622 0.741762 0.749781 0.742982 0.742459 0.754662
0.751699 0.741065 0.719622 0.741762 0.749781 0.742982 0.742459 0.754662 0.753093 0.762333
0.719622 0.741762 0.749781 0.742982 0.742459 0.754662 0.753093 0.762333 0.766866 0.764948
0.749781 0.742982 0.742459 0.754662 0.753093 0.762333 0.766866 0.764948 0.767040 0.775582
0.742459 0.754662 0.753093 0.762333 0.766866 0.764948 0.767040 0.775582 0.769829 0.767737
0.753093 0.762333 0.766866 0.764948 0.767040 0.775582 0.769829 0.767737 0.774362 0.772270
0.766866 0.764948 0.767040 0.775582 0.769829 0.767737 0.774362 0.772270 0.771049 0.765122
0.767040 0.775582 0.769829 0.767737 0.774362 0.772270 0.771049 0.765122 0.763379 0.760241
0.769829 0.767737 0.774362 0.772270 0.771049 0.765122 0.763379 0.760241 0.770178 0.784647
0.774362 0.772270 0.771049 0.765122 0.763379 0.760241 0.770178 0.784647 0.801383 0.814806
0.771049 0.765122 0.763379 0.760241 0.770178 0.784647 0.801383 0.814806 0.821954 0.821779
0.763379 0.760241 0.770178 0.784647 0.801383 0.814806 0.821954 0.821779 0.812365 0.822302
0.770178 0.784647 0.801383 0.814806 0.821954 0.821779 0.812365 0.822302 0.819339 0.825266
0.801383 0.814806 0.821954 0.821779 0.812365 0.822302 0.819339 0.825266 0.817944 0.828229
0.821954 0.821779 0.812365 0.822302 0.819339 0.825266 0.817944 0.828229 0.836771 0.846011
0.812365 0.822302 0.819339 0.825266 0.817944 0.828229 0.836771 0.846011 0.848626 0.843919
0.819339 0.825266 0.817944 0.828229 0.836771 0.846011 0.848626 0.843919 0.825963 0.833285
0.817944 0.828229 0.836771 0.846011 0.848626 0.843919 0.825963 0.833285 0.834679 0.820036
0.836771 0.846011 0.848626 0.843919 0.825963 0.833285 0.834679 0.820036 0.814457 0.786739
0.848626 0.843919 0.825963 0.833285 0.834679 0.820036 0.814457 0.786739 0.769829 0.761636
0.825963 0.833285 0.834679 0.820036 0.814457 0.786739 0.769829 0.761636 0.739844 0.760764
0.834679 0.820036 0.814457 0.786739 0.769829 0.761636 0.739844 0.760764 0.755185 0.751699
0.814457 0.786739 0.769829 0.761636 0.739844 0.760764 0.755185 0.751699 0.766343 0.760241
0.769829 0.761636 0.739844 0.760764 0.755185 0.751699 0.766343 0.760241 0.777500 0.783078
0.739844 0.760764 0.755185 0.751699 0.766343 0.760241 0.777500 0.783078 0.793015 0.767040
0.755185 0.751699 0.766343 0.760241 0.777500 0.783078 0.793015 0.767040 0.760241 0.755360
0.766343 0.760241 0.777500 0.783078 0.793015 0.767040 0.760241 0.755360 0.750130 0.756580
0.777500 0.783078 0.793015 0.767040 0.760241 0.755360 0.750130 0.756580 0.753442 0.755883
0.793015 0.767040 0.760241 0.755360 0.750130 0.756580 0.753442 0.755883 0.757626 0.732348
0.760241 0.755360 0.750130 0.756580 0.753442 0.755883 0.757626 0.732348 0.703235 0.702538
0.750130 0.756580 0.753442 0.755883 0.757626 0.732348 0.703235 0.702538 0.707071 0.711952
0.753442 0.755883 0.757626 0.732348 0.703235 0.702538 0.707071 0.711952 0.712475 0.713172
0.757626 0.732348 0.703235 0.702538 0.707071 0.711952 0.712475 0.713172 0.720145 0.709511
0.703235 0.702538 0.707071 0.711952 0.712475 0.713172 0.720145 0.709511 0.705850 0.718750
0.707071 0.711952 0.712475 0.713172 0.720145 0.709511 0.705850 0.718750 0.734963 0.723806
0.712475 0.713172 0.720145 0.709511 0.705850 0.718750 0.734963 0.723806 0.726421 0.725549
0.720145 0.709511 0.705850 0.718750 0.734963 0.723806 0.726421 0.725549 0.697657 0.675691
0.705850 0.718750 0.734963 0.723806 0.726421 0.725549 0.697657 0.675691 0.671507 0.687894
0.734963 0.723806 0.726421 0.725549 0.697657 0.675691 0.671507 0.687894 0.684931 0.731477
0.726421 0.725549 0.697657 0.675691 0.671507 0.687894 0.684931 0.731477 0.724329 0.716484
0.697657 0.675691 0.671507 0.687894 0.684931 0.731477 0.724329 0.716484 0.742634 0.731043
0.671507 0.687894 0.684931 0.731477 0.724329 0.716484 0.742634 0.731043 0.724052 0.738586
0.684931 0.731477 0.724329 0.716484 0.742634 0.731043 0.724052 0.738586 0.729571 0.733619
0.724329 0.716484 0.742634 0.731043 0.724052 0.738586 0.729571 0.733619 0.736930 0.730675
0.742634 0.731043 0.724052 0.738586 0.729571 0.733619 0.736930 0.730675 0.743370 0.729203
0.724052 0.738586 0.729571 0.733619 0.736930 0.730675 0.743370 0.729203 0.728651 0.727180
0.729571 0.733619 0.736930 0.730675 0.743370 0.729203 0.728651 0.727180 0.731411 0.727916
0.736930 0.730675 0.743370 0.729203 0.728651 0.727180 0.731411 0.727916 0.725156 0.725524
0.743370 0.729203 0.728651 0.727180 0.731411 0.727916 0.725156 0.725524 0.736746 0.734171
0.728651 0.727180 0.731411 0.727916 0.725156 0.725524 0.736746 0.734171 0.753488 0.749441
0.731411 0.727916 0.725156 0.725524 0.736746 0.734171 0.753488 0.749441 0.752200 0.758640
0.725156 0.725524 0.736746 0.734171 0.753488 0.749441 0.752200 0.758640 0.762135 0.763607
0.736746 0.734171 0.753488 0.749441 0.752200 0.758640 0.762135 0.763607 0.765263 0.762687
0.753488 0.749441 0.752200 0.758640 0.762135 0.763607 0.765263 0.762687 0.758823 0.759927
0.752200 0.758640 0.762135 0.763607 0.765263 0.762687 0.758823 0.759927 0.759376 0.776485
0.762135 0.763607 0.765263 0.762687 0.758823 0.759927 0.759376 0.776485 0.769126 0.769126
0.765263 0.762687 0.758823 0.759927 0.759376 0.776485 0.769126 0.769126 0.787156 0.763239
0.758823 0.759927 0.759376 0.776485 0.769126 0.769126 0.787156 0.763239 0.729019 0.726260
0.759376 0.776485 0.769126 0.769126 0.787156 0.763239 0.729019 0.726260 0.710622 0.691672
0.769126 0.769126 0.787156 0.763239 0.729019 0.726260 0.710622 0.691672 0.685785 0.663892
