14.010000 73.309998
0.520911 0.466105 0.487184 0.470320 0.482125 0.517369 0.505396 0.457504 0.467791 0.455987
0.487184 0.470320 0.482125 0.517369 0.505396 0.457504 0.467791 0.455987 0.473019 0.455143
0.482125 0.517369 0.505396 0.457504 0.467791 0.455987 0.473019 0.455143 0.422428 0.441315
0.505396 0.457504 0.467791 0.455987 0.473019 0.455143 0.422428 0.441315 0.453457 0.464755
0.467791 0.455987 0.473019 0.455143 0.422428 0.441315 0.453457 0.464755 0.451433 0.461383
0.473019 0.455143 0.422428 0.441315 0.453457 0.464755 0.451433 0.461383 0.500506 0.533052
0.422428 0.441315 0.453457 0.464755 0.451433 0.461383 0.500506 0.533052 0.521754 0.592411
0.453457 0.464755 0.451433 0.461383 0.500506 0.533052 0.521754 0.592411 0.640472 0.646374
0.451433 0.461383 0.500506 0.533052 0.521754 0.592411 0.640472 0.646374 0.696796 0.758685
0.500506 0.533052 0.521754 0.592411 0.640472 0.646374 0.696796 0.758685 0.718381 0.715683
0.521754 0.592411 0.640472 0.646374 0.696796 0.758685 0.718381 0.715683 0.699831 0.733221
0.640472 0.646374 0.696796 0.758685 0.718381 0.715683 0.699831 0.733221 0.775717 0.852108
0.696796 0.758685 0.718381 0.715683 0.699831 0.733221 0.775717 0.852108 0.943508 1.000000
0.718381 0.715683 0.699831 0.733221 0.775717 0.852108 0.943508 1.000000 0.838786 0.784148
0.699831 0.733221 0.775717 0.852108 0.943508 1.000000 0.838786 0.784148 0.837100 0.902024
0.775717 0.852108 0.943508 1.000000 0.838786 0.784148 0.837100 0.902024 0.927319 0.881619
0.943508 1.000000 0.838786 0.784148 0.837100 0.902024 0.927319 0.881619 0.800169 0.763575
0.838786 0.784148 0.837100 0.902024 0.927319 0.881619 0.800169 0.763575 0.725801 0.724958
0.837100 0.902024 0.927319 0.881619 0.800169 0.763575 0.725801 0.724958 0.738786 0.745363
0.927319 0.881619 0.800169 0.763575 0.725801 0.724958 0.738786 0.745363 0.802024 0.785160
0.800169 0.763575 0.725801 0.724958 0.738786 0.745363 0.802024 0.785160 0.812648 0.818212
0.725801 0.724958 0.738786 0.745363 0.802024 0.785160 0.812648 0.818212 0.816695 0.822766
0.738786 0.745363 0.802024 0.785160 0.812648 0.818212 0.816695 0.822766 0.804890 0.740304
0.802024 0.785160 0.812648 0.818212 0.816695 0.822766 0.804890 0.740304 0.782968 0.766273
0.812648 0.818212 0.816695 0.822766 0.804890 0.740304 0.782968 0.766273 0.834064 0.851433
0.816695 0.822766 0.804890 0.740304 0.782968 0.766273 0.834064 0.851433 0.864081 0.882125
0.804890 0.740304 0.782968 0.766273 0.834064 0.851433 0.864081 0.882125 0.876223 0.607420
0.782968 0.766273 0.834064 0.851433 0.864081 0.882125 0.876223 0.607420 0.680270 0.656155
0.834064 0.851433 0.864081 0.882125 0.876223 0.607420 0.680270 0.656155 0.674368 0.722428
0.864081 0.882125 0.876223 0.607420 0.680270 0.656155 0.674368 0.722428 0.716020 0.732378
0.876223 0.607420 0.680270 0.656155 0.674368 0.722428 0.716020 0.732378 0.744857 0.699663
0.680270 0.656155 0.674368 0.722428 0.716020 0.732378 0.744857 0.699663 0.718718 0.706745
0.674368 0.722428 0.716020 0.732378 0.744857 0.699663 0.718718 0.706745 0.704384 0.690557
0.716020 0.732378 0.744857 0.699663 0.718718 0.706745 0.704384 0.690557 0.705902 0.704216
0.744857 0.699663 0.718718 0.706745 0.704384 0.690557 0.705902 0.704216 0.689713 0.669477
0.718718 0.706745 0.704384 0.690557 0.705902 0.704216 0.689713 0.669477 0.679089 0.680776
0.704384 0.690557 0.705902 0.704216 0.689713 0.669477 0.679089 0.680776 0.688364 0.666442
0.705902 0.704216 0.689713 0.669477 0.679089 0.680776 0.688364 0.666442 0.672344 0.674705
0.689713 0.669477 0.679089 0.680776 0.688364 0.666442 0.672344 0.674705 0.682799 0.667116
0.679089 0.680776 0.688364 0.666442 0.672344 0.674705 0.682799 0.667116 0.639292 0.641484
0.688364 0.666442 0.672344 0.674705 0.682799 0.667116 0.639292 0.641484 0.625970 0.627825
0.672344 0.674705 0.682799 0.667116 0.639292 0.641484 0.625970 0.627825 0.608938 0.622428
0.682799 0.667116 0.639292 0.641484 0.625970 0.627825 0.608938 0.622428 0.586172 0.571164
0.639292 0.641484 0.625970 0.627825 0.608938 0.622428 0.586172 0.571164 0.512985 0.544857
0.625970 0.627825 0.608938 0.622428 0.586172 0.571164 0.512985 0.544857 0.561383 0.550759
0.608938 0.622428 0.586172 0.571164 0.512985 0.544857 0.561383 0.550759 0.555987 0.534907
0.586172 0.571164 0.512985 0.544857 0.561383 0.550759 0.555987 0.534907 0.506577 0.491231
0.512985 0.544857 0.561383 0.550759 0.555987 0.534907 0.506577 0.491231 0.479595 0.468297
0.561383 0.550759 0.555987 0.534907 0.506577 0.491231 0.479595 0.468297 0.480270 0.460877
0.555987 0.534907 0.506577 0.491231 0.479595 0.468297 0.480270 0.460877 0.439123 0.452951
0.506577 0.491231 0.479595 0.468297 0.480270 0.460877 0.439123 0.452951 0.531366 0.512816
0.479595 0.468297 0.480270 0.460877 0.439123 0.452951 0.531366 0.512816 0.522766 0.541653
0.480270 0.460877 0.439123 0.452951 0.531366 0.512816 0.522766 0.541653 0.539798 0.538617
0.439123 0.452951 0.531366 0.512816 0.522766 0.541653 0.539798 0.538617 0.519562 0.465430
0.531366 0.512816 0.522766 0.541653 0.539798 0.538617 0.519562 0.465430 0.450590 0.482462
0.522766 0.541653 0.539798 0.538617 0.519562 0.465430 0.450590 0.482462 0.420911 0.422934
0.539798 0.538617 0.519562 0.465430 0.450590 0.482462 0.420911 0.422934 0.421754 0.417201
0.519562 0.465430 0.450590 0.482462 0.420911 0.422934 0.421754 0.417201 0.300843 0.280776
0.450590 0.482462 0.420911 0.422934 0.421754 0.417201 0.300843 0.280776 0.302698 0.304216
0.420911 0.422934 0.421754 0.417201 0.300843 0.280776 0.302698 0.304216 0.336088 0.326813
0.421754 0.417201 0.300843 0.280776 0.302698 0.304216 0.336088 0.326813 0.317707 0.316358
0.300843 0.280776 0.302698 0.304216 0.336088 0.326813 0.317707 0.316358 0.307757 0.304553
0.302698 0.304216 0.336088 0.326813 0.317707 0.316358 0.307757 0.304553 0.299494 0.299157
0.336088 0.326813 0.317707 0.316358 0.307757 0.304553 0.299494 0.299157 0.295278 0.278078
0.317707 0.316358 0.307757 0.304553 0.299494 0.299157 0.295278 0.278078 0.278246 0.333221
0.307757 0.304553 0.299494 0.299157 0.295278 0.278078 0.278246 0.333221 0.337100 0.310793
0.299494 0.299157 0.295278 0.278078 0.278246 0.333221 0.337100 0.310793 0.299157 0.313153
0.295278 0.278078 0.278246 0.333221 0.337100 0.310793 0.299157 0.313153 0.318550 0.335245
0.278246 0.333221 0.337100 0.310793 0.299157 0.313153 0.318550 0.335245 0.325801 0.345025
0.337100 0.310793 0.299157 0.313153 0.318550 0.335245 0.325801 0.345025 0.360202 0.363069
0.299157 0.313153 0.318550 0.335245 0.325801 0.345025 0.360202 0.363069 0.384148 0.386003
0.318550 0.335245 0.325801 0.345025 0.360202 0.363069 0.384148 0.386003 0.404890 0.404890
0.325801 0.345025 0.360202 0.363069 0.384148 0.386003 0.404890 0.404890 0.417032 0.419730
0.360202 0.363069 0.384148 0.386003 0.404890 0.404890 0.417032 0.419730 0.425464 0.430186
0.384148 0.386003 0.404890 0.404890 0.417032 0.419730 0.425464 0.430186 0.412648 0.429174
0.404890 0.404890 0.417032 0.419730 0.425464 0.430186 0.412648 0.429174 0.462563 0.453963
0.417032 0.419730 0.425464 0.430186 0.412648 0.429174 0.462563 0.453963 0.454637 0.472850
0.425464 0.430186 0.412648 0.429174 0.462563 0.453963 0.454637 0.472850 0.468128 0.460708
0.412648 0.429174 0.462563 0.453963 0.454637 0.472850 0.468128 0.460708 0.442159 0.394604
0.462563 0.453963 0.454637 0.472850 0.468128 0.460708 0.442159 0.394604 0.405565 0.401855
0.454637 0.472850 0.468128 0.460708 0.442159 0.394604 0.405565 0.401855 0.410118 0.409781
0.468128 0.460708 0.442159 0.394604 0.405565 0.401855 0.410118 0.409781 0.402530 0.394941
0.442159 0.394604 0.405565 0.401855 0.410118 0.409781 0.402530 0.394941 0.385497 0.388533
0.405565 0.401855 0.410118 0.409781 0.402530 0.394941 0.385497 0.388533 0.405396 0.398651
0.410118 0.409781 0.402530 0.394941 0.385497 0.388533 0.405396 0.398651 0.400337 0.416526
0.402530 0.394941 0.385497 0.388533 0.405396 0.398651 0.400337 0.416526 0.407251 0.403373
0.385497 0.388533 0.405396 0.398651 0.400337 0.416526 0.407251 0.403373 0.414503 0.544519
0.405396 0.398651 0.400337 0.416526 0.407251 0.403373 0.414503 0.544519 0.525801 0.507926
0.400337 0.416526 0.407251 0.403373 0.414503 0.544519 0.525801 0.507926 0.496796 0.502867
0.407251 0.403373 0.414503 0.544519 0.525801 0.507926 0.496796 0.502867 0.496627 0.488870
0.414503 0.544519 0.525801 0.507926 0.496796 0.502867 0.496627 0.488870 0.491062 0.493423
0.525801 0.507926 0.496796 0.502867 0.496627 0.488870 0.491062 0.493423 0.502530 0.508263
0.496796 0.502867 0.496627 0.488870 0.491062 0.493423 0.502530 0.508263 0.528162 0.518550
0.496627 0.488870 0.491062 0.493423 0.502530 0.508263 0.528162 0.518550 0.524621 0.524115
0.491062 0.493423 0.502530 0.508263 0.528162 0.518550 0.524621 0.524115 0.523609 0.524452
0.502530 0.508263 0.528162 0.518550 0.524621 0.524115 0.523609 0.524452 0.539123 0.541147
0.528162 0.518550 0.524621 0.524115 0.523609 0.524452 0.539123 0.541147 0.576054 0.574199
0.524621 0.524115 0.523609 0.524452 0.539123 0.541147 0.576054 0.574199 0.597302 0.602698
0.523609 0.524452 0.539123 0.541147 0.576054 0.574199 0.597302 0.602698 0.624115 0.595616
0.539123 0.541147 0.576054 0.574199 0.597302 0.602698 0.624115 0.595616 0.610961 0.618718
0.576054 0.574199 0.597302 0.602698 0.624115 0.595616 0.610961 0.618718 0.640641 0.617201
0.597302 0.602698 0.624115 0.595616 0.610961 0.618718 0.640641 0.617201 0.655987 0.651433
0.624115 0.595616 0.610961 0.618718 0.640641 0.617201 0.655987 0.651433 0.642496 0.596459
0.610961 0.618718 0.640641 0.617201 0.655987 0.651433 0.642496 0.596459 0.620911 0.618718
0.640641 0.617201 0.655987 0.651433 0.642496 0.596459 0.620911 0.618718 0.621754 0.657504
0.655987 0.651433 0.642496 0.596459 0.620911 0.618718 0.621754 0.657504 0.639629 0.643508
0.642496 0.596459 0.620911 0.618718 0.621754 0.657504 0.639629 0.643508 0.656830 0.631366
0.620911 0.618718 0.621754 0.657504 0.639629 0.643508 0.656830 0.631366 0.638786 0.636256
0.621754 0.657504 0.639629 0.643508 0.656830 0.631366 0.638786 0.636256 0.633558 0.607926
0.639629 0.643508 0.656830 0.631366 0.638786 0.636256 0.633558 0.607926 0.638111 0.673356
0.656830 0.631366 0.638786 0.636256 0.633558 0.607926 0.638111 0.673356 0.665767 0.666442
0.638786 0.636256 0.633558 0.607926 0.638111 0.673356 0.665767 0.666442 0.698314 0.696121
0.633558 0.607926 0.638111 0.673356 0.665767 0.666442 0.698314 0.696121 0.613659 0.581450
0.638111 0.673356 0.665767 0.666442 0.698314 0.696121 0.613659 0.581450 0.582968 0.606745
0.665767 0.666442 0.698314 0.696121 0.613659 0.581450 0.582968 0.606745 0.577066 0.586172
0.698314 0.696121 0.613659 0.581450 0.582968 0.606745 0.577066 0.586172 0.618718 0.617538
0.613659 0.581450 0.582968 0.606745 0.577066 0.586172 0.618718 0.617538 0.591400 0.601349
0.582968 0.606745 0.577066 0.586172 0.618718 0.617538 0.591400 0.601349 0.606071 0.582631
0.577066 0.586172 0.618718 0.617538 0.591400 0.601349 0.606071 0.582631 0.502024 0.473356
0.618718 0.617538 0.591400 0.601349 0.606071 0.582631 0.502024 0.473356 0.468634 0.463069
0.591400 0.601349 0.606071 0.582631 0.502024 0.473356 0.468634 0.463069 0.441821 0.453457
0.606071 0.582631 0.502024 0.473356 0.468634 0.463069 0.441821 0.453457 0.444519 0.452445
0.502024 0.473356 0.468634 0.463069 0.441821 0.453457 0.444519 0.452445 0.443508 0.431366
0.468634 0.463069 0.441821 0.453457 0.444519 0.452445 0.443508 0.431366 0.431366 0.481113
0.441821 0.453457 0.444519 0.452445 0.443508 0.431366 0.431366 0.481113 0.438955 0.469477
0.444519 0.452445 0.443508 0.431366 0.431366 0.481113 0.438955 0.469477 0.446206 0.448567
0.443508 0.431366 0.431366 0.481113 0.438955 0.469477 0.446206 0.448567 0.433390 0.435076
0.431366 0.481113 0.438955 0.469477 0.446206 0.448567 0.433390 0.435076 0.438786 0.441484
0.438955 0.469477 0.446206 0.448567 0.433390 0.435076 0.438786 0.441484 0.434233 0.457336
0.446206 0.448567 0.433390 0.435076 0.438786 0.441484 0.434233 0.457336 0.467622 0.422091
0.433390 0.435076 0.438786 0.441484 0.434233 0.457336 0.467622 0.422091 0.419899 0.422428
0.438786 0.441484 0.434233 0.457336 0.467622 0.422091 0.419899 0.422428 0.417875 0.412816
0.434233 0.457336 0.467622 0.422091 0.419899 0.422428 0.417875 0.412816 0.375717 0.388533
0.467622 0.422091 0.419899 0.422428 0.417875 0.412816 0.375717 0.388533 0.376728 0.382631
0.419899 0.422428 0.417875 0.412816 0.375717 0.388533 0.376728 0.382631 0.389376 0.385160
0.417875 0.412816 0.375717 0.388533 0.376728 0.382631 0.389376 0.385160 0.356155 0.363575
0.375717 0.388533 0.376728 0.382631 0.389376 0.385160 0.356155 0.363575 0.383137 0.389039
0.376728 0.382631 0.389376 0.385160 0.356155 0.363575 0.383137 0.389039 0.411804 0.397302
0.389376 0.385160 0.356155 0.363575 0.383137 0.389039 0.411804 0.397302 0.397976 0.397808
0.356155 0.363575 0.383137 0.389039 0.411804 0.397302 0.397976 0.397808 0.377909 0.368465
0.383137 0.389039 0.411804 0.397302 0.397976 0.397808 0.377909 0.368465 0.368634 0.380270
0.411804 0.397302 0.397976 0.397808 0.377909 0.368465 0.368634 0.380270 0.377234 0.417369
0.397976 0.397808 0.377909 0.368465 0.368634 0.380270 0.377234 0.417369 0.392411 0.422934
0.377909 0.368465 0.368634 0.380270 0.377234 0.417369 0.392411 0.422934 0.441147 0.427656
0.368634 0.380270 0.377234 0.417369 0.392411 0.422934 0.441147 0.427656 0.432378 0.435750
0.377234 0.417369 0.392411 0.422934 0.441147 0.427656 0.432378 0.435750 0.386509 0.392917
0.392411 0.422934 0.441147 0.427656 0.432378 0.435750 0.386509 0.392917 0.397302 0.401686
0.441147 0.427656 0.432378 0.435750 0.386509 0.392917 0.397302 0.401686 0.422597 0.428499
0.432378 0.435750 0.386509 0.392917 0.397302 0.401686 0.422597 0.428499 0.439966 0.420067
0.386509 0.392917 0.397302 0.401686 0.422597 0.428499 0.439966 0.420067 0.390219 0.382293
0.397302 0.401686 0.422597 0.428499 0.439966 0.420067 0.390219 0.382293 0.396627 0.395447
0.422597 0.428499 0.439966 0.420067 0.390219 0.382293 0.396627 0.395447 0.434739 0.450422
0.439966 0.420067 0.390219 0.382293 0.396627 0.395447 0.434739 0.450422 0.459528 0.573356
0.390219 0.382293 0.396627 0.395447 0.434739 0.450422 0.459528 0.573356 0.561720 0.543845
0.396627 0.395447 0.434739 0.450422 0.459528 0.573356 0.561720 0.543845 0.564756 0.572344
0.434739 0.450422 0.459528 0.573356 0.561720 0.543845 0.564756 0.572344 0.581619 0.573693
0.459528 0.573356 0.561720 0.543845 0.564756 0.572344 0.581619 0.573693 0.570152 0.584992
0.561720 0.543845 0.564756 0.572344 0.581619 0.573693 0.570152 0.584992 0.591906 0.581113
0.564756 0.572344 0.581619 0.573693 0.570152 0.584992 0.591906 0.581113 0.584823 0.582462
0.581619 0.573693 0.570152 0.584992 0.591906 0.581113 0.584823 0.582462 0.596965 0.574536
0.570152 0.584992 0.591906 0.581113 0.584823 0.582462 0.596965 0.574536 0.575717 0.568297
0.591906 0.581113 0.584823 0.582462 0.596965 0.574536 0.575717 0.568297 0.565936 0.562226
0.584823 0.582462 0.596965 0.574536 0.575717 0.568297 0.565936 0.562226 0.552108 0.566273
0.596965 0.574536 0.575717 0.568297 0.565936 0.562226 0.552108 0.566273 0.536762 0.544014
0.575717 0.568297 0.565936 0.562226 0.552108 0.566273 0.536762 0.544014 0.557504 0.550590
0.565936 0.562226 0.552108 0.566273 0.536762 0.544014 0.557504 0.550590 0.546712 0.555143
0.552108 0.566273 0.536762 0.544014 0.557504 0.550590 0.546712 0.555143 0.559696 0.572007
0.536762 0.544014 0.557504 0.550590 0.546712 0.555143 0.559696 0.572007 0.580607 0.580944
0.557504 0.550590 0.546712 0.555143 0.559696 0.572007 0.580607 0.580944 0.631703 0.598482
0.546712 0.555143 0.559696 0.572007 0.580607 0.580944 0.631703 0.598482 0.605565 0.607083
0.559696 0.572007 0.580607 0.580944 0.631703 0.598482 0.605565 0.607083 0.605059 0.608263
0.580607 0.580944 0.631703 0.598482 0.605565 0.607083 0.605059 0.608263 0.614840 0.613997
0.631703 0.598482 0.605565 0.607083 0.605059 0.608263 0.614840 0.613997 0.621079 0.655312
0.605565 0.607083 0.605059 0.608263 0.614840 0.613997 0.621079 0.655312 0.645700 0.643508
0.605059 0.608263 0.614840 0.613997 0.621079 0.655312 0.645700 0.643508 0.639629 0.634233
0.614840 0.613997 0.621079 0.655312 0.645700 0.643508 0.639629 0.634233 0.627150 0.628836
0.621079 0.655312 0.645700 0.643508 0.639629 0.634233 0.627150 0.628836 0.641147 0.618044
0.645700 0.643508 0.639629 0.634233 0.627150 0.628836 0.641147 0.618044 0.630523 0.629174
0.639629 0.634233 0.627150 0.628836 0.641147 0.618044 0.630523 0.629174 0.636088 0.630691
0.627150 0.628836 0.641147 0.618044 0.630523 0.629174 0.636088 0.630691 0.620742 0.634907
0.641147 0.618044 0.630523 0.629174 0.636088 0.630691 0.620742 0.634907 0.476560 0.412816
0.630523 0.629174 0.636088 0.630691 0.620742 0.634907 0.476560 0.412816 0.420742 0.401855
0.636088 0.630691 0.620742 0.634907 0.476560 0.412816 0.420742 0.401855 0.402530 0.394772
0.620742 0.634907 0.476560 0.412816 0.420742 0.401855 0.402530 0.394772 0.392074 0.399663
0.476560 0.412816 0.420742 0.401855 0.402530 0.394772 0.392074 0.399663 0.397639 0.392917
0.420742 0.401855 0.402530 0.394772 0.392074 0.399663 0.397639 0.392917 0.395784 0.399831
0.402530 0.394772 0.392074 0.399663 0.397639 0.392917 0.395784 0.399831 0.393255 0.389376
0.392074 0.399663 0.397639 0.392917 0.395784 0.399831 0.393255 0.389376 0.392411 0.396121
0.397639 0.392917 0.395784 0.399831 0.393255 0.389376 0.392411 0.396121 0.383980 0.382293
0.395784 0.399831 0.393255 0.389376 0.392411 0.396121 0.383980 0.382293 0.380944 0.379427
0.393255 0.389376 0.392411 0.396121 0.383980 0.382293 0.380944 0.379427 0.377740 0.384823
0.392411 0.396121 0.383980 0.382293 0.380944 0.379427 0.377740 0.384823 0.382125 0.381450
0.383980 0.382293 0.380944 0.379427 0.377740 0.384823 0.382125 0.381450 0.377572 0.387690
0.380944 0.379427 0.377740 0.384823 0.382125 0.381450 0.377572 0.387690 0.382799 0.387690
0.377740 0.384823 0.382125 0.381450 0.377572 0.387690 0.382799 0.387690 0.378583 0.368803
0.382125 0.381450 0.377572 0.387690 0.382799 0.387690 0.378583 0.368803 0.368297 0.368128
0.377572 0.387690 0.382799 0.387690 0.378583 0.368803 0.368297 0.368128 0.369140 0.348398
0.382799 0.387690 0.378583 0.368803 0.368297 0.368128 0.369140 0.348398 0.350927 0.348735
0.378583 0.368803 0.368297 0.368128 0.369140 0.348398 0.350927 0.348735 0.348229 0.368465
0.368297 0.368128 0.369140 0.348398 0.350927 0.348735 0.348229 0.368465 0.363238 0.360202
0.369140 0.348398 0.350927 0.348735 0.348229 0.368465 0.363238 0.360202 0.356830 0.356830
0.350927 0.348735 0.348229 0.368465 0.363238 0.360202 0.356830 0.356830 0.358347 0.340641
0.348229 0.368465 0.363238 0.360202 0.356830 0.356830 0.358347 0.340641 0.374536 0.360708
0.363238 0.360202 0.356830 0.356830 0.358347 0.340641 0.374536 0.360708 0.366105 0.361214
0.356830 0.356830 0.358347 0.340641 0.374536 0.360708 0.366105 0.361214 0.362732 0.349916
0.358347 0.340641 0.374536 0.360708 0.366105 0.361214 0.362732 0.349916 0.343170 0.352445
0.374536 0.360708 0.366105 0.361214 0.362732 0.349916 0.343170 0.352445 0.367116 0.382968
0.366105 0.361214 0.362732 0.349916 0.343170 0.352445 0.367116 0.382968 0.365093 0.372513
0.362732 0.349916 0.343170 0.352445 0.367116 0.382968 0.365093 0.372513 0.365261 0.367622
0.343170 0.352445 0.367116 0.382968 0.365093 0.372513 0.365261 0.367622 0.381450 0.372344
0.367116 0.382968 0.365093 0.372513 0.365261 0.367622 0.381450 0.372344 0.374030 0.361046
0.365093 0.372513 0.365261 0.367622 0.381450 0.372344 0.374030 0.361046 0.348904 0.379933
0.365261 0.367622 0.381450 0.372344 0.374030 0.361046 0.348904 0.379933 0.290556 0.294435
0.381450 0.372344 0.374030 0.361046 0.348904 0.379933 0.290556 0.294435 0.286678 0.257336
0.374030 0.361046 0.348904 0.379933 0.290556 0.294435 0.286678 0.257336 0.258516 0.244013
0.348904 0.379933 0.290556 0.294435 0.286678 0.257336 0.258516 0.244013 0.228162 0.219730
0.290556 0.294435 0.286678 0.257336 0.258516 0.244013 0.228162 0.219730 0.261214 0.263238
0.286678 0.257336 0.258516 0.244013 0.228162 0.219730 0.261214 0.263238 0.259359 0.245025
0.258516 0.244013 0.228162 0.219730 0.261214 0.263238 0.259359 0.245025 0.253794 0.253794
0.228162 0.219730 0.261214 0.263238 0.259359 0.245025 0.253794 0.253794 0.240978 0.229342
0.261214 0.263238 0.259359 0.245025 0.253794 0.253794 0.240978 0.229342 0.202192 0.200000
0.259359 0.245025 0.253794 0.253794 0.240978 0.229342 0.202192 0.200000 0.188196 0.174874
0.253794 0.253794 0.240978 0.229342 0.202192 0.200000 0.188196 0.174874 0.185835 0.209949
0.240978 0.229342 0.202192 0.200000 0.188196 0.174874 0.185835 0.209949 0.216189 0.232378
0.202192 0.200000 0.188196 0.174874 0.185835 0.209949 0.216189 0.232378 0.219562 0.232884
0.188196 0.174874 0.185835 0.209949 0.216189 0.232378 0.219562 0.232884 0.240978 0.238449
0.185835 0.209949 0.216189 0.232378 0.219562 0.232884 0.240978 0.238449 0.222091 0.222091
0.216189 0.232378 0.219562 0.232884 0.240978 0.238449 0.222091 0.222091 0.231029 0.225632
0.219562 0.232884 0.240978 0.238449 0.222091 0.222091 0.231029 0.225632 0.217369 0.221922
0.240978 0.238449 0.222091 0.222091 0.231029 0.225632 0.217369 0.221922 0.231703 0.225970
0.222091 0.222091 0.231029 0.225632 0.217369 0.221922 0.231703 0.225970 0.235245 0.225464
0.231029 0.225632 0.217369 0.221922 0.231703 0.225970 0.235245 0.225464 0.216189 0.215514
0.217369 0.221922 0.231703 0.225970 0.235245 0.225464 0.216189 0.215514 0.212310 0.190219
0.231703 0.225970 0.235245 0.225464 0.216189 0.215514 0.212310 0.190219 0.189713 0.195278
0.235245 0.225464 0.216189 0.215514 0.212310 0.190219 0.189713 0.195278 0.218044 0.179933
0.216189 0.215514 0.212310 0.190219 0.189713 0.195278 0.218044 0.179933 0.207420 0.238449
0.212310 0.190219 0.189713 0.195278 0.218044 0.179933 0.207420 0.238449 0.229511 0.266779
0.189713 0.195278 0.218044 0.179933 0.207420 0.238449 0.229511 0.266779 0.275042 0.283980
0.218044 0.179933 0.207420 0.238449 0.229511 0.266779 0.275042 0.283980 0.248567 0.253794
0.207420 0.238449 0.229511 0.266779 0.275042 0.283980 0.248567 0.253794 0.259191 0.264755
0.229511 0.266779 0.275042 0.283980 0.248567 0.253794 0.259191 0.264755 0.289039 0.284992
0.275042 0.283980 0.248567 0.253794 0.259191 0.264755 0.289039 0.284992 0.284992 0.257841
0.248567 0.253794 0.259191 0.264755 0.289039 0.284992 0.284992 0.257841 0.255312 0.274368
0.259191 0.264755 0.289039 0.284992 0.284992 0.257841 0.255312 0.274368 0.284654 0.292243
0.289039 0.284992 0.284992 0.257841 0.255312 0.274368 0.284654 0.292243 0.284317 0.253794
0.284992 0.257841 0.255312 0.274368 0.284654 0.292243 0.284317 0.253794 0.243676 0.256155
0.255312 0.274368 0.284654 0.292243 0.284317 0.253794 0.243676 0.256155 0.254975 0.258853
0.284654 0.292243 0.284317 0.253794 0.243676 0.256155 0.254975 0.258853 0.247049 0.240641
0.284317 0.253794 0.243676 0.256155 0.254975 0.258853 0.247049 0.240641 0.220573 0.219899
0.243676 0.256155 0.254975 0.258853 0.247049 0.240641 0.220573 0.219899 0.210624 0.204384
0.254975 0.258853 0.247049 0.240641 0.220573 0.219899 0.210624 0.204384 0.188364 0.192243
0.247049 0.240641 0.220573 0.219899 0.210624 0.204384 0.188364 0.192243 0.189207 0.200506
0.220573 0.219899 0.210624 0.204384 0.188364 0.192243 0.189207 0.200506 0.207589 0.206745
0.210624 0.204384 0.188364 0.192243 0.189207 0.200506 0.207589 0.206745 0.188702 0.194098
0.188364 0.192243 0.189207 0.200506 0.207589 0.206745 0.188702 0.194098 0.203204 0.197976
0.189207 0.200506 0.207589 0.206745 0.188702 0.194098 0.203204 0.197976 0.192074 0.194266
0.207589 0.206745 0.188702 0.194098 0.203204 0.197976 0.192074 0.194266 0.192074 0.200506
0.188702 0.194098 0.203204 0.197976 0.192074 0.194266 0.192074 0.200506 0.185666 0.176223
0.203204 0.197976 0.192074 0.194266 0.192074 0.200506 0.185666 0.176223 0.185160 0.173693
0.192074 0.194266 0.192074 0.200506 0.185666 0.176223 0.185160 0.173693 0.200675 0.182631
0.192074 0.200506 0.185666 0.176223 0.185160 0.173693 0.200675 0.182631 0.183980 0.167622
0.185666 0.176223 0.185160 0.173693 0.200675 0.182631 0.183980 0.167622 0.173524 0.156830
0.185160 0.173693 0.200675 0.182631 0.183980 0.167622 0.173524 0.156830 0.151433 0.137099
0.200675 0.182631 0.183980 0.167622 0.173524 0.156830 0.151433 0.137099 0.144182 0.146037
0.183980 0.167622 0.173524 0.156830 0.151433 0.137099 0.144182 0.146037 0.151096 0.143676
0.173524 0.156830 0.151433 0.137099 0.144182 0.146037 0.151096 0.143676 0.142664 0.138617
0.151433 0.137099 0.144182 0.146037 0.151096 0.143676 0.142664 0.138617 0.153963 0.144182
0.144182 0.146037 0.151096 0.143676 0.142664 0.138617 0.153963 0.144182 0.133390 0.124452
0.151096 0.143676 0.142664 0.138617 0.153963 0.144182 0.133390 0.124452 0.105396 0.100675
0.142664 0.138617 0.153963 0.144182 0.133390 0.124452 0.105396 0.100675 0.095110 0.094604
0.153963 0.144182 0.133390 0.124452 0.105396 0.100675 0.095110 0.094604 0.078752 0.084148
0.133390 0.124452 0.105396 0.100675 0.095110 0.094604 0.078752 0.084148 0.066273 0.045194
0.105396 0.100675 0.095110 0.094604 0.078752 0.084148 0.066273 0.045194 0.056830 0.064418
0.095110 0.094604 0.078752 0.084148 0.066273 0.045194 0.056830 0.064418 0.064587 0.050759
0.078752 0.084148 0.066273 0.045194 0.056830 0.064418 0.064587 0.050759 0.050590 0.046712
0.066273 0.045194 0.056830 0.064418 0.064587 0.050759 0.050590 0.046712 0.041821 0.047049
0.056830 0.064418 0.064587 0.050759 0.050590 0.046712 0.041821 0.047049 0.065767 0.034907
0.064587 0.050759 0.050590 0.046712 0.041821 0.047049 0.065767 0.034907 0.043002 0.048904
0.050590 0.046712 0.041821 0.047049 0.065767 0.034907 0.043002 0.048904 0.028836 0.015008
0.041821 0.047049 0.065767 0.034907 0.043002 0.048904 0.028836 0.015008 0.006577 0.016357
0.065767 0.034907 0.043002 0.048904 0.028836 0.015008 0.006577 0.016357 0.005059 0.031535
0.043002 0.048904 0.028836 0.015008 0.006577 0.016357 0.005059 0.031535 0.039629 0.058179
0.028836 0.015008 0.006577 0.016357 0.005059 0.031535 0.039629 0.058179 0.074536 0.072513
0.006577 0.016357 0.005059 0.031535 0.039629 0.058179 0.074536 0.072513 0.072344 0.072344
0.005059 0.031535 0.039629 0.058179 0.074536 0.072513 0.072344 0.072344 0.067285 0.060371
0.039629 0.058179 0.074536 0.072513 0.072344 0.072344 0.067285 0.060371 0.066273 0.069309
0.074536 0.072513 0.072344 0.072344 0.067285 0.060371 0.066273 0.069309 0.064755 0.076391
0.072344 0.072344 0.067285 0.060371 0.066273 0.069309 0.064755 0.076391 0.089376 0.090219
0.067285 0.060371 0.066273 0.069309 0.064755 0.076391 0.089376 0.090219 0.087015 0.072850
0.066273 0.069309 0.064755 0.076391 0.089376 0.090219 0.087015 0.072850 0.061551 0.043845
0.064755 0.076391 0.089376 0.090219 0.087015 0.072850 0.061551 0.043845 0.047218 0.052445
0.089376 0.090219 0.087015 0.072850 0.061551 0.043845 0.047218 0.052445 0.036762 0.045363
0.087015 0.072850 0.061551 0.043845 0.047218 0.052445 0.036762 0.045363 0.047892 0.047892
0.061551 0.043845 0.047218 0.052445 0.036762 0.045363 0.047892 0.047892 0.048567 0.048061
0.047218 0.052445 0.036762 0.045363 0.047892 0.047892 0.048567 0.048061 0.033727 0.032040
0.036762 0.045363 0.047892 0.047892 0.048567 0.048061 0.033727 0.032040 0.026813 0.033052
0.047892 0.047892 0.048567 0.048061 0.033727 0.032040 0.026813 0.033052 0.039629 0.042833
0.048567 0.048061 0.033727 0.032040 0.026813 0.033052 0.039629 0.042833 0.033221 0.051939
0.033727 0.032040 0.026813 0.033052 0.039629 0.042833 0.033221 0.051939 0.051265 0.054806
0.026813 0.033052 0.039629 0.042833 0.033221 0.051939 0.051265 0.054806 0.050084 0.044519
0.039629 0.042833 0.033221 0.051939 0.051265 0.054806 0.050084 0.044519 0.042159 0.043170
0.033221 0.051939 0.051265 0.054806 0.050084 0.044519 0.042159 0.043170 0.056661 0.059359
0.051265 0.054806 0.050084 0.044519 0.042159 0.043170 0.056661 0.059359 0.060202 0.055649
0.050084 0.044519 0.042159 0.043170 0.056661 0.059359 0.060202 0.055649 0.049073 0.057167
0.042159 0.043170 0.056661 0.059359 0.060202 0.055649 0.049073 0.057167 0.059022 0.054300
0.056661 0.059359 0.060202 0.055649 0.049073 0.057167 0.059022 0.054300 0.051939 0.063069
0.060202 0.055649 0.049073 0.057167 0.059022 0.054300 0.051939 0.063069 0.014334 0.010624
0.049073 0.057167 0.059022 0.054300 0.051939 0.063069 0.014334 0.010624 0.010287 0.006577
0.059022 0.054300 0.051939 0.063069 0.014334 0.010624 0.010287 0.006577 0.000000 0.013997
0.051939 0.063069 0.014334 0.010624 0.010287 0.006577 0.000000 0.013997 0.001855 0.006577
0.014334 0.010624 0.010287 0.006577 0.000000 0.013997 0.001855 0.006577 0.003204 0.010455
0.010287 0.006577 0.000000 0.013997 0.001855 0.006577 0.003204 0.010455 0.009781 0.001180
0.000000 0.013997 0.001855 0.006577 0.003204 0.010455 0.009781 0.001180 0.001518 0.004722
0.001855 0.006577 0.003204 0.010455 0.009781 0.001180 0.001518 0.004722 0.005565 0.002192
0.003204 0.010455 0.009781 0.001180 0.001518 0.004722 0.005565 0.002192 0.002361 0.007083
0.009781 0.001180 0.001518 0.004722 0.005565 0.002192 0.002361 0.007083 0.006745 0.000337
0.001518 0.004722 0.005565 0.002192 0.002361 0.007083 0.006745 0.000337 0.006745 0.004890
0.005565 0.002192 0.002361 0.007083 0.006745 0.000337 0.006745 0.004890 0.018381 0.020405
0.002361 0.007083 0.006745 0.000337 0.006745 0.004890 0.018381 0.020405 0.017032 0.020067
0.006745 0.000337 0.006745 0.004890 0.018381 0.020405 0.017032 0.020067 0.020067 0.021248
0.006745 0.004890 0.018381 0.020405 0.017032 0.020067 0.020067 0.021248 0.016695 0.015852
0.018381 0.020405 0.017032 0.020067 0.020067 0.021248 0.016695 0.015852 0.009949 0.000169
0.017032 0.020067 0.020067 0.021248 0.016695 0.015852 0.009949 0.000169 0.009106 0.022766
0.020067 0.021248 0.016695 0.015852 0.009949 0.000169 0.009106 0.022766 0.032884 0.031366
0.016695 0.015852 0.009949 0.000169 0.009106 0.022766 0.032884 0.031366 0.035245 0.039292
0.009949 0.000169 0.009106 0.022766 0.032884 0.031366 0.035245 0.039292 0.038954 0.035750
0.009106 0.022766 0.032884 0.031366 0.035245 0.039292 0.038954 0.035750 0.051096 0.040978
0.032884 0.031366 0.035245 0.039292 0.038954 0.035750 0.051096 0.040978 0.030860 0.040641
0.035245 0.039292 0.038954 0.035750 0.051096 0.040978 0.030860 0.040641 0.047555 0.048904
0.038954 0.035750 0.051096 0.040978 0.030860 0.040641 0.047555 0.048904 0.055143 0.052782
0.051096 0.040978 0.030860 0.040641 0.047555 0.048904 0.055143 0.052782 0.053794 0.056661
0.030860 0.040641 0.047555 0.048904 0.055143 0.052782 0.053794 0.056661 0.068634 0.062395
0.047555 0.048904 0.055143 0.052782 0.053794 0.056661 0.068634 0.062395 0.068971 0.062901
0.055143 0.052782 0.053794 0.056661 0.068634 0.062395 0.068971 0.062901 0.066610 0.068634
0.053794 0.056661 0.068634 0.062395 0.068971 0.062901 0.066610 0.068634 0.078246 0.072850
0.068634 0.062395 0.068971 0.062901 0.066610 0.068634 0.078246 0.072850 0.076728 0.073862
0.068971 0.062901 0.066610 0.068634 0.078246 0.072850 0.076728 0.073862 0.073524 0.078246
0.066610 0.068634 0.078246 0.072850 0.076728 0.073862 0.073524 0.078246 0.074874 0.029680
0.078246 0.072850 0.076728 0.073862 0.073524 0.078246 0.074874 0.029680 0.038786 0.044351
0.076728 0.073862 0.073524 0.078246 0.074874 0.029680 0.038786 0.044351 0.044351 0.040641
0.073524 0.078246 0.074874 0.029680 0.038786 0.044351 0.044351 0.040641 0.060708 0.069477
0.074874 0.029680 0.038786 0.044351 0.044351 0.040641 0.060708 0.069477 0.071669 0.070658
0.038786 0.044351 0.044351 0.040641 0.060708 0.069477 0.071669 0.070658 0.078752 0.084823
0.044351 0.040641 0.060708 0.069477 0.071669 0.070658 0.078752 0.084823 0.097302 0.093255
0.060708 0.069477 0.071669 0.070658 0.078752 0.084823 0.097302 0.093255 0.115514 0.107757
0.071669 0.070658 0.078752 0.084823 0.097302 0.093255 0.115514 0.107757 0.103879 0.084148
0.078752 0.084823 0.097302 0.093255 0.115514 0.107757 0.103879 0.084148 0.083811 0.076560
0.097302 0.093255 0.115514 0.107757 0.103879 0.084148 0.083811 0.076560 0.078921 0.071501
0.115514 0.107757 0.103879 0.084148 0.083811 0.076560 0.078921 0.071501 0.072681 0.072344
0.103879 0.084148 0.083811 0.076560 0.078921 0.071501 0.072681 0.072344 0.075211 0.073693
0.083811 0.076560 0.078921 0.071501 0.072681 0.072344 0.075211 0.073693 0.087690 0.092580
0.078921 0.071501 0.072681 0.072344 0.075211 0.073693 0.087690 0.092580 0.093423 0.099831
0.072681 0.072344 0.075211 0.073693 0.087690 0.092580 0.093423 0.099831 0.098820 0.079089
0.075211 0.073693 0.087690 0.092580 0.093423 0.099831 0.098820 0.079089 0.069140 0.069814
0.087690 0.092580 0.093423 0.099831 0.098820 0.079089 0.069140 0.069814 0.063238 0.068634
0.093423 0.099831 0.098820 0.079089 0.069140 0.069814 0.063238 0.068634 0.072344 0.086003
0.098820 0.079089 0.069140 0.069814 0.063238 0.068634 0.072344 0.086003 0.073356 0.073862
0.069140 0.069814 0.063238 0.068634 0.072344 0.086003 0.073356 0.073862 0.075548 0.077909
0.063238 0.068634 0.072344 0.086003 0.073356 0.073862 0.075548 0.077909 0.145194 0.157842
0.072344 0.086003 0.073356 0.073862 0.075548 0.077909 0.145194 0.157842 0.163744 0.150927
0.073356 0.073862 0.075548 0.077909 0.145194 0.157842 0.163744 0.150927 0.151771 0.152445
0.075548 0.077909 0.145194 0.157842 0.163744 0.150927 0.151771 0.152445 0.168465 0.160371
0.145194 0.157842 0.163744 0.150927 0.151771 0.152445 0.168465 0.160371 0.183137 0.098820
0.163744 0.150927 0.151771 0.152445 0.168465 0.160371 0.183137 0.098820 0.098482 0.059865
0.151771 0.152445 0.168465 0.160371 0.183137 0.098820 0.098482 0.059865 0.067285 0.068128
0.168465 0.160371 0.183137 0.098820 0.098482 0.059865 0.067285 0.068128 0.063744 0.048398
0.183137 0.098820 0.098482 0.059865 0.067285 0.068128 0.063744 0.048398 0.045868 0.047555
0.098482 0.059865 0.067285 0.068128 0.063744 0.048398 0.045868 0.047555 0.051602 0.048735
0.067285 0.068128 0.063744 0.048398 0.045868 0.047555 0.051602 0.048735 0.068803 0.067791
0.063744 0.048398 0.045868 0.047555 0.051602 0.048735 0.068803 0.067791 0.054806 0.055312
0.045868 0.047555 0.051602 0.048735 0.068803 0.067791 0.054806 0.055312 0.057167 0.061551
0.051602 0.048735 0.068803 0.067791 0.054806 0.055312 0.057167 0.061551 0.066442 0.058685
0.068803 0.067791 0.054806 0.055312 0.057167 0.061551 0.066442 0.058685 0.060708 0.060202
0.054806 0.055312 0.057167 0.061551 0.066442 0.058685 0.060708 0.060202 0.067622 0.074199
0.057167 0.061551 0.066442 0.058685 0.060708 0.060202 0.067622 0.074199 0.073693 0.086341
0.066442 0.058685 0.060708 0.060202 0.067622 0.074199 0.073693 0.086341 0.073524 0.076560
0.060708 0.060202 0.067622 0.074199 0.073693 0.086341 0.073524 0.076560 0.086509 0.083811
0.067622 0.074199 0.073693 0.086341 0.073524 0.076560 0.086509 0.083811 0.077909 0.076560
0.073693 0.086341 0.073524 0.076560 0.086509 0.083811 0.077909 0.076560 0.079595 0.077403
0.073524 0.076560 0.086509 0.083811 0.077909 0.076560 0.079595 0.077403 0.077909 0.070995
0.086509 0.083811 0.077909 0.076560 0.079595 0.077403 0.077909 0.070995 0.068297 0.072344
0.077909 0.076560 0.079595 0.077403 0.077909 0.070995 0.068297 0.072344 0.070489 0.075548
0.079595 0.077403 0.077909 0.070995 0.068297 0.072344 0.070489 0.075548 0.067791 0.066105
0.077909 0.070995 0.068297 0.072344 0.070489 0.075548 0.067791 0.066105 0.071164 0.071164
0.068297 0.072344 0.070489 0.075548 0.067791 0.066105 0.071164 0.071164 0.092243 0.094941
0.070489 0.075548 0.067791 0.066105 0.071164 0.071164 0.092243 0.094941 0.095110 0.082968
0.067791 0.066105 0.071164 0.071164 0.092243 0.094941 0.095110 0.082968 0.090388 0.082968
0.071164 0.071164 0.092243 0.094941 0.095110 0.082968 0.090388 0.082968 0.080607 0.077909
0.092243 0.094941 0.095110 0.082968 0.090388 0.082968 0.080607 0.077909 0.071332 0.065936
0.095110 0.082968 0.090388 0.082968 0.080607 0.077909 0.071332 0.065936 0.051771 0.040472
0.090388 0.082968 0.080607 0.077909 0.071332 0.065936 0.051771 0.040472 0.041990 0.043845
0.080607 0.077909 0.071332 0.065936 0.051771 0.040472 0.041990 0.043845 0.040135 0.040135
0.071332 0.065936 0.051771 0.040472 0.041990 0.043845 0.040135 0.040135 0.038617 0.040978
0.051771 0.040472 0.041990 0.043845 0.040135 0.040135 0.038617 0.040978 0.048061 0.051939
0.041990 0.043845 0.040135 0.040135 0.038617 0.040978 0.048061 0.051939 0.053288 0.058853
0.040135 0.040135 0.038617 0.040978 0.048061 0.051939 0.053288 0.058853 0.056661 0.055481
0.038617 0.040978 0.048061 0.051939 0.053288 0.058853 0.056661 0.055481 0.056830 0.054637
0.048061 0.051939 0.053288 0.058853 0.056661 0.055481 0.056830 0.054637 0.049747 0.052277
0.053288 0.058853 0.056661 0.055481 0.056830 0.054637 0.049747 0.052277 0.046880 0.043339
0.056661 0.055481 0.056830 0.054637 0.049747 0.052277 0.046880 0.043339 0.043845 0.042327
0.056830 0.054637 0.049747 0.052277 0.046880 0.043339 0.043845 0.042327 0.045868 0.047218
0.049747 0.052277 0.046880 0.043339 0.043845 0.042327 0.045868 0.047218 0.043170 0.049410
0.046880 0.043339 0.043845 0.042327 0.045868 0.047218 0.043170 0.049410 0.060877 0.054469
0.043845 0.042327 0.045868 0.047218 0.043170 0.049410 0.060877 0.054469 0.063575 0.060708
0.045868 0.047218 0.043170 0.049410 0.060877 0.054469 0.063575 0.060708 0.066105 0.071669
0.043170 0.049410 0.060877 0.054469 0.063575 0.060708 0.066105 0.071669 0.079427 0.040472
0.060877 0.054469 0.063575 0.060708 0.066105 0.071669 0.079427 0.040472 0.026476 0.030354
0.063575 0.060708 0.066105 0.071669 0.079427 0.040472 0.026476 0.030354 0.042327 0.046037
0.066105 0.071669 0.079427 0.040472 0.026476 0.030354 0.042327 0.046037 0.039460 0.044014
0.079427 0.040472 0.026476 0.030354 0.042327 0.046037 0.039460 0.044014 0.040641 0.034907
0.026476 0.030354 0.042327 0.046037 0.039460 0.044014 0.040641 0.034907 0.034064 0.033221
0.042327 0.046037 0.039460 0.044014 0.040641 0.034907 0.034064 0.033221 0.034570 0.029680
0.039460 0.044014 0.040641 0.034907 0.034064 0.033221 0.034570 0.029680 0.030017 0.030017
0.040641 0.034907 0.034064 0.033221 0.034570 0.029680 0.030017 0.030017 0.029342 0.026138
0.034064 0.033221 0.034570 0.029680 0.030017 0.030017 0.029342 0.026138 0.019730 0.020742
0.034570 0.029680 0.030017 0.030017 0.029342 0.026138 0.019730 0.020742 0.020405 0.018718
0.030017 0.030017 0.029342 0.026138 0.019730 0.020742 0.020405 0.018718 0.020236 0.022091
0.029342 0.026138 0.019730 0.020742 0.020405 0.018718 0.020236 0.022091 0.017201 0.019899
0.019730 0.020742 0.020405 0.018718 0.020236 0.022091 0.017201 0.019899 0.018044 0.018212
0.020405 0.018718 0.020236 0.022091 0.017201 0.019899 0.018044 0.018212 0.008938 0.016357
0.020236 0.022091 0.017201 0.019899 0.018044 0.018212 0.008938 0.016357 0.015514 0.019056
0.017201 0.019899 0.018044 0.018212 0.008938 0.016357 0.015514 0.019056 0.016526 0.015683
0.018044 0.018212 0.008938 0.016357 0.015514 0.019056 0.016526 0.015683 0.017369 0.015346
0.008938 0.016357 0.015514 0.019056 0.016526 0.015683 0.017369 0.015346 0.015852 0.013997
0.015514 0.019056 0.016526 0.015683 0.017369 0.015346 0.015852 0.013997 0.011467 0.008769
0.016526 0.015683 0.017369 0.015346 0.015852 0.013997 0.011467 0.008769 0.006408 0.004722
0.017369 0.015346 0.015852 0.013997 0.011467 0.008769 0.006408 0.004722 0.005902 0.005059
0.015852 0.013997 0.011467 0.008769 0.006408 0.004722 0.005902 0.005059 0.006914 0.004890
0.011467 0.008769 0.006408 0.004722 0.005902 0.005059 0.006914 0.004890 0.006577 0.007251
0.006408 0.004722 0.005902 0.005059 0.006914 0.004890 0.006577 0.007251 0.008938 0.010793
0.005902 0.005059 0.006914 0.004890 0.006577 0.007251 0.008938 0.010793 0.010455 0.011804
0.006914 0.004890 0.006577 0.007251 0.008938 0.010793 0.010455 0.011804 0.010961 0.030523
0.006577 0.007251 0.008938 0.010793 0.010455 0.011804 0.010961 0.030523 0.043845 0.041653
0.008938 0.010793 0.010455 0.011804 0.010961 0.030523 0.043845 0.041653 0.059528 0.071332
0.010455 0.011804 0.010961 0.030523 0.043845 0.041653 0.059528 0.071332 0.076897 0.075379
0.010961 0.030523 0.043845 0.041653 0.059528 0.071332 0.076897 0.075379 0.078921 0.072513
0.043845 0.041653 0.059528 0.071332 0.076897 0.075379 0.078921 0.072513 0.073524 0.076391
0.059528 0.071332 0.076897 0.075379 0.078921 0.072513 0.073524 0.076391 0.073862 0.077572
0.076897 0.075379 0.078921 0.072513 0.073524 0.076391 0.073862 0.077572 0.088027 0.092411
0.078921 0.072513 0.073524 0.076391 0.073862 0.077572 0.088027 0.092411 0.072007 0.075885
0.073524 0.076391 0.073862 0.077572 0.088027 0.092411 0.072007 0.075885 0.073187 0.074536
0.073862 0.077572 0.088027 0.092411 0.072007 0.075885 0.073187 0.074536 0.069814 0.066948
0.088027 0.092411 0.072007 0.075885 0.073187 0.074536 0.069814 0.066948 0.066442 0.071164
0.072007 0.075885 0.073187 0.074536 0.069814 0.066948 0.066442 0.071164 0.074536 0.072681
0.073187 0.074536 0.069814 0.066948 0.066442 0.071164 0.074536 0.072681 0.076223 0.072513
0.069814 0.066948 0.066442 0.071164 0.074536 0.072681 0.076223 0.072513 0.071164 0.060034
0.066442 0.071164 0.074536 0.072681 0.076223 0.072513 0.071164 0.060034 0.057841 0.060371
0.074536 0.072681 0.076223 0.072513 0.071164 0.060034 0.057841 0.060371 0.048735 0.051096
0.076223 0.072513 0.071164 0.060034 0.057841 0.060371 0.048735 0.051096 0.049916 0.046374
0.071164 0.060034 0.057841 0.060371 0.048735 0.051096 0.049916 0.046374 0.047555 0.044857
0.057841 0.060371 0.048735 0.051096 0.049916 0.046374 0.047555 0.044857 0.051433 0.048904
0.048735 0.051096 0.049916 0.046374 0.047555 0.044857 0.051433 0.048904 0.063575 0.069814
0.049916 0.046374 0.047555 0.044857 0.051433 0.048904 0.063575 0.069814 0.075717 0.072175
0.047555 0.044857 0.051433 0.048904 0.063575 0.069814 0.075717 0.072175 0.069309 0.066442
0.051433 0.048904 0.063575 0.069814 0.075717 0.072175 0.069309 0.066442 0.061383 0.065093
0.063575 0.069814 0.075717 0.072175 0.069309 0.066442 0.061383 0.065093 0.061383 0.064250
0.075717 0.072175 0.069309 0.066442 0.061383 0.065093 0.061383 0.064250 0.065936 0.067622
0.069309 0.066442 0.061383 0.065093 0.061383 0.064250 0.065936 0.067622 0.068634 0.078078
0.061383 0.065093 0.061383 0.064250 0.065936 0.067622 0.068634 0.078078 0.088364 0.089545
0.061383 0.064250 0.065936 0.067622 0.068634 0.078078 0.088364 0.089545 0.094941 0.100000
0.065936 0.067622 0.068634 0.078078 0.088364 0.089545 0.094941 0.100000 0.100675 0.103035
0.068634 0.078078 0.088364 0.089545 0.094941 0.100000 0.100675 0.103035 0.109949 0.102867
0.088364 0.089545 0.094941 0.100000 0.100675 0.103035 0.109949 0.102867 0.101012 0.100506
0.094941 0.100000 0.100675 0.103035 0.109949 0.102867 0.101012 0.100506 0.094435 0.047723
0.100675 0.103035 0.109949 0.102867 0.101012 0.100506 0.094435 0.047723 0.046206 0.035076
0.109949 0.102867 0.101012 0.100506 0.094435 0.047723 0.046206 0.035076 0.037099 0.034739
0.101012 0.100506 0.094435 0.047723 0.046206 0.035076 0.037099 0.034739 0.036594 0.038449
0.094435 0.047723 0.046206 0.035076 0.037099 0.034739 0.036594 0.038449 0.040304 0.036088
0.046206 0.035076 0.037099 0.034739 0.036594 0.038449 0.040304 0.036088 0.035919 0.029342
0.037099 0.034739 0.036594 0.038449 0.040304 0.036088 0.035919 0.029342 0.032209 0.035076
0.036594 0.038449 0.040304 0.036088 0.035919 0.029342 0.032209 0.035076 0.032715 0.036256
0.040304 0.036088 0.035919 0.029342 0.032209 0.035076 0.032715 0.036256 0.031366 0.033390
0.035919 0.029342 0.032209 0.035076 0.032715 0.036256 0.031366 0.033390 0.035413 0.044182
0.032209 0.035076 0.032715 0.036256 0.031366 0.033390 0.035413 0.044182 0.049747 0.048567
0.032715 0.036256 0.031366 0.033390 0.035413 0.044182 0.049747 0.048567 0.044519 0.046543
0.031366 0.033390 0.035413 0.044182 0.049747 0.048567 0.044519 0.046543 0.049241 0.049241
0.035413 0.044182 0.049747 0.048567 0.044519 0.046543 0.049241 0.049241 0.048904 0.048061
0.049747 0.048567 0.044519 0.046543 0.049241 0.049241 0.048904 0.048061 0.044519 0.047555
0.044519 0.046543 0.049241 0.049241 0.048904 0.048061 0.044519 0.047555 0.054132 0.058010
0.049241 0.049241 0.048904 0.048061 0.044519 0.047555 0.054132 0.058010 0.061551 0.070152
0.048904 0.048061 0.044519 0.047555 0.054132 0.058010 0.061551 0.070152 0.070658 0.070826
0.044519 0.047555 0.054132 0.058010 0.061551 0.070152 0.070658 0.070826 0.067454 0.060540
0.054132 0.058010 0.061551 0.070152 0.070658 0.070826 0.067454 0.060540 0.063238 0.060877
0.061551 0.070152 0.070658 0.070826 0.067454 0.060540 0.063238 0.060877 0.060202 0.060708
0.070658 0.070826 0.067454 0.060540 0.063238 0.060877 0.060202 0.060708 0.050084 0.043508
0.067454 0.060540 0.063238 0.060877 0.060202 0.060708 0.050084 0.043508 0.049578 0.047892
0.063238 0.060877 0.060202 0.060708 0.050084 0.043508 0.049578 0.047892 0.048229 0.051939
0.060202 0.060708 0.050084 0.043508 0.049578 0.047892 0.048229 0.051939 0.060371 0.063069
0.050084 0.043508 0.049578 0.047892 0.048229 0.051939 0.060371 0.063069 0.071501 0.064755
0.049578 0.047892 0.048229 0.051939 0.060371 0.063069 0.071501 0.064755 0.061720 0.057336
0.048229 0.051939 0.060371 0.063069 0.071501 0.064755 0.061720 0.057336 0.062732 0.074874
0.060371 0.063069 0.071501 0.064755 0.061720 0.057336 0.062732 0.074874 0.077909 0.072850
0.071501 0.064755 0.061720 0.057336 0.062732 0.074874 0.077909 0.072850 0.072007 0.067622
0.061720 0.057336 0.062732 0.074874 0.077909 0.072850 0.072007 0.067622 0.065430 0.065093
0.062732 0.074874 0.077909 0.072850 0.072007 0.067622 0.065430 0.065093 0.056661 0.054637
0.077909 0.072850 0.072007 0.067622 0.065430 0.065093 0.056661 0.054637 0.052782 0.106239
0.072007 0.067622 0.065430 0.065093 0.056661 0.054637 0.052782 0.106239 0.129342 0.122091
0.065430 0.065093 0.056661 0.054637 0.052782 0.106239 0.129342 0.122091 0.111467 0.111298
0.056661 0.054637 0.052782 0.106239 0.129342 0.122091 0.111467 0.111298 0.096121 0.099325
0.052782 0.106239 0.129342 0.122091 0.111467 0.111298 0.096121 0.099325 0.090725 0.095278
0.129342 0.122091 0.111467 0.111298 0.096121 0.099325 0.090725 0.095278 0.094098 0.099325
0.111467 0.111298 0.096121 0.099325 0.090725 0.095278 0.094098 0.099325 0.106408 0.103879
0.096121 0.099325 0.090725 0.095278 0.094098 0.099325 0.106408 0.103879 0.101855 0.099494
0.090725 0.095278 0.094098 0.099325 0.106408 0.103879 0.101855 0.099494 0.107083 0.113828
0.094098 0.099325 0.106408 0.103879 0.101855 0.099494 0.107083 0.113828 0.120067 0.132715
0.106408 0.103879 0.101855 0.099494 0.107083 0.113828 0.120067 0.132715 0.139292 0.141821
0.101855 0.099494 0.107083 0.113828 0.120067 0.132715 0.139292 0.141821 0.131703 0.131872
0.107083 0.113828 0.120067 0.132715 0.139292 0.141821 0.131703 0.131872 0.114334 0.110793
0.120067 0.132715 0.139292 0.141821 0.131703 0.131872 0.114334 0.110793 0.112985 0.107757
0.139292 0.141821 0.131703 0.131872 0.114334 0.110793 0.112985 0.107757 0.113997 0.119393
0.131703 0.131872 0.114334 0.110793 0.112985 0.107757 0.113997 0.119393 0.118044 0.119562
0.114334 0.110793 0.112985 0.107757 0.113997 0.119393 0.118044 0.119562 0.135582 0.128836
0.112985 0.107757 0.113997 0.119393 0.118044 0.119562 0.135582 0.128836 0.129005 0.144519
0.113997 0.119393 0.118044 0.119562 0.135582 0.128836 0.129005 0.144519 0.138617 0.179933
0.118044 0.119562 0.135582 0.128836 0.129005 0.144519 0.138617 0.179933 0.186678 0.188702
0.135582 0.128836 0.129005 0.144519 0.138617 0.179933 0.186678 0.188702 0.186172 0.176223
0.129005 0.144519 0.138617 0.179933 0.186678 0.188702 0.186172 0.176223 0.172850 0.172344
0.138617 0.179933 0.186678 0.188702 0.186172 0.176223 0.172850 0.172344 0.173693 0.168634
0.186678 0.188702 0.186172 0.176223 0.172850 0.172344 0.173693 0.168634 0.177066 0.176054
0.186172 0.176223 0.172850 0.172344 0.173693 0.168634 0.177066 0.176054 0.168297 0.173862
0.172850 0.172344 0.173693 0.168634 0.177066 0.176054 0.168297 0.173862 0.178415 0.171332
0.173693 0.168634 0.177066 0.176054 0.168297 0.173862 0.178415 0.171332 0.172681 0.174368
0.177066 0.176054 0.168297 0.173862 0.178415 0.171332 0.172681 0.174368 0.192243 0.179595
0.168297 0.173862 0.178415 0.171332 0.172681 0.174368 0.192243 0.179595 0.177909 0.169140
0.178415 0.171332 0.172681 0.174368 0.192243 0.179595 0.177909 0.169140 0.162732 0.156998
0.172681 0.174368 0.192243 0.179595 0.177909 0.169140 0.162732 0.156998 0.147386 0.140978
0.192243 0.179595 0.177909 0.169140 0.162732 0.156998 0.147386 0.140978 0.137437 0.173019
0.177909 0.169140 0.162732 0.156998 0.147386 0.140978 0.137437 0.173019 0.188364 0.195784
0.162732 0.156998 0.147386 0.140978 0.137437 0.173019 0.188364 0.195784 0.198988 0.221417
0.147386 0.140978 0.137437 0.173019 0.188364 0.195784 0.198988 0.221417 0.200843 0.187521
0.137437 0.173019 0.188364 0.195784 0.198988 0.221417 0.200843 0.187521 0.189376 0.217538
0.188364 0.195784 0.198988 0.221417 0.200843 0.187521 0.189376 0.217538 0.272681 0.295110
0.198988 0.221417 0.200843 0.187521 0.189376 0.217538 0.272681 0.295110 0.285666 0.327656
0.200843 0.187521 0.189376 0.217538 0.272681 0.295110 0.285666 0.327656 0.332884 0.330523
0.189376 0.217538 0.272681 0.295110 0.285666 0.327656 0.332884 0.330523 0.321248 0.317538
0.272681 0.295110 0.285666 0.327656 0.332884 0.330523 0.321248 0.317538 0.326644 0.305228
0.285666 0.327656 0.332884 0.330523 0.321248 0.317538 0.326644 0.305228 0.314503 0.306071
0.332884 0.330523 0.321248 0.317538 0.326644 0.305228 0.314503 0.306071 0.291906 0.301012
0.321248 0.317538 0.326644 0.305228 0.314503 0.306071 0.291906 0.301012 0.307420 0.320236
0.326644 0.305228 0.314503 0.306071 0.291906 0.301012 0.307420 0.320236 0.346880 0.344351
0.314503 0.306071 0.291906 0.301012 0.307420 0.320236 0.346880 0.344351 0.366779 0.351433
0.291906 0.301012 0.307420 0.320236 0.346880 0.344351 0.366779 0.351433 0.359865 0.362395
0.307420 0.320236 0.346880 0.344351 0.366779 0.351433 0.359865 0.362395 0.338954 0.380944
0.346880 0.344351 0.366779 0.351433 0.359865 0.362395 0.338954 0.380944 0.367454 0.363744
0.366779 0.351433 0.359865 0.362395 0.338954 0.380944 0.367454 0.363744 0.353626 0.292411
0.359865 0.362395 0.338954 0.380944 0.367454 0.363744 0.353626 0.292411 0.315683 0.289882
0.338954 0.380944 0.367454 0.363744 0.353626 0.292411 0.315683 0.289882 0.287015 0.301855
0.367454 0.363744 0.353626 0.292411 0.315683 0.289882 0.287015 0.301855 0.237099 0.243508
0.353626 0.292411 0.315683 0.289882 0.287015 0.301855 0.237099 0.243508 0.252951 0.236594
0.315683 0.289882 0.287015 0.301855 0.237099 0.243508 0.252951 0.236594 0.228162 0.240135
0.287015 0.301855 0.237099 0.243508 0.252951 0.236594 0.228162 0.240135 0.246712 0.237605
0.237099 0.243508 0.252951 0.236594 0.228162 0.240135 0.246712 0.237605 0.236088 0.261720
0.252951 0.236594 0.228162 0.240135 0.246712 0.237605 0.236088 0.261720 0.259359 0.252782
0.228162 0.240135 0.246712 0.237605 0.236088 0.261720 0.259359 0.252782 0.248735 0.245700
0.246712 0.237605 0.236088 0.261720 0.259359 0.252782 0.248735 0.245700 0.300675 0.295616
0.236088 0.261720 0.259359 0.252782 0.248735 0.245700 0.300675 0.295616 0.295616 0.301855
0.259359 0.252782 0.248735 0.245700 0.300675 0.295616 0.295616 0.301855 0.290219 0.277572
0.248735 0.245700 0.300675 0.295616 0.295616 0.301855 0.290219 0.277572 0.265430 0.274199
0.300675 0.295616 0.295616 0.301855 0.290219 0.277572 0.265430 0.274199 0.252782 0.274874
0.295616 0.301855 0.290219 0.277572 0.265430 0.274199 0.252782 0.274874 0.274705 0.278921
0.290219 0.277572 0.265430 0.274199 0.252782 0.274874 0.274705 0.278921 0.280944 0.287184
0.265430 0.274199 0.252782 0.274874 0.274705 0.278921 0.280944 0.287184 0.292074 0.300843
0.252782 0.274874 0.274705 0.278921 0.280944 0.287184 0.292074 0.300843 0.311130 0.318044
0.274705 0.278921 0.280944 0.287184 0.292074 0.300843 0.311130 0.318044 0.316020 0.326813
0.280944 0.287184 0.292074 0.300843 0.311130 0.318044 0.316020 0.326813 0.316020 0.316358
0.292074 0.300843 0.311130 0.318044 0.316020 0.326813 0.316020 0.316358 0.313153 0.313997
0.311130 0.318044 0.316020 0.326813 0.316020 0.316358 0.313153 0.313997 0.330860 0.317875
0.316020 0.326813 0.316020 0.316358 0.313153 0.313997 0.330860 0.317875 0.327319 0.329005
0.316020 0.316358 0.313153 0.313997 0.330860 0.317875 0.327319 0.329005 0.330860 0.337774
0.313153 0.313997 0.330860 0.317875 0.327319 0.329005 0.330860 0.337774 0.343170 0.348904
0.330860 0.317875 0.327319 0.329005 0.330860 0.337774 0.343170 0.348904 0.381788 0.402530
0.327319 0.329005 0.330860 0.337774 0.343170 0.348904 0.381788 0.402530 0.434907 0.439966
0.330860 0.337774 0.343170 0.348904 0.381788 0.402530 0.434907 0.439966 0.433221 0.458685
0.343170 0.348904 0.381788 0.402530 0.434907 0.439966 0.433221 0.458685 0.462226 0.497133
0.381788 0.402530 0.434907 0.439966 0.433221 0.458685 0.462226 0.497133 0.506914 0.552277
0.434907 0.439966 0.433221 0.458685 0.462226 0.497133 0.506914 0.552277 0.536088 0.539460
0.433221 0.458685 0.462226 0.497133 0.506914 0.552277 0.536088 0.539460 0.521754 0.541653
0.462226 0.497133 0.506914 0.552277 0.536088 0.539460 0.521754 0.541653 0.526644 0.537437
0.506914 0.552277 0.536088 0.539460 0.521754 0.541653 0.526644 0.537437 0.508600 0.519899
0.536088 0.539460 0.521754 0.541653 0.526644 0.537437 0.508600 0.519899 0.500675 0.519056
0.521754 0.541653 0.526644 0.537437 0.508600 0.519899 0.500675 0.519056 0.500169 0.522260
0.526644 0.537437 0.508600 0.519899 0.500675 0.519056 0.500169 0.522260 0.503879 0.523609
0.508600 0.519899 0.500675 0.519056 0.500169 0.522260 0.503879 0.523609 0.550422 0.508094
0.500675 0.519056 0.500169 0.522260 0.503879 0.523609 0.550422 0.508094 0.501518 0.503541
0.500169 0.522260 0.503879 0.523609 0.550422 0.508094 0.501518 0.503541 0.526981 0.513997
0.503879 0.523609 0.550422 0.508094 0.501518 0.503541 0.526981 0.513997 0.510118 0.517707
0.550422 0.508094 0.501518 0.503541 0.526981 0.513997 0.510118 0.517707 0.494604 0.496290
0.501518 0.503541 0.526981 0.513997 0.510118 0.517707 0.494604 0.496290 0.495953 0.494098
0.526981 0.513997 0.510118 0.517707 0.494604 0.496290 0.495953 0.494098 0.474874 0.509444
0.510118 0.517707 0.494604 0.496290 0.495953 0.494098 0.474874 0.509444 0.487858 0.339123
0.494604 0.496290 0.495953 0.494098 0.474874 0.509444 0.487858 0.339123 0.292917 0.301180
0.495953 0.494098 0.474874 0.509444 0.487858 0.339123 0.292917 0.301180 0.301855 0.317201
0.474874 0.509444 0.487858 0.339123 0.292917 0.301180 0.301855 0.317201 0.302698 0.319899
0.487858 0.339123 0.292917 0.301180 0.301855 0.317201 0.302698 0.319899 0.314671 0.300675
0.292917 0.301180 0.301855 0.317201 0.302698 0.319899 0.314671 0.300675 0.302698 0.303541
0.301855 0.317201 0.302698 0.319899 0.314671 0.300675 0.302698 0.303541 0.316863 0.323440
0.302698 0.319899 0.314671 0.300675 0.302698 0.303541 0.316863 0.323440 0.309781 0.317369
0.314671 0.300675 0.302698 0.303541 0.316863 0.323440 0.309781 0.317369 0.315683 0.313491
0.302698 0.303541 0.316863 0.323440 0.309781 0.317369 0.315683 0.313491 0.331872 0.333895
0.316863 0.323440 0.309781 0.317369 0.315683 0.313491 0.331872 0.333895 0.335076 0.341821
0.309781 0.317369 0.315683 0.313491 0.331872 0.333895 0.335076 0.341821 0.368971 0.362226
0.315683 0.313491 0.331872 0.333895 0.335076 0.341821 0.368971 0.362226 0.359865 0.364755
0.331872 0.333895 0.335076 0.341821 0.368971 0.362226 0.359865 0.364755 0.356998 0.351265
0.335076 0.341821 0.368971 0.362226 0.359865 0.364755 0.356998 0.351265 0.315683 0.283305
0.368971 0.362226 0.359865 0.364755 0.356998 0.351265 0.315683 0.283305 0.277909 0.278752
0.359865 0.364755 0.356998 0.351265 0.315683 0.283305 0.277909 0.278752 0.284654 0.265430
0.356998 0.351265 0.315683 0.283305 0.277909 0.278752 0.284654 0.265430 0.276223 0.271669
0.315683 0.283305 0.277909 0.278752 0.284654 0.265430 0.276223 0.271669 0.250422 0.256492
0.277909 0.278752 0.284654 0.265430 0.276223 0.271669 0.250422 0.256492 0.261551 0.267116
0.284654 0.265430 0.276223 0.271669 0.250422 0.256492 0.261551 0.267116 0.244351 0.246037
0.276223 0.271669 0.250422 0.256492 0.261551 0.267116 0.244351 0.246037 0.254637 0.252951
0.250422 0.256492 0.261551 0.267116 0.244351 0.246037 0.254637 0.252951 0.259865 0.243676
0.261551 0.267116 0.244351 0.246037 0.254637 0.252951 0.259865 0.243676 0.241147 0.239123
0.244351 0.246037 0.254637 0.252951 0.259865 0.243676 0.241147 0.239123 0.252951 0.239798
0.254637 0.252951 0.259865 0.243676 0.241147 0.239123 0.252951 0.239798 0.242496 0.243508
0.259865 0.243676 0.241147 0.239123 0.252951 0.239798 0.242496 0.243508 0.257336 0.215514
0.241147 0.239123 0.252951 0.239798 0.242496 0.243508 0.257336 0.215514 0.219056 0.235750
0.252951 0.239798 0.242496 0.243508 0.257336 0.215514 0.219056 0.235750 0.246206 0.267454
0.242496 0.243508 0.257336 0.215514 0.219056 0.235750 0.246206 0.267454 0.262057 0.257673
0.257336 0.215514 0.219056 0.235750 0.246206 0.267454 0.262057 0.257673 0.249916 0.255818
0.219056 0.235750 0.246206 0.267454 0.262057 0.257673 0.249916 0.255818 0.248904 0.228162
0.246206 0.267454 0.262057 0.257673 0.249916 0.255818 0.248904 0.228162 0.300000 0.309444
0.262057 0.257673 0.249916 0.255818 0.248904 0.228162 0.300000 0.309444 0.309949 0.334739
0.249916 0.255818 0.248904 0.228162 0.300000 0.309444 0.309949 0.334739 0.349747 0.347555
0.248904 0.228162 0.300000 0.309444 0.309949 0.334739 0.349747 0.347555 0.342159 0.337437
0.300000 0.309444 0.309949 0.334739 0.349747 0.347555 0.342159 0.337437 0.344182 0.353794
0.309949 0.334739 0.349747 0.347555 0.342159 0.337437 0.344182 0.353794 0.340135 0.338449
0.349747 0.347555 0.342159 0.337437 0.344182 0.353794 0.340135 0.338449 0.303541 0.311636
0.342159 0.337437 0.344182 0.353794 0.340135 0.338449 0.303541 0.311636 0.318718 0.322766
0.344182 0.353794 0.340135 0.338449 0.303541 0.311636 0.318718 0.322766 0.331535 0.303035
0.340135 0.338449 0.303541 0.311636 0.318718 0.322766 0.331535 0.303035 0.287521 0.296796
0.303541 0.311636 0.318718 0.322766 0.331535 0.303035 0.287521 0.296796 0.288533 0.317201
0.318718 0.322766 0.331535 0.303035 0.287521 0.296796 0.288533 0.317201 0.313659 0.315683
0.331535 0.303035 0.287521 0.296796 0.288533 0.317201 0.313659 0.315683 0.291568 0.294098
0.287521 0.296796 0.288533 0.317201 0.313659 0.315683 0.291568 0.294098 0.331366 0.312816
0.288533 0.317201 0.313659 0.315683 0.291568 0.294098 0.331366 0.312816 0.319562 0.317369
0.313659 0.315683 0.291568 0.294098 0.331366 0.312816 0.319562 0.317369 0.327487 0.344688
0.291568 0.294098 0.331366 0.312816 0.319562 0.317369 0.327487 0.344688 0.375042 0.368971
0.331366 0.312816 0.319562 0.317369 0.327487 0.344688 0.375042 0.368971 0.368634 0.327487
0.319562 0.317369 0.327487 0.344688 0.375042 0.368971 0.368634 0.327487 0.332715 0.319056
0.327487 0.344688 0.375042 0.368971 0.368634 0.327487 0.332715 0.319056 0.257673 0.224283
0.375042 0.368971 0.368634 0.327487 0.332715 0.319056 0.257673 0.224283 0.209781 0.247049
0.368634 0.327487 0.332715 0.319056 0.257673 0.224283 0.209781 0.247049 0.247386 0.243170
0.332715 0.319056 0.257673 0.224283 0.209781 0.247049 0.247386 0.243170 0.248398 0.249578
